target   ROC_AUC   PR_AUC     best_accuracy_threshold  best_accuracy  best_MCC_threshold  best_MCC   input_file_pairs_count
1a32     0.602348  0.952302   0.26                     0.935524       0.12                0.318406   120
1acf     0.607613  0.422389   0.52                     0.66834        0.26                0.142733   120
1b3aA    0.460405  0.390032   0.62                     0.872727       0.58                0.219709   120
1bk2     0.663909  0.299581   0.58                     0.77193        0.3                 0.220642   120
1bkrA    0.418913  0.17331    0.76                     0.842593       0.04                0.0401691  120
1bm8     0.628783  0.545236   0.44                     0.676074       0.5                 0.253529   120
1bq9A    0.606741  0.643564   0.24                     0.630861       0.2                 0.227725   120
1cc8A    0.68108   0.700052   0.34                     0.637616       0.34                0.271998   120
1enh     0.719314  0.918777   0.18                     0.827423       0.3                 0.317022   120
1ew4A    0.53562   0.370374   0.66                     0.636881       0.76                0.115097   120
1fkb     0.431383  0.0621139  0.7                      0.925234       0.02                0.0145396  120
1fna     0.539482  0.373844   0.36                     0.636709       0.34                0.110209   120
1hz6A
1ig5A    0.652387  0.840323   0.26                     0.747234       0.44                0.214147   120
1iibA    0.77499   0.908833   0.02                     0.820388       0.26                0.402407   120
1lis
1louA    0.593493  0.396715   0.78                     0.826087       0.56                0.25156    120
1npsA    0.762332  0.281499   0.72                     0.909091       0.42                0.322949   120
1opd     0.663301  0.425001   0.82                     0.694118       0.3                 0.237298   120
1pgx
1r69     0.777121  0.971949   0.26                     0.884474       0.46                0.275541   120
1ten     0.567212  0.309661   0.48                     0.910112       0.48                0.426156   120
1tif     0.766358  0.799353   0.22                     0.724153       0.22                0.433437   120
1tig     0.720402  0.570868   0.52                     0.676184       0.3                 0.3252     120
1ubi     0.565199  0.903313   0.2                      0.846295       0.1                 0.397621   120
1vcc     0.540886  0.196123   0.62                     0.896104       0.18                0.0973017  120
256bA    0.840558  0.985915   0.24                     0.919594       0.12                0.365195   120
2acy     0.754206  0.317307   0.66                     0.943878       0.44                0.281706   120
2chf     0.641003  0.78879    0.24                     0.681939       0.52                0.187252   120
entries  0.721782  0.699239   0.38                     0.672831       0.38                0.340881   3120
target
