target ROC_AUC PR_AUC best_accuracy_threshold best_accuracy best_MCC_threshold best_MCC input_file_pairs_count
1a32_rosetta2
1aa2_rosetta
1acf_rosetta          0.614152  0.145523   0.58  0.874894  0.2   0.118244    1999
1ail_rosetta2
1am3_rosetta2         0.560763  0.703924   0.78  0.719298  0.28  0.0911371   1898
1beo_lattice_ssfit    0.750907  0.0926775  0.46  0.97449   0.46  0.275929    2000
1cei_rosetta2
1col-a_hg_structural  0.754586  0.311505   0.56  0.827411  0.22  0.309356    29
1crn_wang             0.77139   0.802516   0.12  0.713401  0.12  0.431139    200
1csp_rosetta2         0.428855  0.144742   0.6   0.890625  0.02  0.0105413   1809
1dol_rosetta2         0.578256  0.277365   0.68  0.983871  0.34  0.150184    1871
1gvp_rosetta
1hoe_wang             0.723735  0.501121   0.1   0.692922  0.06  0.344887    300
1hyp_rosetta2
1igd_lmds             0.638988  0.514485   0.36  0.792304  0.3   0.369379    500
1kte_rosetta
1lhm_wang             0.655705  0.404895   0.2   0.636657  0.16  0.279552    200
1lz1_rosetta          0.723555  0.144223   0.62  0.952978  0.38  0.189988    999
1msi_rosetta2         0.790333  0.452668   0.62  0.906354  0.58  0.408055    1894
1orc_rosetta2         0.466559  0.449585   0.7   0.607143  0.06  0.083179    1883
1pgb_lattice_ssfit    0.513208  0.0214608  0.32  1         0.04  0.00686908  2000
1pgx_rosetta2         0.688885  0.576806   0.74  0.652632  0.22  0.296746    1851
1r69_4state_reduced   0.749096  0.619037   0.24  0.714371  0.2   0.368785    675
1r69_rosetta2         0.714051  0.746942   0.36  0.672472  0.4   0.326324    1733
1shf-a_lmds           0.631888  0.0929676  0.34  0.983051  0.2   0.0978925   437
1tuc_rosetta2
1tul_rosetta
1ubq_wang             0.756128  0.815341   0.16  0.70967   0.12  0.484732    300
1utg_Lee
1utg_rosetta2
1vcc_rosetta2         0.552636  0.116867   0.64  0.935065  0.14  0.09526     1857
1who_rosetta
2cro_4state_reduced   0.759596  0.638781   0.24  0.725885  0.22  0.387792    674
2cro_lmds             0.589009  0.186519   0.66  0.907692  0.64  0.371487    500
2ovo_lmds             0.425627  0.103783   0.58  0.859286  0     0           347
2ovo_wang             0.652366  0.633965   0.1   0.738389  0.12  0.465151    300
2rhe_wang             0.628164  0.422199   0.18  0.655366  0.36  0.18958     200
4pti_4state_reduced   0.703469  0.476927   0.3   0.776765  0.34  0.303194    687
4pti_lmds             0.501639  0.0955262  0.74  0.931034  0.52  0.0722555   343
4pti_wang             0.757582  0.737286   0.1   0.766048  0.08  0.540922    300
entries               0.688734  0.451651   0.38  0.714957  0.34  0.25469     27786
