target   ROC_AUC   PR_AUC    best_accuracy_threshold  best_accuracy  best_MCC_threshold  best_MCC   input_file_pairs_count
entries  0.76188   0.771812  0.26                     0.697543       0.28                0.39625    10240
T0644    0.737763  0.853356  0.18                     0.724259       0.22                0.348133   141
T0645    0.770429  0.878793  0.18                     0.732175       0.32                0.37062    146
T0649    0.630693  0.332983  0.6                      0.782609       0.18                0.157102   137
T0650    0.861619  0.969273  0.22                     0.865759       0.42                0.453577   199
T0653    0.773864  0.728409  0.34                     0.713614       0.34                0.422608   140
T0654    0.644529  0.829205  0.14                     0.739464       0.14                0.209948   207
T0661    0.707689  0.870917  0.14                     0.770244       0.24                0.303152   205
T0664    0.79058   0.896224  0.16                     0.764475       0.22                0.410026   168
T0667    0.646216  0.798062  0.08                     0.679735       0.44                0.210586   203
T0671    0.740541  0.684178  0.38                     0.726326       0.36                0.40001    151
T0672    0.808521  0.870101  0.28                     0.734784       0.34                0.457155   198
T0674    0.806889  0.76132   0.28                     0.745053       0.28                0.484072   148
T0676    0.568779  0.37999   0.78                     0.716763       0.78                0.167268   202
T0678    0.574643  0.507671  0.36                     0.570612       0.36                0.12777    153
T0681    0.758174  0.805011  0.18                     0.718569       0.18                0.40128    156
T0683    0.701271  0.783238  0.2                      0.681689       0.3                 0.28213    214
T0684    0.575966  0.301905  0.48                     0.725209       0.14                0.0918364  225
T0686    0.705171  0.781715  0.16                     0.672283       0.14                0.284111   200
T0687    0.722435  0.869416  0.18                     0.741176       0.4                 0.313166   223
T0689    0.773181  0.899683  0.14                     0.797349       0.18                0.447019   162
T0690    0.75948   0.709862  0.4                      0.713557       0.38                0.406267   184
T0704    0.703451  0.848541  0.18                     0.740404       0.28                0.270349   211
T0705    0.582396  0.222196  0.52                     0.812603       0.2                 0.0981775  142
T0712    0.748357  0.900216  0.1                      0.736629       0.32                0.353629   153
T0713    0.78154   0.705154  0.34                     0.740458       0.32                0.44542    212
T0717    0.713438  0.500771  0.32                     0.701912       0.18                0.301804   148
T0726    0.739813  0.63295   0.38                     0.718369       0.34                0.341821   196
T0732    0.729724  0.588083  0.4                      0.720801       0.38                0.328565   190
T0734    0.614482  0.304556  0.54                     0.721423       0.22                0.147089   208
T0735    0.637564  0.278064  0.36                     0.804636       0.3                 0.177442   155
T0742    0.611678  0.277916  0.3                      0.763479       0.16                0.140374   165
T0744    0.69725   0.616756  0.32                     0.675846       0.32                0.303316   224
T0746    0.708544  0.670813  0.28                     0.692228       0.28                0.351633   206
T0749    0.823415  0.941877  0.18                     0.820587       0.32                0.449774   220
T0750    0.745243  0.861995  0.18                     0.726971       0.32                0.348888   230
T0753    0.73663   0.856798  0.16                     0.769523       0.16                0.42316    168
T0755    0.729963  0.707173  0.16                     0.671284       0.14                0.357681   136
T0759    0.765327  0.819811  0.14                     0.742827       0.14                0.423753   168
T0760    0.695646  0.861779  0.14                     0.761366       0.3                 0.261666   88
T0762    0.733649  0.936323  0.14                     0.86071        0.28                0.28847    88
T0763    0.50565   0.193321  0.54                     0.798462       0.08                0.0329739  174
T0766    0.772112  0.966677  0.2                      0.901272       0.3                 0.259979   102
T0767    0.670571  0.38434   0.8                      0.755474       0.26                0.226949   171
T0774    0.66953   0.523875  0.32                     0.692921       0.3                 0.264101   174
T0781    0.633761  0.271897  0.48                     0.811812       0.28                0.151629   164
T0782    0.686288  0.648926  0.22                     0.636192       0.22                0.279658   107
T0784    0.817211  0.958626  0.06                     0.86099        0.18                0.423546   103
T0789    0.609544  0.418058  0.38                     0.679554       0.18                0.140227   190
T0790    0.613007  0.4378    0.34                     0.671219       0.34                0.156999   175
T0800    0.642801  0.51575   0.46                     0.663462       0.42                0.214996   98
T0807    0.826399  0.955666  0.16                     0.86313        0.24                0.421657   158
T0808    0.651026  0.398219  0.42                     0.809367       0.46                0.283603   98
T0817    0.703059  0.900663  0.14                     0.813824       0.22                0.257753   173
T0818    0.649132  0.493461  0.46                     0.680043       0.38                0.219956   183
T0821    0.791883  0.950117  0.18                     0.878749       0.1                 0.43823    177
T0831    0.64568   0.590701  0.36                     0.606844       0.14                0.20182    176
T0832    0.551233  0.295059  0.78                     0.704545       0.24                0.0757986  177
T0833    0.716142  0.833744  0.1                      0.738889       0.14                0.332495   106
T0845    0.721001  0.691045  0.28                     0.67504        0.28                0.338232   97
T0847    0.759491  0.902128  0.1                      0.779785       0.24                0.334741   172
T0848    0.754664  0.621728  0.32                     0.72008        0.24                0.366809   98
T0854    0.761481  0.922177  0.14                     0.824519       0.3                 0.334912   97
