target   ROC_AUC   PR_AUC     best_accuracy_threshold  best_accuracy  best_MCC_threshold  best_MCC    input_file_pairs_count
1a32     0.547639  0.939087   0.12                     0.969822       0.12                0.232112    120
1acf     0.529248  0.375495   0.52                     0.646351       0.68                0.13199     120
1b3aA    0.298224  0.251518   0.44                     0.618182       0.54                0.0753954   120
1bk2     0.695001  0.368177   0.6                      0.788124       0.62                0.286294    120
1bkrA    0.426352  0.177805   0.72                     0.87037        0.04                0.0379136   120
1bm8     0.592788  0.470354   0.4                      0.64007        0.58                0.173934    120
1bq9A    0.566789  0.64944    0.2                      0.578527       0.46                0.109276    120
1cc8A    0.622106  0.640786   0.68                     0.763889       0.68                0.336219    120
1enh     0.691733  0.913657   0.12                     0.820853       0.3                 0.233621    120
1ew4A    0.559054  0.371002   0.68                     0.773585       0.18                0.146447    120
1fkb     0.446596  0.0695263  0.68                     0.897196       0.5                 0.00691097  120
1fna     0.531285  0.371881   0.44                     0.638878       0.46                0.110253    120
1hz6A
1ig5A    0.64408   0.846103   0.04                     0.875556       0.32                0.204412    120
1iibA    0.692772  0.871456   0.08                     0.789598       0.22                0.264796    120
1lis
1louA    0.37155   0.209011   0.56                     0.722625       0.06                0.0475687   120
1npsA    0.596203  0.157368   0.74                     0.909091       0.66                0.105597    120
1opd     0.641712  0.414937   0.46                     0.656261       0.3                 0.212046    120
1pgx
1r69     0.609566  0.935136   0.16                     0.882706       0.16                0.179799    120
1ten     0.551661  0.27203    0.52                     0.853933       0.46                0.11916     120
1tif     0.733023  0.724191   0.22                     0.708333       0.2                 0.40164     120
1tig     0.718206  0.568224   0.36                     0.677936       0.3                 0.318909    120
1ubi     0.499861  0.876531   0.22                     0.846101       0.12                0.253178    120
1vcc     0.54774   0.221083   0.54                     0.76584        0.64                0.120681    120
256bA    0.779728  0.976654   0.2                      0.91149        0.18                0.254079    120
2acy     0.645217  0.180277   0.56                     0.897959       0.2                 0.143084    120
2chf     0.590719  0.724579   0.18                     0.668167       0.42                0.141462    120
entries  0.635821  0.571359   0.34                     0.604182       0.28                0.211967    3120
target
