target   ROC_AUC   PR_AUC     best_accuracy_threshold  best_accuracy  best_MCC_threshold  best_MCC   input_file_pairs_count
entries  0.823152  0.765516   0.32                     0.749358       0.28                0.48629    24430
T0388    0.867562  0.943889   0.18                     0.848354       0.18                0.562423   88
T0391    0.795353  0.734768   0.28                     0.736499       0.26                0.470408   184
T0392    0.848863  0.907912   0.14                     0.791352       0.18                0.528965   153
T0394    0.768315  0.619389   0.26                     0.716483       0.2                 0.385578   140
T0395    0.775329  0.424108   0.42                     0.840971       0.3                 0.328782   145
T0399    0.861387  0.707436   0.3                      0.846161       0.3                 0.547225   82
T0400    0.825543  0.866779   0.26                     0.764047       0.26                0.496202   202
T0406    0.806823  0.809208   0.42                     0.721362       0.48                0.449639   187
T0410    0.892848  0.9695     0.22                     0.860128       0.26                0.551652   219
T0411    0.782122  0.841849   0.3                      0.713248       0.32                0.442593   117
T0412    0.828807  0.904667   0.26                     0.766229       0.3                 0.503505   188
T0413    0.802972  0.420282   0.52                     0.883633       0.4                 0.351659   168
T0416    0.898551  0.880455   0.28                     0.815683       0.26                0.636151   176
T0418    0.787225  0.902767   0.22                     0.799982       0.24                0.430647   258
T0425    0.721684  0.741354   0.22                     0.657517       0.16                0.325135   190
T0426    0.852099  0.986472   0.04                     0.936562       0.16                0.439209   97
T0427    0.778992  0.745913   0.34                     0.704555       0.3                 0.412247   121
T0430    0.641107  0.10742    0.74                     0.934144       0.18                0.128991   98
T0432    0.857443  0.929446   0.18                     0.836105       0.2                 0.594855   112
T0435    0.695644  0.770789   0.16                     0.644196       0.28                0.334012   211
T0438    0.850439  0.924224   0.2                      0.81137        0.24                0.525893   182
T0440    0.886269  0.849474   0.26                     0.812695       0.26                0.627151   170
T0442    0.882614  0.955414   0.12                     0.861999       0.12                0.630345   172
T0445    0.791378  0.876407   0.22                     0.769172       0.22                0.440915   130
T0449    0.792983  0.57669    0.4                      0.755095       0.28                0.407164   150
T0450    0.868897  0.944637   0.18                     0.825232       0.2                 0.535874   184
T0456    0.781618  0.924864   0.16                     0.783812       0.26                0.364115   207
T0463    0.851753  0.844705   0.36                     0.762256       0.36                0.524898   183
T0477    0.863872  0.922812   0.24                     0.795411       0.24                0.529608   158
T0483    0.810106  0.887337   0.16                     0.748482       0.26                0.441516   167
T0485    0.844705  0.779009   0.34                     0.775008       0.3                 0.548904   84
T0488    0.856843  0.973383   0.1                      0.86724        0.24                0.432811   101
T0489    0.782101  0.355976   0.46                     0.883969       0.42                0.309215   159
T0493    0.82295   0.857616   0.28                     0.759928       0.28                0.514184   200
T0494    0.869517  0.892253   0.24                     0.798181       0.22                0.584207   161
T0496    0.759586  0.392401   0.44                     0.840762       0.38                0.319949   178
T0504    0.668383  0.214161   0.64                     0.913462       0.18                0.183698   142
T0508    0.792567  0.91287    0.2                      0.792282       0.28                0.423501   211
T0510    0.781665  0.278114   0.42                     0.89101        0.3                 0.291497   149
T0512    0.727236  0.435694   0.66                     0.79052        0.28                0.303854   149
T0514    0.627132  0.172186   0.7                      0.930556       0.5                 0.149062   165
T0518    0.898339  0.880602   0.22                     0.811467       0.18                0.640238   131
T0524    0.690926  0.548512   0.36                     0.651328       0.16                0.274124   205
T0525    0.713741  0.545739   0.48                     0.683038       0.28                0.280044   209
T0526    0.718789  0.647444   0.24                     0.640424       0.16                0.346397   159
T0527    0.737984  0.762803   0.26                     0.699819       0.26                0.390627   216
T0528    0.809706  0.829971   0.26                     0.736542       0.24                0.471486   145
T0529    0.820612  0.138345   0.5                      0.934404       0.3                 0.220657   176
T0532    0.838214  0.818661   0.3                      0.757159       0.3                 0.506273   149
T0534    0.69179   0.070558   0.52                     0.934537       0.2                 0.110548   122
T0537    0.740296  0.0665402  0.68                     0.982301       0.26                0.145303   141
T0540    0.654114  0.326853   0.58                     0.749206       0.22                0.235878   231
T0543    0.860172  0.672018   0.3                      0.788637       0.2                 0.519947   177
T0558    0.702456  0.306326   0.44                     0.76691        0.18                0.263814   181
T0561    0.648688  0.158155   0.58                     0.826851       0.18                0.151748   134
T0566    0.779262  0.740913   0.4                      0.737255       0.36                0.464436   209
T0567    0.760626  0.891623   0.12                     0.755869       0.14                0.341786   253
T0568    0.591175  0.125848   0.54                     0.914634       0.54                0.25771    141
T0570    0.820505  0.864734   0.28                     0.769049       0.3                 0.497173   160
T0571    0.695264  0.140548   0.38                     0.939524       0.34                0.23389    147
T0573    0.801114  0.873951   0.24                     0.728392       0.38                0.44048    238
T0575    0.782962  0.794074   0.28                     0.730726       0.28                0.458641   146
T0580    0.764648  0.821737   0.26                     0.730769       0.3                 0.414678   184
T0581    0.77034   0.464474   0.72                     0.857143       0.28                0.345017   240
T0582    0.804641  0.687521   0.26                     0.739334       0.18                0.433838   226
T0588    0.818595  0.484529   0.44                     0.804852       0.36                0.42892    156
T0593    0.75471   0.694593   0.44                     0.684676       0.24                0.355086   224
T0594    0.837283  0.879111   0.22                     0.788916       0.22                0.536466   240
T0597    0.848626  0.926199   0.16                     0.821612       0.2                 0.531645   200
T0604    0.921808  0.75202    0.4                      0.899627       0.34                0.616009   215
T0606    0.829978  0.696159   0.32                     0.769231       0.22                0.50616    244
T0609    0.681757  0.55345    0.4                      0.646943       0.24                0.248337   171
T0619    0.68144   0.764119   0.24                     0.652647       0.36                0.246985   259
T0620    0.869748  0.909048   0.24                     0.815118       0.24                0.592923   230
T0621    0.622347  0.0350816  0.72                     1              0.1                 0.0790917  229
T0624    0.566408  0.178476   0.38                     0.755636       0.12                0.0849073  249
T0634    0.824939  0.950147   0.12                     0.808524       0.4                 0.412347   245
T0638    0.861055  0.90462    0.18                     0.784056       0.18                0.55214    211
T0641    0.84042   0.918827   0.24                     0.809297       0.22                0.50692    240
T0643    0.718179  0.570943   0.38                     0.675868       0.32                0.366712   219
T0644    0.793187  0.822424   0.2                      0.730999       0.2                 0.462449   141
T0645    0.807524  0.845083   0.3                      0.723964       0.36                0.461485   146
T0649    0.762932  0.183869   0.54                     0.928261       0.36                0.218885   137
T0650    0.870973  0.959646   0.28                     0.836276       0.44                0.512704   199
T0653    0.856128  0.636936   0.52                     0.82914        0.42                0.485243   140
T0654    0.644974  0.676863   0.2                      0.599316       0.14                0.223305   207
T0661    0.730868  0.823132   0.24                     0.703736       0.26                0.32425    205
T0664    0.826508  0.868476   0.2                      0.760805       0.2                 0.494494   168
T0667    0.665514  0.706534   0.4                      0.629357       0.48                0.287631   203
T0671    0.819995  0.604358   0.46                     0.84761        0.38                0.478958   151
T0672    0.881624  0.864173   0.4                      0.79683        0.36                0.588381   198
T0674    0.879728  0.73076    0.32                     0.813491       0.28                0.579746   148
T0676    0.571236  0.183736   0.8                      0.907514       0.72                0.260939   202
T0678    0.603153  0.275803   0.8                      0.711851       0.38                0.156368   153
T0681    0.798873  0.750312   0.26                     0.734116       0.26                0.470509   156
T0683    0.727793  0.702982   0.36                     0.665894       0.38                0.334192   214
T0684    0.587812  0.0729446  0.52                     0.903496       0.2                 0.066038   225
T0686    0.74121   0.676794   0.5                      0.703366       0.5                 0.365428   200
T0687    0.767011  0.813027   0.36                     0.71926        0.38                0.422659   223
T0689    0.777682  0.860641   0.16                     0.786496       0.18                0.504392   162
T0690    0.820841  0.58996    0.5                      0.828432       0.44                0.46662    184
T0704    0.741406  0.785998   0.3                      0.683306       0.32                0.344415   211
T0705    0.68763   0.0455377  0.52                     0.960744       0.18                0.0991891  142
T0712    0.790084  0.893088   0.16                     0.718626       0.3                 0.427904   153
T0713    0.888591  0.642952   0.48                     0.8522         0.38                0.521447   212
T0717    0.787924  0.326501   0.4                      0.816877       0.18                0.328748   148
T0726    0.829667  0.555312   0.52                     0.866731       0.44                0.429908   196
T0732    0.844061  0.476608   0.52                     0.866429       0.4                 0.4133     190
T0734    0.765022  0.13441    0.62                     0.892307       0.38                0.19467    208
T0735    0.824353  0.128218   0.74                     0.968847       0.3                 0.24198    155
T0742    0.735287  0.169049   0.32                     0.888312       0.14                0.197195   165
T0744    0.761667  0.487747   0.42                     0.800669       0.32                0.365006   224
T0746    0.782161  0.575249   0.38                     0.823106       0.32                0.43264    206
T0749    0.84438   0.93912    0.24                     0.802251       0.32                0.493019   220
T0750    0.815963  0.835567   0.32                     0.741878       0.32                0.477754   230
T0753    0.781443  0.829153   0.18                     0.741644       0.16                0.482097   168
T0755    0.77446   0.604713   0.3                      0.722695       0.16                0.3857     136
T0759    0.802009  0.771891   0.18                     0.741766       0.16                0.482761   168
T0760    0.737729  0.794025   0.26                     0.692051       0.32                0.348966   88
T0762    0.753536  0.924054   0.16                     0.833569       0.28                0.344043   88
T0763    0.582141  0.0465989  0.58                     0.984615       0.08                0.0453016  174
T0766    0.754262  0.947892   0.2                      0.867978       0.18                0.295755   102
T0767    0.771838  0.155044   0.8                      0.941606       0.44                0.215379   171
T0774    0.780762  0.362158   0.38                     0.856106       0.28                0.313885   174
T0781    0.794348  0.14762    0.7                      0.947644       0.44                0.207196   164
T0782    0.746437  0.488494   0.44                     0.73129        0.2                 0.322382   107
T0784    0.828894  0.957903   0.1                      0.85934        0.14                0.451839   103
T0789    0.687514  0.289327   0.46                     0.858808       0.38                0.213029   190
T0790    0.691227  0.269767   0.48                     0.840805       0.28                0.20799    175
T0800    0.662426  0.30399    0.58                     0.839853       0.5                 0.258253   98
T0807    0.882595  0.95826    0.24                     0.855817       0.28                0.560671   158
T0808    0.870037  0.51954    0.4                      0.935304       0.4                 0.483807   98
T0817    0.728928  0.863095   0.18                     0.743365       0.22                0.308287   173
T0818    0.765658  0.270221   0.58                     0.871215       0.36                0.279626   183
T0821    0.824753  0.95102    0.22                     0.863765       0.18                0.474063   177
T0831    0.675155  0.402169   0.54                     0.789025       0.52                0.234457   176
T0832    0.589694  0.0553365  0.76                     0.936842       0.22                0.0703068  177
T0833    0.74521   0.786477   0.5                      0.851852       0.16                0.398961   106
T0845    0.79885   0.57031    0.38                     0.80341        0.3                 0.409376   97
T0847    0.81648   0.882605   0.16                     0.753027       0.22                0.447164   172
T0848    0.832626  0.488879   0.4                      0.833316       0.3                 0.406949   98
T0854    0.798233  0.900834   0.28                     0.770692       0.38                0.425007   97
