target ROC_AUC PR_AUC best_accuracy_threshold best_accuracy best_MCC_threshold best_MCC input_file_pairs_count
1a32_rosetta2
1aa2_rosetta
1acf_rosetta          0.475907  0.105353    0.64  0.926829  0     0           1999
1ail_rosetta2
1am3_rosetta2         0.548347  0.695868    0.14  0.643462  0.28  0.072523    1898
1beo_lattice_ssfit    0.680362  0.0673298   0.48  0.993197  0.44  0.143248    2000
1cei_rosetta2
1col-a_hg_structural  0.735169  0.26084     0.54  0.813452  0.16  0.312979    29
1crn_wang             0.742995  0.728814    0.12  0.721835  0.12  0.444636    200
1csp_rosetta2         0.410027  0.153853    0.58  0.78125   0.58  0.134692    1809
1dol_rosetta2         0.549697  0.239643    0.58  0.756272  0.2   0.0660727   1871
1gvp_rosetta
1hoe_wang             0.725787  0.495767    0.38  0.885135  0.1   0.361946    300
1hyp_rosetta2
1igd_lmds             0.544408  0.363327    0.56  0.803279  0.36  0.202164    500
1kte_rosetta
1lhm_wang             0.671414  0.379313    0.26  0.677205  0.2   0.256025    200
1lz1_rosetta          0.636176  0.0821638   0.64  0.982759  0.2   0.0948247   999
1msi_rosetta2         0.778694  0.380596    0.7   0.920833  0.56  0.357067    1894
1orc_rosetta2         0.460334  0.442187    0.62  0.5625    0.04  0.0720102   1883
1pgb_lattice_ssfit    0.478175  0.00698177  0.34  1         0.02  0.00624653  2000
1pgx_rosetta2         0.631265  0.518201    0.58  0.619883  0.2   0.205158    1851
1r69_4state_reduced   0.712485  0.552611    0.18  0.701217  0.16  0.333968    675
1r69_rosetta2         0.696504  0.735371    0.26  0.665769  0.26  0.303813    1733
1shf-a_lmds           0.56238   0.0719025   0.44  0.966102  0.42  0.0909226   437
1tuc_rosetta2
1tul_rosetta
1ubq_wang             0.724295  0.802028    0.16  0.70563   0.14  0.474519    300
1utg_Lee
1utg_rosetta2
1vcc_rosetta2         0.536635  0.117018    0.64  0.928571  0.14  0.0721612   1857
1who_rosetta
2cro_4state_reduced   0.715065  0.540107    0.2   0.700751  0.16  0.329286    674
2cro_lmds             0.507744  0.204002    0.6   0.907692  0.58  0.410252    500
2ovo_lmds             0.383899  0.0968553   0.62  0.886905  0     0           347
2ovo_wang             0.632213  0.644067    0.12  0.735252  0.14  0.470192    300
2rhe_wang             0.608835  0.397238    0.2   0.623807  0.14  0.168574    200
4pti_4state_reduced   0.693747  0.457181    0.26  0.767026  0.26  0.279123    687
4pti_lmds             0.489264  0.103375    0.64  0.965517  0.48  0.0834957   343
4pti_wang             0.733491  0.693465    0.16  0.750141  0.14  0.5068      300
entries               0.648108  0.376176    0.7   0.747508  0.18  0.189001    27786
