target   ROC_AUC   PR_AUC     best_accuracy_threshold  best_accuracy  best_MCC_threshold  best_MCC   input_file_pairs_count
entries  0.805307  0.74214    0.34                     0.733996       0.3                 0.454307   24430
T0388    0.847851  0.935042   0.18                     0.836664       0.22                0.527329   88
T0391    0.808866  0.754813   0.36                     0.739947       0.3                 0.486563   184
T0392    0.854883  0.916961   0.24                     0.786011       0.28                0.54713    153
T0394    0.750996  0.572178   0.28                     0.6882         0.16                0.391643   140
T0395    0.760113  0.415725   0.48                     0.840407       0.28                0.305365   145
T0399    0.797349  0.521887   0.28                     0.769155       0.24                0.406188   82
T0400    0.778916  0.819519   0.26                     0.739728       0.24                0.445752   202
T0406    0.781897  0.75572    0.34                     0.705205       0.34                0.409711   187
T0410    0.876121  0.963663   0.2                      0.85543        0.26                0.516548   219
T0411    0.785908  0.845637   0.3                      0.717735       0.34                0.439246   117
T0412    0.825931  0.884568   0.28                     0.783547       0.3                 0.52845    188
T0413    0.767151  0.393973   0.56                     0.883775       0.48                0.345289   168
T0416    0.877414  0.854438   0.26                     0.801973       0.24                0.611243   176
T0418    0.797784  0.910442   0.22                     0.796572       0.3                 0.420296   258
T0425    0.701025  0.730682   0.18                     0.633004       0.14                0.291794   190
T0426    0.832927  0.984216   0.06                     0.932793       0.18                0.368521   97
T0427    0.674186  0.625356   0.3                      0.615781       0.18                0.260473   121
T0430    0.629311  0.101389   0.68                     0.926565       0.2                 0.134338   98
T0432    0.861664  0.933279   0.16                     0.834651       0.16                0.571988   112
T0435    0.683615  0.750414   0.22                     0.646035       0.3                 0.294721   211
T0438    0.820713  0.908943   0.22                     0.793111       0.22                0.469836   182
T0440    0.866731  0.835952   0.28                     0.787649       0.28                0.573865   170
T0442    0.84707   0.941613   0.16                     0.845081       0.2                 0.58965    172
T0445    0.78818   0.873682   0.24                     0.766492       0.26                0.435769   130
T0449    0.784479  0.542766   0.44                     0.746736       0.34                0.400667   150
T0450    0.872705  0.942428   0.2                      0.838589       0.22                0.572986   184
T0456    0.76815   0.919867   0.18                     0.785799       0.26                0.330333   207
T0463    0.85139   0.847725   0.4                      0.768925       0.4                 0.537512   183
T0477    0.858376  0.918686   0.28                     0.79346        0.32                0.527329   158
T0483    0.813236  0.888192   0.2                      0.75489        0.22                0.442295   167
T0485    0.802065  0.709533   0.34                     0.732034       0.28                0.465626   84
T0488    0.853227  0.972262   0                        0.918421       0.26                0.437322   101
T0489    0.716813  0.292599   0.44                     0.888113       0.4                 0.247423   159
T0493    0.810717  0.853849   0.24                     0.748384       0.24                0.48809    200
T0494    0.86774   0.891087   0.26                     0.795389       0.24                0.578869   161
T0496    0.542436  0.153073   0.54                     0.80551        0.18                0.068208   178
T0504    0.670846  0.214479   0.66                     0.841346       0.22                0.180485   142
T0508    0.797965  0.919179   0.24                     0.79428        0.28                0.433497   211
T0510    0.73628   0.212769   0.66                     0.898496       0.3                 0.230507   149
T0512    0.720375  0.432685   0.5                      0.747695       0.36                0.290422   149
T0514    0.577737  0.118896   0.72                     0.875          0.12                0.0684425  165
T0518    0.866233  0.837843   0.3                      0.78554        0.24                0.574982   131
T0524    0.685233  0.5217     0.38                     0.641887       0.32                0.276667   205
T0525    0.720801  0.59313    0.44                     0.704549       0.44                0.317782   209
T0526    0.715602  0.640336   0.38                     0.641044       0.18                0.347      159
T0527    0.680178  0.757235   0.26                     0.638065       0.34                0.280677   216
T0528    0.729869  0.756892   0.26                     0.670042       0.16                0.345629   145
T0529    0.758267  0.130524   0.48                     0.940114       0.24                0.159937   176
T0532    0.800191  0.770414   0.28                     0.725072       0.28                0.441833   149
T0534    0.626873  0.0554443  0.68                     0.951977       0.14                0.0768561  122
T0537    0.725877  0.0859558  0.76                     0.982301       0.36                0.142194   141
T0540    0.649967  0.313296   0.66                     0.844444       0.28                0.220705   231
T0543    0.864198  0.696799   0.36                     0.799098       0.26                0.518287   177
T0558    0.695146  0.306957   0.68                     0.792883       0.24                0.25733    181
T0561    0.57808   0.119538   0.52                     0.817786       0.14                0.0973612  134
T0566    0.789376  0.770258   0.34                     0.744779       0.34                0.488681   209
T0567    0.730788  0.872118   0.08                     0.728254       0.22                0.325266   253
T0568    0.590245  0.13885    0.6                      0.886179       0.62                0.283343   141
T0570    0.787664  0.851182   0.28                     0.744331       0.3                 0.448595   160
T0571    0.692581  0.156983   0.7                      1              0.42                0.248726   147
T0573    0.770874  0.851445   0.24                     0.711021       0.28                0.386041   238
T0575    0.771084  0.766297   0.24                     0.727591       0.22                0.452923   146
T0580    0.737393  0.792933   0.24                     0.717767       0.26                0.377143   184
T0581    0.684976  0.324335   0.64                     0.910714       0.18                0.238944   240
T0582    0.793462  0.663818   0.3                      0.728808       0.24                0.417146   226
T0588    0.788888  0.416902   0.4                      0.792387       0.3                 0.38919    156
T0593    0.718826  0.638046   0.4                      0.661129       0.28                0.329537   224
T0594    0.848831  0.891044   0.26                     0.786844       0.26                0.534869   240
T0597    0.83724   0.924682   0.18                     0.808062       0.2                 0.491269   200
T0604    0.903582  0.728325   0.42                     0.897545       0.4                 0.598136   215
T0606    0.807878  0.680306   0.28                     0.744843       0.18                0.464413   244
T0609    0.688006  0.548615   0.36                     0.65018        0.3                 0.273083   171
T0619    0.663482  0.750263   0.16                     0.653272       0.18                0.23259    259
T0620    0.839481  0.886491   0.26                     0.795466       0.26                0.549451   230
T0621    0.556602  0.0320576  0.68                     0.976331       0.1                 0.0488978  229
T0624    0.572474  0.193593   0.7                      0.797101       0.16                0.0837238  249
T0634    0.797908  0.941147   0.12                     0.806456       0.36                0.361838   245
T0638    0.858382  0.905627   0.2                      0.777973       0.2                 0.541213   211
T0641    0.825677  0.912999   0.26                     0.800936       0.28                0.491547   240
T0643    0.730586  0.588068   0.3                      0.678288       0.24                0.380269   219
T0644    0.753411  0.775968   0.28                     0.700946       0.28                0.394277   141
T0645    0.797531  0.830408   0.24                     0.715437       0.3                 0.427154   146
T0649    0.63122   0.0719133  0.7                      0.945652       0.16                0.116373   137
T0650    0.846237  0.948083   0.24                     0.83128        0.44                0.475053   199
T0653    0.83191   0.595339   0.52                     0.819005       0.4                 0.425667   140
T0654    0.608175  0.678348   0.36                     0.575396       0.46                0.210438   207
T0661    0.760332  0.822708   0.22                     0.724957       0.26                0.389004   205
T0664    0.828619  0.869397   0.22                     0.761953       0.22                0.496996   168
T0667    0.672174  0.706138   0.4                      0.63454        0.42                0.283051   203
T0671    0.809066  0.548717   0.48                     0.838301       0.38                0.447303   151
T0672    0.887805  0.866485   0.36                     0.8046         0.36                0.605509   198
T0674    0.88072   0.767795   0.34                     0.812345       0.3                 0.573376   148
T0676    0.547053  0.15678    0.52                     0.882506       0.66                0.199132   202
T0678    0.564707  0.22518    0.7                      0.690476       0.2                 0.110992   153
T0681    0.810203  0.768597   0.32                     0.739839       0.28                0.4938     156
T0683    0.735218  0.714847   0.38                     0.673489       0.38                0.35025    214
T0684    0.493897  0.0524952  0.82                     0.929461       0.02                0.0153735  225
T0686    0.747525  0.680301   0.48                     0.684173       0.24                0.326394   200
T0687    0.763151  0.815432   0.36                     0.706345       0.38                0.404134   223
T0689    0.775167  0.86151    0.22                     0.773945       0.24                0.478546   162
T0690    0.788095  0.527763   0.52                     0.81205        0.44                0.39326    184
T0704    0.721955  0.763204   0.34                     0.672678       0.34                0.335211   211
T0705    0.640442  0.0397217  0.6                      0.958498       0.22                0.0639754  142
T0712    0.790673  0.888767   0.2                      0.729918       0.34                0.410868   153
T0713    0.872884  0.597028   0.48                     0.846999       0.42                0.487781   212
T0717    0.742389  0.279327   0.44                     0.813167       0.24                0.274065   148
T0726    0.8183    0.462588   0.52                     0.84792        0.42                0.385801   196
T0732    0.843813  0.564031   0.56                     0.884105       0.54                0.450292   190
T0734    0.671377  0.0760877  0.74                     0.902965       0.22                0.122008   208
T0735    0.761723  0.0773706  0.72                     0.959502       0.24                0.165437   155
T0742    0.711672  0.149253   0.38                     0.893659       0.18                0.165041   165
T0744    0.735382  0.445159   0.44                     0.790007       0.28                0.303027   224
T0746    0.77426   0.549416   0.42                     0.807833       0.38                0.404477   206
T0749    0.858982  0.942043   0.28                     0.81603        0.34                0.530802   220
T0750    0.765797  0.762327   0.28                     0.711132       0.26                0.419164   230
T0753    0.71958   0.774467   0.2                      0.683846       0.2                 0.333866   168
T0755    0.765087  0.606843   0.28                     0.710528       0.18                0.378335   136
T0759    0.793497  0.752882   0.16                     0.749628       0.14                0.505442   168
T0760    0.748742  0.806412   0.32                     0.693634       0.36                0.367448   88
T0762    0.763074  0.932268   0.16                     0.834144       0.32                0.308333   88
T0763    0.5477    0.0227637  0.62                     0.992308       0.1                 0.036447   174
T0766    0.702065  0.927585   0.26                     0.868416       0.32                0.320655   102
T0767    0.683666  0.0799745  0.58                     0.912814       0.22                0.122008   171
T0774    0.793963  0.395003   0.5                      0.865756       0.36                0.332334   174
T0781    0.715249  0.10854    0.68                     0.946148       0.54                0.17047    164
T0782    0.748801  0.478001   0.4                      0.733498       0.3                 0.320406   107
T0784    0.839389  0.958614   0.12                     0.860039       0.18                0.45163    103
T0789    0.599835  0.185955   0.46                     0.838856       0.8                 0.098648   190
T0790    0.590648  0.154516   0.54                     0.816453       0.12                0.0862536  175
T0800    0.637806  0.282804   0.56                     0.850943       0.54                0.255145   98
T0807    0.829699  0.936859   0.22                     0.836763       0.26                0.495448   158
T0808    0.841538  0.406912   0.52                     0.926754       0.48                0.394437   98
T0817    0.679335  0.816815   0.18                     0.740176       0.2                 0.277398   173
T0818    0.68317   0.181571   0.72                     0.871269       0.26                0.17584    183
T0821    0.762996  0.930032   0.12                     0.854677       0.12                0.368222   177
T0831    0.610998  0.33118    0.4                      0.774232       0.7                 0.166907   176
T0832    0.504137  0.0413609  0.72                     0.947368       0.06                0.0240839  177
T0833    0.715889  0.766116   0.16                     0.704228       0.16                0.357461   106
T0845    0.78619   0.540701   0.5                      0.794776       0.34                0.377226   97
T0847    0.828823  0.891993   0.18                     0.769334       0.16                0.482463   172
T0848    0.839126  0.54301    0.4                      0.837131       0.28                0.428799   98
T0854    0.804465  0.904377   0.26                     0.77894        0.32                0.445826   97
