0.350873
0.148044
0.221455
0.241849
0.16398
0.252313
0.236366
0.149542
0.190611
0.230456
0.211419
0.206269
0.2198
0.21624
0.197811
0.236631
0.170775
0.160858
0.20305
0.230815
0.158887
0.355268
0.210467
0.223934
0.195735
0.198177
0.280474
0.145867
0.214216
0.353729
0.215053
0.16572
0.232634
0.270231
0.243745
0.307015
0.207207
0.208572
0.193789
0.137096
0.200573
0.245776
0.227972
0.196688
0.211409
0.275386
0.210127
0.223477
0.207405
0.293903
0.238375
0.204089
0.139151
0.144017
0.143693
0.220543
0.25365
0.334556
0.20375
0.181518
0.270636
0.279217
0.259438
0.238267
0.16872
0.181002
0.210086
0.165597
0.131266
0.245458
0.168294
0.168007
0.17491
0.257805
0.346968
0.194278
0.169816
0.252529
0.19036
0.258272
0.197798
0.251168
0.243555
0.158724
0.219125
0.170595
0.169292
0.216726
0.18679
0.172611
0.181341
0.298743
0.281103
0.212826
0.215163
0.265481
0.276484
0.173619
0.231639
0.250996
0.269394
0.213125
0.213508
0.369173
0.181577
0.2538
0.209553
0.267431
0.128549
0.201603
0.196975
0.23451
0.197507
0.219953
0.233665
0.303168
0.188127
0.187183
0.1507
0.185902
0.202159
0.211663
0.231513
0.281198
0.173968
0.192344
0.147811
0.231503
0.21062
0.189811
0.224196
0.193435
0.201702
0.255179
0.206582
0.315725
0.210024
0.192714
0.160403
0.250783
0.222873
0.275878
0.17134
0.278033
0.234345
0.244412
0.172522
0.209612
0.139294
0.215081
0.271681
0.33647
0.149181
0.303189
0.280806
0.184226
0.192976
0.220651
0.280829
0.236816
0.269569
0.292875
0.277685
0.175566
0.216186
0.18918
0.170501
0.193559
0.249445
0.210003
0.250952
0.267728
0.207987
0.180498
0.257943
0.176102
0.156315
0.252096
0.260007
0.21172
0.181232
0.236306
0.176854
0.222801
0.287621
0.177937
0.189581
0.189638
0.265882
0.176307
0.187652
0.125261
0.23662
0.22231
0.198636
0.259767
0.314604
0.246654
0.216372
0.226161
0.327993
0.209337
0.157925
0.258412
0.276019
0.219888
0.164088
0.222496
0.193957
0.29396
0.168707
0.207276
0.20674
0.168657
0.207358
0.235963
0.24223
0.331235
0.219147
0.278473
0.278561
0.321631
0.217215
0.26125
0.316041
0.342384
0.288803
0.287042
0.229996
0.178325
0.16016
0.234315
0.147047
0.258539
0.195003
0.231831
0.224786
0.27339
0.261654
0.162208
0.235672
0.171224
0.208563
0.205216
0.215829
0.210276
0.160908
0.261799
0.190442
0.256965
0.193458
0.221442
0.270192
0.181255
0.229438
0.154493
0.26434
0.311252
0.237388
0.14454
0.26098
0.249971
0.210417
0.267344
0.329854
0.15596
0.291139
0.258226
0.239955
0.231748
0.268658
0.236673
0.259019
0.169587
0.186958
0.212988
0.163484
0.292772
0.215524
0.253364
0.178999
0.228838
0.19578
0.217638
0.255978
0.287561
0.222741
0.323482
0.255548
0.182171
0.296882
0.223868
0.274688
0.142982
0.191694
0.294395
0.252209
0.142237
0.249687
0.17231
0.21485
0.153332
0.153234
0.256319
0.357105
0.172695
0.189836
0.255458
0.354788
0.171733
0.30962
0.256942
0.272277
0.199693
0.165436
0.156911
0.240783
0.247277
0.173124
0.213999
0.175576
0.130261
0.227784
0.118275
0.22865
0.218274
0.202255
0.255525
0.188257
0.150307
0.219502
0.178604
0.226002
0.172874
0.241936
0.308847
0.116011
0.211449
0.217091
0.161395
0.168406
0.289364
0.178645
0.217061
0.193253
0.220022
0.363777
0.270797
0.195976
0.181868
0.240311
0.231244
0.123658
0.243656
0.228016
0.243919
0.187731
0.137686
0.206138
0.266396
0.229283
0.186682
0.168219
0.245822
0.252143
0.126722
0.190619
0.190477
0.178375
0.270898
0.164643
0.193981
0.191677
0.228153
0.21856
0.181494
0.174839
0.30618
0.271047
0.273208
0.171687
0.176101
0.162674
0.235625
0.206153
0.271368
0.16495
0.159713
0.264261
0.25569
0.170453
0.163368
0.242993
0.216378
0.178261
0.220061
0.195992
0.23853
0.236226
0.196829
0.198815
0.238894
0.253096
0.260952
0.156709
0.199672
0.153391
0.250514
0.267176
0.260343
0.320211
0.196716
0.264153
0.280425
0.2183
0.152348
0.292407
0.187752
0.311825
0.23155
0.251344
0.265018
0.231159
0.24752
0.284773
0.24121
0.177135
0.19672
0.235147
0.286073
0.180442
0.311894
0.238205
0.201781
0.179922
0.204301
0.204585
0.188059
0.192502
0.213174
0.270639
0.301219
0.190679
0.285666
0.27219
0.239707
0.233377
0.16177
0.10959
0.224925
0.212652
0.274272
0.269335
0.250877
0.193843
0.130081
0.150247
0.176744
0.187923
0.272607
0.245201
0.192675
0.165035
0.330175
0.284941
0.219743
0.267006
0.202019
0.186316
0.240115
0.290643
0.223895
0.18963
0.175717
0.165245
0.211531
0.21622
0.237407
0.155927
0.194892
0.160792
0.273613
0.248692
0.1501
0.202742
0.216794
0.2766
0.260894
0.290397
0.267581
0.228302
0.191926
0.218863
0.266221
0.202002
0.273728
0.265017
0.313252
0.161518
0.330758
0.18724
0.528071
0.192327
0.281004
0.206656
0.220091
0.339121
0.285476
0.201212
0.217581
0.281459
0.15538
0.29446
0.277998
0.375081
0.265963
0.266785
0.321132
0.234362
0.311109
0.381568
0.298393
0.254345
0.251495
0.185723
0.297271
0.23312
0.152453
0.138856
0.200746
0.242683
0.208802
0.224386
0.322546
0.357637
0.255579
0.275851
0.301372
0.268926
0.30128
0.301874
0.401954
0.259833
0.283105
0.320602
0.206122
0.212619
0.341852
0.15083
0.240275
0.343164
0.225244
0.211051
0.17956
0.294316
0.21218
0.211053
0.32976
0.328112
0.330059
0.327588
0.254949
0.301804
0.334521
0.213284
0.356801
0.394039
0.340526
0.222632
0.186413
0.193227
0.256295
0.238997
0.179892
0.297855
0.327937
0.281812
0.270247
0.252063
0.339775
0.153359
0.218426
0.216075
0.326009
0.221525
0.293043
0.186842
0.179145
0.229621
0.29869
0.219207
0.166586
0.287409
0.180182
0.266624
0.202054
0.207554
0.239612
0.297337
0.272925
0.348781
0.234133
0.257972
0.214352
0.230196
0.252402
0.238041
0.17133
0.271869
0.321516
0.244468
0.26493
0.160016
0.262288
0.242812
0.318232
0.220633
0.166387
0.281218
0.212436
0.225853
0.337176
0.26489
0.256992
0.265821
0.202243
0.281276
0.183216
0.256754
0.145189
0.249849
0.207165
0.2446
0.276656
0.241834
0.339048
0.184191
0.182784
0.201557
0.197524
0.318213
0.16955
0.296123
0.224781
0.172498
0.159567
0.239487
0.229616
0.258128
0.172752
0.176527
0.25926
0.315024
0.224426
0.258139
0.202833
0.303111
0.190452
0.30814
0.226918
0.283995
0.229478
0.35047
0.282762
0.282505
0.310287
0.140813
0.347833
0.173684
0.28257
0.254744
0.21603
0.289853
0.142695
0.305461
0.325055
0.206402
0.159774
0.149064
0.222091
0.376932
0.25356
0.22335
0.344143
0.257746
0.253835
0.238191
0.28105
0.261163
0.282538
0.305167
0.204376
0.250666
0.278976
0.355306
0.177121
0.240448
0.175348
0.160063
0.261605
0.198093
0.314823
0.345911
0.250081
0.237193
0.264829
0.292642
0.357923
0.271377
0.320616
0.176815
0.334079
0.141703
0.214142
0.232711
0.259142
0.26186
0.265057
0.240705
0.284197
0.307547
0.27463
0.283506
0.415407
0.204996
0.167423
0.253986
0.313352
0.221931
0.280899
0.148185
0.342421
0.230225
0.18546
0.362086
0.195078
0.172794
0.176184
0.143618
0.183797
0.239049
0.296289
0.314578
0.16506
0.214243
0.225008
0.227419
0.189086
0.261154
0.176235
0.215196
0.277639
0.242773
0.337097
0.255494
0.267081
0.337595
0.166678
0.218114
0.232872
0.151981
0.160211
0.347336
0.219355
0.279824
0.251229
0.31879
0.307885
0.310682
0.233665
0.344339
0.248551
0.322038
0.410578
0.217366
0.245653
0.225119
0.291909
0.19168
0.22654
0.199055
0.156034
0.279614
0.337452
0.185988
0.282472
0.313134
0.247206
0.251403
0.220301
0.199572
0.188943
0.223031
0.163899
0.21591
0.193835
0.268775
0.205594
0.259801
0.219995
0.409287
0.204551
0.285108
0.278568
0.309285
0.304359
0.282546
0.311655
0.274736
0.212848
0.331497
0.233246
0.186014
0.366826
0.286557
0.245504
0.271769
0.28108
0.211762
0.29436
0.236444
0.261168
0.331989
0.185156
0.183875
0.175055
0.244096
0.231527
0.440166
0.203768
0.213478
0.242589
0.376374
0.227481
0.260058
0.199084
0.245707
0.273866
0.204018
0.282195
0.318439
0.306253
0.266632
0.309763
0.198364
0.222633
0.23724
0.18306
0.187655
0.234912
0.234231
0.219403
0.341114
0.298113
0.21883
0.253329
0.181066
0.234609
0.30931
0.252343
0.151243
0.214437
0.288748
0.378578
0.234941
0.302219
0.254057
0.284278
0.216396
0.325096
0.235263
0.250871
0.33742
0.238925
0.285537
0.314663
0.306532
0.255024
0.192951
0.265423
0.268804
0.27838
0.238911
0.196382
0.359412
0.168435
0.29036
0.227595
0.185985
0.345708
0.283168
0.248333
0.201311
0.324499
0.290366
0.187532
0.282772
0.367582
0.228632
0.197956
0.304877
0.195177
0.273919
0.277029
0.322324
0.30661
0.19597
0.322293
0.207067
0.358486
0.273979
0.265122
0.213399
0.280992
0.178466
0.217581
0.200815
0.25774
0.319475
0.319225
0.368698
0.338006
0.271747
0.233094
0.29238
0.288689
0.318985
0.190268
0.359304
0.164882
0.208603
0.312051
0.15733
0.191101
0.355563
0.155785
0.209134
0.246556
0.264914
0.247342
0.258801
0.287774
0.23712
0.333833
0.223963
0.255162
0.356149
0.250268
0.22917
0.215336
0.173104
0.265703
0.326758
0.284343
0.2584
0.21063
0.268399
0.23587
0.242195
0.265926
0.214632
0.32531
0.287083
0.205454
0.339695
0.209868
0.274225
0.239448
0.282808
0.226647
0.155374
0.400947
0.16905
0.27669
0.200044
0.306716
0.271007
0.216354
0.225914
0.318641
0.118213
0.280857
0.399948
0.32268
0.222207
0.37359
0.307317
0.292319
0.245539
0.231108
0.225765
0.339821
0.235817
0.19948
0.173726
0.173499
0.358582
0.188408
0.394383
0.16848
0.373693
0.519073
0.373822
0.342741
0.238734
0.243899
0.254508
0.23219
0.231683
0.357826
0.362795
0.266289
0.381208
0.342886
0.288439
0.30455
0.358409
0.332063
0.259868
0.268922
0.350285
0.309173
0.274764
0.252434
0.316377
0.335711
0.192333
0.293493
0.251119
0.263001
0.228223
0.274711
0.221939
0.369882
0.26453
0.352746
0.209452
0.316341
0.304867
0.383302
0.367363
0.343105
0.305854
0.253103
0.354254
0.345644
0.343748
0.307727
0.352549
0.279496
0.381244
0.320807
0.336679
0.37509
0.291263
0.259258
0.21085
0.227302
0.335993
0.236808
0.36952
0.276254
0.327209
0.210905
0.367175
0.234524
0.240786
0.241463
0.385412
0.326178
0.254408
0.374674
0.222206
0.184689
0.30196
0.265266
0.300832
0.244748
0.21173
0.253763
0.21337
0.333748
0.214074
0.316503
0.23033
0.267796
0.288654
0.224583
0.278093
0.287674
0.185723
0.268428
0.346872
0.341765
0.215338
0.243593
0.190134
0.268601
0.223086
0.180022
0.278388
0.252421
0.183971
0.212814
0.310656
0.336166
0.323393
0.294422
0.236555
0.3055
0.373992
0.374846
0.212533
0.227102
0.254229
0.240041
0.200389
0.277986
0.278803
0.418648
0.270855
0.314847
0.325692
0.218611
0.367615
0.332704
0.308361
0.325782
0.221278
0.234168
0.256078
0.305703
0.266306
0.236047
0.3725
0.400998
0.301751
0.301694
0.266711
0.159443
0.335666
0.244729
0.318121
0.282382
0.209621
0.269835
0.257903
0.234477
0.173466
0.221002
0.230926
0.323381
0.22692
0.203863
0.194255
0.281426
0.423949
0.222125
0.321853
0.230072
0.289692
0.187138
0.2729
0.196555
0.181494
0.312356
0.240436
0.266472
0.310672
0.285514
0.358656
0.189236
0.242014
0.237886
0.291366
0.449142
0.298534
0.31987
0.427863
0.272455
0.283072
0.281332
0.279941
0.280034
0.38375
0.331601
0.388085
0.362217
0.25346
0.200103
0.293007
0.296014
0.225601
0.291573
0.344579
0.262604
0.26408
0.266854
0.338053
0.204657
0.370266
0.272164
0.35618
0.245701
0.217309
0.269335
0.348871
0.193232
0.256294
0.265839
0.291433
0.208
0.331518
0.218985
0.282629
0.229851
0.251531
0.218812
0.216228
0.33962
0.266206
0.429893
0.297188
0.333004
0.242209
0.303446
0.295817
0.24291
0.152556
0.292505
0.215051
0.272505
0.303725
0.321268
0.291551
0.280446
0.226902
0.304046
0.307147
0.295426
0.291119
0.24251
0.278089
0.256674
0.290332
0.294996
0.254967
0.189157
0.198478
0.32695
0.261699
0.411754
0.211346
0.32601
0.331508
0.237263
0.167732
0.249657
0.250342
0.266155
0.25316
0.363096
0.234974
0.22731
0.192472
0.21326
0.250937
0.254402
0.207017
0.43495
0.256687
0.285461
0.214126
0.290216
0.276426
0.283545
0.315466
0.314478
0.271205
0.225691
0.214407
0.335867
0.236326
0.448032
0.250224
0.263956
0.234936
0.263255
0.232251
0.31637
0.292871
0.252475
0.237819
0.404076
0.34118
0.229632
0.279885
0.255796
0.340348
0.253686
0.356997
0.265092
0.260719
0.218273
0.268367
0.235072
0.276631
0.276343
0.218688
0.409761
0.321531
0.350342
0.277078
0.253094
0.231254
0.200218
0.185908
0.39911
0.327034
0.263452
0.196666
0.27278
0.255737
0.227876
0.216869
0.269331
0.267458
0.249666
0.297065
0.251213
0.230653
0.166466
0.482792
0.344944
0.239879
0.318759
0.340208
0.330703
0.316492
0.195833
0.234109
0.190687
0.407508
0.227797
0.304138
0.353551
0.266772
0.2772
0.318751
0.223551
0.280151
0.346847
0.405793
0.203541
0.285999
0.322272
0.226401
0.226258
0.279838
0.235284
0.200804
0.317195
0.172119
0.245275
0.268698
0.216823
0.254937
0.290638
0.337801
0.25342
0.340454
0.333859
0.316257
0.270944
0.293325
0.361472
0.195352
0.258617
0.377629
0.270615
0.218466
0.15458
0.333801
0.25734
0.271574
0.261446
0.310915
0.219808
0.18397
0.261395
0.324099
0.328345
0.398035
0.222138
0.205878
0.253854
0.276597
0.406322
0.263796
0.218271
0.357301
0.215516
0.313161
0.305315
0.275996
0.285328
0.275727
0.245972
0.385101
0.333488
0.295187
0.256596
0.267778
0.256339
0.346878
0.226344
0.222549
0.331613
0.201146
0.262564
0.213725
0.264474
0.352605
0.295559
0.247176
0.245265
0.154996
0.289683
0.293602
0.196732
0.393995
0.307997
0.205526
0.328925
0.228312
0.263416
0.265194
0.32799
0.240436
0.19243
0.213252
0.287335
0.202736
0.268771
0.29271
0.213324
0.214782
0.301958
0.271115
0.248479
0.14947
0.245642
0.263303
0.273283
0.272103
0.271542
0.343781
0.300033
0.24816
0.178136
0.252719
0.208352
0.250222
0.27363
0.287964
0.248155
0.263252
0.250108
0.30276
0.260429
0.2437
0.254033
0.282805
0.414671
0.269345
0.273754
0.287913
0.31003
0.213869
0.23719
0.327971
0.254252
0.326148
0.295282
0.310228
0.236861
0.286454
0.252268
0.341999
0.258945
0.268325
0.266745
0.248381
0.274444
0.160454
0.278064
0.265751
0.262165
0.240835
0.256203
0.248354
0.249118
0.338982
0.408505
0.425865
0.366336
0.361411
0.284173
0.256253
0.324646
0.322819
0.446781
0.362025
0.399758
0.449089
0.414984
0.240674
0.367518
0.390571
0.353941
0.373851
0.360477
0.35147
0.378119
0.420495
0.361769
0.388503
0.321797
0.307226
0.272011
0.390724
0.38829
0.223348
0.435761
0.349423
0.445853
0.399488
0.390011
0.328524
0.374169
0.419893
0.416276
0.341104
0.356583
0.3866
0.336253
0.299598
0.396858
0.443975
0.464893
0.369429
0.395333
0.217704
0.227186
0.380411
0.425045
0.409913
0.458948
0.395526
0.454474
0.320457
0.38426
0.317164
0.409657
0.448761
0.274362
0.408684
0.357101
0.257245
0.341519
0.335578
0.35907
0.326706
0.231837
0.360359
0.283907
0.342413
0.258445
0.317299
0.367991
0.438647
0.306514
0.301773
0.328717
0.373509
0.461034
0.451514
0.415138
0.396369
0.331442
0.293669
0.382526
0.278294
0.346218
0.397861
0.420776
0.306614
0.421407
0.418772
0.45294
0.411102
0.296753
0.244657
0.378582
0.336198
0.393916
0.265712
0.310086
0.266237
0.416147
0.451778
0.414215
0.434891
0.358895
0.329327
0.32739
0.333101
0.332432
0.44165
0.389855
0.265907
0.381004
0.404348
0.306664
0.312265
0.378244
0.45707
0.358084
0.426887
0.3918
0.425358
0.366613
0.285406
0.395141
0.382084
0.34688
0.437581
0.352846
0.338903
0.317243
0.33425
0.405284
0.419993
0.243808
0.375762
0.425443
0.340662
0.364834
0.356436
0.290308
0.263173
0.369515
0.314964
0.41927
0.24911
0.376002
0.430073
0.359855
0.346055
0.481539
0.343647
0.369749
0.421555
0.334654
0.455575
0.353913
0.442976
0.255185
0.368734
0.396188
0.451658
0.306024
0.349484
0.423674
0.380607
0.377082
0.265944
0.41782
0.40776
0.328243
0.424193
0.401549
0.281566
0.329386
0.361529
0.266059
0.339382
0.318072
0.283924
0.41557
0.396212
0.357343
0.357566
0.294909
0.189742
0.407082
0.412138
0.404454
0.237304
0.403239
0.387226
0.40286
0.355224
0.297183
0.418735
0.16657
0.45572
0.34159
0.290148
0.230417
0.344982
0.401484
0.356859
0.345565
0.262182
0.246846
0.290966
0.349276
0.426805
0.304553
0.459626
0.382839
0.225834
0.378486
0.396671
0.350861
0.296757
0.385157
0.300008
0.267653
0.364774
0.347255
0.310654
0.285199
0.445679
0.390507
0.348752
0.39286
0.317574
0.296212
0.347142
0.382652
0.326305
0.324967
0.323092
0.372039
0.344889
0.308705
0.370749
0.440231
0.284531
0.242943
0.423804
0.302992
0.372883
0.430923
0.323038
0.353874
0.294724
0.417848
0.363306
0.335947
0.454456
0.41058
0.246758
0.400287
0.336305
0.382581
0.363295
0.418813
0.423103
0.388791
0.38539
0.406402
0.387799
0.349493
0.236417
0.220021
0.372691
0.277498
0.409605
0.410163
0.215783
0.281865
0.268199
0.401939
0.301756
0.387675
0.335876
0.456061
0.357045
0.400354
0.336352
0.419571
0.406341
0.422806
0.385665
0.373802
0.200971
0.344074
0.448399
0.322487
0.473076
0.355723
0.344406
0.177216
0.335463
0.376043
0.401164
0.257569
0.243078
0.147815
0.402886
0.316258
0.270142
0.286929
0.426202
0.361341
0.249633
0.330371
0.273831
0.423512
0.368092
0.419137
0.464763
0.1953
0.26087
0.327516
0.410384
0.278794
0.387047
0.433841
0.442397
0.300007
0.389484
0.34849
0.39638
0.412617
0.254643
0.374712
0.416173
0.35863
0.309845
0.332217
0.363439
0.29587
0.356094
0.408087
0.392755
0.460171
0.367199
0.302935
0.390707
0.386905
0.357464
0.327806
0.396849
0.346776
0.30749
0.368416
0.388453
0.451767
0.33028
0.417274
0.297425
0.429701
0.373421
0.431736
0.400247
0.325824
0.402896
0.471644
0.395983
0.439027
0.455854
0.366796
0.361694
0.398485
0.325677
0.262922
0.437807
0.387429
0.367436
0.423624
0.311019
0.410117
0.285179
0.362121
0.283156
0.43563
0.238385
0.414668
0.406708
0.21772
0.429809
0.46889
0.390731
0.35924
0.320066
0.442493
0.269448
0.340095
0.271074
0.294369
0.319299
0.437024
0.344009
0.350206
0.419006
0.333012
0.250389
0.329526
0.427881
0.361859
0.387073
0.478065
0.325069
0.364186
0.283815
0.427104
0.483674
0.380869
0.419845
0.415331
0.237402
0.453045
0.425478
0.433958
0.375738
0.368607
0.406331
0.440059
0.310784
0.466248
0.357579
0.368868
0.367206
0.414268
0.396652
0.369958
0.204095
0.359999
0.392966
0.461964
0.327383
0.335811
0.383818
0.320218
0.362236
0.426223
0.332297
0.429732
0.373288
0.38628
0.41386
0.391903
0.414476
0.425912
0.351416
0.352691
0.454375
0.367075
0.400985
0.393741
0.360479
0.346501
0.423482
0.362725
0.433651
0.416383
0.449265
0.413022
0.434568
0.445055
0.397983
0.345415
0.400162
0.448175
0.216506
0.318809
0.264657
0.373046
0.256498
0.278155
0.346115
0.365142
0.466396
0.361061
0.332817
0.389246
0.30175
0.422786
0.252253
0.376262
0.317775
0.416904
0.42478
0.375525
0.47719
0.285411
0.277983
0.341581
0.451473
0.496236
0.425136
0.531391
0.569853
0.487713
0.573145
0.528359
0.361489
0.314803
0.497324
0.342855
0.408559
0.500281
0.588401
0.353283
0.553238
0.494808
0.590068
0.489481
0.435683
0.517646
0.321475
0.516269
0.348093
0.583355
0.45909
0.539418
0.203344
0.333733
0.553524
0.530295
0.483643
0.578406
0.602791
0.34343
0.523445
0.581757
0.281346
0.536556
0.268824
0.301645
0.559274
0.445988
0.594805
0.551866
0.520425
0.331853
0.362738
0.536391
0.454148
0.567397
0.294034
0.559107
0.450724
0.406838
0.471487
0.261524
0.521074
0.526554
0.339367
0.443623
0.386196
0.546904
0.480323
0.551575
0.528031
0.223502
0.540168
0.289887
0.568583
0.291737
0.400136
0.456521
0.492062
0.468369
0.558365
0.47053
0.532288
0.467558
0.432276
0.559716
0.574471
0.517073
0.277294
0.323234
0.548106
0.338639
0.287233
0.442069
0.507863
0.52108
0.33862
0.534616
0.47872
0.529904
0.544724
0.286579
0.549084
0.331895
0.362237
0.343769
0.498277
0.496495
0.586819
0.496144
0.323505
0.421797
0.561769
0.543378
0.507444
0.467899
0.464402
0.56519
0.283222
0.519013
0.293342
0.498002
0.558924
0.537799
0.468281
0.408165
0.522454
0.342087
0.22188
0.567439
0.413252
0.454863
0.44365
0.313514
0.560326
0.489048
0.525341
0.289433
0.435841
0.494459
0.44137
0.560278
0.514256
0.497747
0.555905
0.463014
0.549417
0.477267
0.277163
0.190768
0.443367
0.599587
0.509586
0.505459
0.325292
0.248893
0.33272
0.550144
0.201157
0.513151
0.465286
0.503192
0.54162
0.480353
0.269591
0.425242
0.472501
0.459383
0.424338
0.533603
0.310187
0.553574
0.571337
0.448493
0.512874
0.343121
0.553595
0.422166
0.379855
0.449228
0.519818
0.306151
0.436639
0.423963
0.303532
0.48728
0.563151
0.309745
0.574218
0.498152
0.527869
0.498197
0.510873
0.324373
0.205961
0.524144
0.537775
0.474052
0.457204
0.537014
0.498541
0.552761
0.505582
0.35452
0.464582
0.52444
0.439967
0.438069
0.393075
0.296548
0.52199
0.558313
0.481357
0.272425
0.47332
0.518343
0.539969
0.599118
0.581279
0.582713
0.374026
0.338268
0.507593
0.423408
0.514038
0.318615
0.462382
0.512102
0.488453
0.557953
0.54755
0.517364
0.526025
0.492905
0.488364
0.450014
0.379113
0.349314
0.374442
0.531227
0.526513
0.554345
0.583578
0.577891
0.587921
0.569462
0.50566
0.537745
0.300306
0.54565
0.339039
0.403134
0.549629
0.222949
0.360883
0.42786
0.515255
0.4782
0.373197
0.505515
0.394029
0.562374
0.436675
0.453359
0.447765
0.541835
0.484035
0.444214
0.331004
0.478255
0.456131
0.512265
0.542968
0.388782
0.539166
0.438383
0.461071
0.409656
0.452999
0.447131
0.545222
0.417523
0.317193
0.514712
0.529228
0.55766
0.501402
0.530278
0.565801
0.538943
0.552522
0.320362
0.584645
0.469485
0.476932
0.543786
0.479261
0.34172
0.510174
0.523254
0.55423
0.569899
0.395544
0.191375
0.527011
0.586396
0.367658
0.459513
0.408971
0.412103
0.429357
0.428373
0.279914
0.361385
0.391806
0.217386
0.161979
0.434513
0.40946
0.429748
0.360366
0.381658
0.281565
0.416961
0.39053
0.34025
0.418135
0.434896
0.305216
0.484022
0.453494
0.320754
0.313004
0.333739
0.354116
0.395351
0.355358
0.310563
0.290171
0.339008
0.351402
0.362398
0.33236
0.376276
0.387929
0.283647
0.413478
0.318
0.350919
0.312197
0.316472
0.404179
0.397841
0.243353
0.374352
0.425314
0.419837
0.203737
0.420509
0.40795
0.410899
0.380846
0.274504
0.425389
0.395631
0.293992
0.448177
0.376904
0.248791
0.0827371
0.384909
0.401647
0.412022
0.454039
0.416472
0.229365
0.448899
0.434151
0.338923
0.426847
0.408579
0.478784
0.384385
0.427817
0.354654
0.381687
0.394398
0.323778
0.439965
0.439433
0.396725
0.394881
0.371404
0.319548
0.399413
0.434946
0.365042
0.156986
0.446154
0.357227
0.394714
0.420338
0.278671
0.36716
0.366461
0.378234
0.178929
0.216495
0.340112
0.447135
0.304195
0.362809
0.389003
0.27567
0.425018
0.451775
0.447962
0.436968
0.386628
0.404157
0.445007
0.462499
0.395262
0.445806
0.411083
0.193884
0.407124
0.398461
0.453889
0.385782
0.412861
0.380453
0.424563
0.389367
0.37481
0.38954
0.407854
0.233498
0.375347
0.240919
0.395528
0.389582
0.199068
0.276912
0.369896
0.348181
0.343119
0.353344
0.416052
0.344963
0.236718
0.290528
0.433657
0.410707
0.229524
0.367551
0.432758
0.466034
0.428488
0.414319
0.444328
0.411147
0.428734
0.464924
0.32881
0.321281
0.257943
0.380734
0.286804
0.417491
0.435754
0.405078
0.351313
0.399622
0.431557
0.255314
0.393109
0.449577
0.337312
0.306464
0.345741
0.394936
0.339093
0.401098
0.350383
0.433406
0.404047
0.300641
0.314891
0.41712
0.423445
0.423753
0.401476
0.432868
0.402078
0.347361
0.218052
0.187841
0.0867669
0.327237
0.381538
0.264663
0.216449
0.415025
0.368354
0.329455
0.420241
0.455319
0.371617
0.373968
0.468055
0.465825
0.369031
0.400594
0.345967
0.140305
0.448058
0.297445
0.467929
0.348261
0.418249
0.160887
0.426089
0.436646
0.429233
0.251007
0.410742
0.384393
0.198916
0.381531
0.441435
0.398841
0.427799
0.421543
0.413362
0.286276
0.352447
0.419056
0.366564
0.36004
0.37969
0.193463
0.368679
0.189694
0.423884
0.44826
0.437223
0.397537
0.237607
0.348208
0.21523
0.428725
0.228782
0.286508
0.393357
0.433183
0.409691
0.300515
0.406969
0.299914
0.333645
0.399656
0.435391
0.432451
0.314412
0.323486
0.431882
0.281395
0.232778
0.390937
0.441326
0.349646
0.363066
0.368038
0.400259
0.358116
0.420817
0.403166
0.400928
0.42045
0.439375
0.336284
0.369908
0.432139
0.303341
0.41633
0.381763
0.410284
0.436532
0.401365
0.428501
0.434218
0.363452
0.439644
0.219439
0.356475
0.413143
0.361261
0.406356
0.343233
0.360106
0.41269
0.310779
0.415153
0.355257
0.396945
0.383821
0.452911
0.241802
0.213295
0.180935
0.353956
0.284264
0.170885
0.264257
0.260622
0.169426
0.415349
0.261465
0.317639
0.276088
0.383137
0.301314
0.163935
0.148586
0.319269
0.172805
0.287156
0.322328
0.405269
0.415284
0.432801
0.293467
0.295436
0.362424
0.16654
0.338398
0.275698
0.327215
0.174858
0.433328
0.281933
0.446393
0.358819
0.401863
0.271664
0.286769
0.217299
0.24862
0.257911
0.269956
0.422028
0.442018
0.40493
0.219406
0.249608
0.2639
0.242101
0.366604
0.258133
0.163952
0.230562
0.347612
0.275714
0.147604
0.417508
0.142916
0.424672
0.237753
0.442385
0.346964
0.193684
0.408485
0.336008
0.382931
0.346096
0.365996
0.219799
0.285147
0.263613
0.331523
0.357325
0.254604
0.350945
0.336728
0.428568
0.32373
0.350006
0.445281
0.309971
0.256705
0.272064
0.430866
0.378155
0.357679
0.18085
0.421724
0.184916
0.292035
0.273776
0.431012
0.330823
0.350373
0.271255
0.352139
0.211956
0.326019
0.218336
0.220156
0.210638
0.303886
0.238265
0.281765
0.239812
0.156543
0.421886
0.271174
0.324198
0.358671
0.305012
0.279313
0.267559
0.347295
0.23443
0.311139
0.285038
0.159325
0.328363
0.241758
0.227928
0.392481
0.296341
0.331014
0.299273
0.19573
0.317485
0.303639
0.264878
0.345157
0.264826
0.349704
0.317361
0.187983
0.362968
0.281263
0.348411
0.286404
0.28104
0.368843
0.15451
0.212075
0.26727
0.351009
0.337084
0.303693
0.164472
0.378644
0.279362
0.343942
0.30528
0.161405
0.235024
0.327193
0.30401
0.131989
0.324949
0.170923
0.286466
0.352105
0.305811
0.294083
0.28946
0.357498
0.264085
0.290074
0.276793
0.324225
0.379034
0.256047
0.406042
0.14926
0.267633
0.274998
0.244552
0.275694
0.266351
0.27593
0.331379
0.2934
0.271904
0.404078
0.355608
0.288059
0.237385
0.227821
0.26143
0.142829
0.145776
0.336847
0.23298
0.151487
0.272391
0.279914
0.267618
0.176095
0.327678
0.371661
0.289041
0.3349
0.397579
0.43488
0.267653
0.262053
0.315419
0.28234
0.346141
0.165585
0.437272
0.327882
0.430889
0.359499
0.329618
0.341958
0.261471
0.256442
0.261305
0.267092
0.328185
0.290437
0.252203
0.225149
0.290604
0.436469
0.262594
0.377665
0.324967
0.378869
0.313061
0.332119
0.413149
0.191793
0.254411
0.413619
0.246974
0.339636
0.356524
0.268726
0.288377
0.301592
0.191247
0.155913
0.368796
0.328104
0.254983
0.305396
0.265742
0.436109
0.295808
0.357613
0.183568
0.241387
0.305704
0.269472
0.357822
0.288166
0.301527
0.251777
0.35278
0.287602
0.266121
0.434797
0.298875
0.159036
0.267569
0.353935
0.341046
0.273657
0.255794
0.322122
0.287387
0.275868
0.273494
0.319425
0.271673
0.266086
0.437104
0.319721
0.37309
0.240747
0.37543
0.448631
0.289401
0.411578
0.392768
0.254628
0.236358
0.146425
0.260008
0.300862
0.328523
0.285858
0.246485
0.167953
0.339369
0.267184
0.340547
0.164251
0.187208
0.511792
0.521317
0.576414
0.506306
0.503952
0.513653
0.53914
0.561105
0.524466
0.510946
0.443838
0.196046
0.463317
0.452173
0.565373
0.490068
0.514539
0.419202
0.536584
0.500053
0.252719
0.476583
0.468333
0.581002
0.526719
0.503271
0.473979
0.526122
0.451655
0.556027
0.599385
0.57989
0.508895
0.388545
0.476046
0.54794
0.580319
0.553902
0.506136
0.577574
0.451524
0.451524
0.529716
0.490216
0.274084
0.548423
0.478912
0.478054
0.470339
0.475791
0.534864
0.565093
0.537845
0.507523
0.501034
0.389122
0.544423
0.523225
0.440525
0.470339
0.183351
0.515818
0.442265
0.363698
0.444989
0.271611
0.453536
0.404396
0.394708
0.438809
0.552532
0.518556
0.465051
0.445657
0.522679
0.469595
0.522679
0.458376
0.483059
0.530842
0.409737
0.502555
0.543782
0.529177
0.488515
0.531807
0.446062
0.529259
0.365108
0.390563
0.487331
0.440614
0.467739
0.54621
0.448618
0.530744
0.541693
0.48504
0.240316
0.508391
0.572211
0.441466
0.521943
0.477711
0.495237
0.475441
0.520769
0.615289
0.497002
0.381765
0.449453
0.531232
0.484547
0.524062
0.409737
0.537119
0.457377
0.551109
0.397385
0.491449
0.462235
0.287058
0.469336
0.460485
0.370428
0.270333
0.366547
0.5037
0.511444
0.417209
0.525708
0.587816
0.485858
0.407221
0.572369
0.511012
0.498322
0.545078
0.536175
0.460485
0.476583
0.545283
0.501034
0.553979
0.491625
0.449867
0.457635
0.531807
0.553302
0.591812
0.514539
0.536666
0.526703
0.398927
0.239929
0.521464
0.450018
0.459801
0.566985
0.444645
0.587236
0.473756
0.535741
0.495237
0.571369
0.538515
0.529716
0.504004
0.537191
0.239929
0.550183
0.469422
0.542621
0.554656
0.456882
0.485666
0.440562
0.483795
0.634858
0.365108
0.623028
0.521943
0.587741
0.337753
0.518199
0.525637
0.56652
0.543388
0.490572
0.557372
0.521454
0.532557
0.545751
0.534277
0.541905
0.512456
0.508473
0.428112
0.431398
0.539191
0.510419
0.565881
0.307756
0.481078
0.269573
0.428157
0.474078
0.53658
0.510113
0.471067
0.503638
0.434859
0.583754
0.470469
0.532527
0.538017
0.580185
0.507595
0.517472
0.397233
0.545509
0.546348
0.535741
0.450676
0.583904
0.542204
0.467739
0.537768
0.486536
0.446062
0.605211
0.539691
0.527193
0.434534
0.26336
0.362135
0.359697
0.451975
0.394885
0.486536
0.421619
0.529259
0.504033
0.541587
0.484597
0.532344
0.586315
0.47298
0.363995
0.316731
0.565381
0.521894
0.453683
0.50879
0.445657
0.498894
0.461191
0.50879
0.498266
0.499066
0.499543
0.568965
0.413111
0.537188
0.547781
0.430927
0.57018
0.582637
0.404396
0.504524
0.508373
0.484445
0.471875
0.496865
0.510946
0.502076
0.597134
0.448533
0.530842
0.561482
0.449867
0.468524
0.504033
0.543357
0.601934
0.46125
0.556227
0.499543
0.414092
0.579028
0.470245
0.240316
0.561993
0.514365
0.476038
0.499066
0.599952
0.453839
0.389235
0.269573
0.463708
0.341903
0.106509
0.104093
0.170791
0.108582
0.086034
0.12913
0.130337
0.103747
0.0910955
0.129663
0.159088
0.163173
0.0779963
0.108687
0.134254
0.0592324
0.199604
0.103651
0.178315
0.0935309
0.123882
0.101211
0.179935
0.152571
0.0751966
0.116615
0.121173
0.127969
0.0832018
0.169885
0.0901531
0.0784811
0.131012
0.0599491
0.0824197
0.095615
0.19624
0.0828932
0.17774
0.0513278
0.057877
0.0967324
0.0925879
0.100648
0.10499
0.0871112
0.118553
0.117807
0.0968777
0.109854
0.0874971
0.135156
0.0651857
0.132017
0.0634911
0.0682864
0.0632819
0.108107
0.131653
0.14287
0.0945466
0.121269
0.0700645
0.131917
0.112451
0.0627126
0.181014
0.127727
0.19442
0.102466
0.150668
0.142766
0.147874
0.184669
0.0859695
0.242476
0.165369
0.131498
0.157269
0.140926
0.0548511
0.210263
0.107767
0.0946092
0.173868
0.158849
0.0653231
0.162457
0.0823367
0.131083
0.0793339
0.0993514
0.13074
0.138498
0.110634
0.0971662
0.129082
0.0755441
0.0938219
0.112929
0.0834807
0.0665394
0.18546
0.109805
0.088655
0.100747
0.120557
0.0862358
0.148191
0.0740993
0.127688
0.0723771
0.0778464
0.113268
0.0345472
0.0880464
0.15693
0.117547
0.175604
0.160132
0.0847771
0.151575
0.0483522
0.0662204
0.0865667
0.0361122
0.263349
0.0848151
0.174377
0.0840635
0.0914142
0.168555
0.141051
0.109872
0.111475
0.183107
0.133532
0.195012
0.123019
0.157523
0.061908
0.0961209
0.184402
0.0837625
0.152338
0.0936584
0.134566
0.0584464
0.0826649
0.0841539
0.0741512
0.0915338
0.123505
0.185379
0.0968765
0.105732
0.203129
0.0958691
0.122783
0.124503
0.14949
0.194244
0.129542
0.0818721
0.0627818
0.140532
0.0918173
0.190675
0.0548902
0.153301
0.0631939
0.0854702
0.253454
0.151815
0.143486
0.108428
0.0909568
0.0666113
0.124295
0.0738753
0.0569019
0.139406
0.0870585
0.0659235
0.125966
0.0886894
0.0896447
0.105377
0.0950903
0.10569
0.142971
0.114376
0.169669
0.148879
0.080211
0.098017
0.0968305
0.146738
0.0812876
0.080762
0.0973773
0.107831
0.154892
0.0271522
0.129462
0.0692184
0.0265723
0.0601638
0.0906459
0.177504
0.0441802
0.158026
0.160638
0.139201
0.236536
0.0731785
0.0749884
0.165932
0.0860849
0.121868
0.0541933
0.107476
0.0734245
0.108807
0.125411
0.0977283
0.146237
0.187148
0.0544342
0.167865
0.148016
0.122749
0.157067
0.0669728
0.0808063
0.152818
0.134068
0.201211
0.100242
0.129385
0.0716868
0.105086
0.0751104
0.260826
0.114574
0.0667651
0.157707
0.172019
0.136784
0.103982
0.0875435
0.0760823
0.111734
0.0858384
0.117631
0.170285
0.208125
0.137872
0.108895
0.176259
0.16608
0.0727057
0.224218
0.164135
0.168046
0.0479669
0.169973
0.14487
0.142885
0.114478
0.0785396
0.101481
0.0732352
0.127492
0.0967484
0.0948199
0.0817299
0.100577
0.100877
0.093709
0.169596
0.0457048
0.105721
0.0933677
0.129756
0.105394
0.0610797
0.141171
0.112125
0.14194
0.147177
0.0827647
0.0957377
0.122447
0.15575
0.133434
0.118284
0.0892803
0.171337
0.0986575
0.101297
0.0905704
0.0898521
0.108853
0.0751448
0.0978367
0.114438
0.0610234
0.111965
0.141344
0.117586
0.0791363
0.116734
0.0581005
0.187982
0.136463
0.152712
0.085908
0.140126
0.118713
0.0678011
0.0736926
0.123606
0.119441
0.125868
0.105614
0.113076
0.145455
0.126903
0.125039
0.0684944
0.0547562
0.0746158
0.112277
0.0790397
0.160024
0.0895718
0.179966
0.108562
0.0499358
0.156065
0.0579451
0.250655
0.156629
0.166213
0.0494801
0.132027
0.139146
0.15528
0.082732
0.118255
0.0975215
0.115502
0.135997
0.0890286
0.244747
0.0783592
0.196718
0.133707
0.0414911
0.0754776
0.0890434
0.146655
0.0536829
0.105386
0.0779789
0.194788
0.055205
0.0993
0.0931934
0.161888
0.162881
0.0786493
0.131022
0.133073
0.104798
0.0717478
0.0380444
0.0738852
0.167801
0.127543
0.0819677
0.0902221
0.186207
0.170124
0.121076
0.130596
0.105438
0.110575
0.0819371
0.171063
0.105564
0.183535
0.089015
0.0972155
0.157145
0.0672093
0.105044
0.0484536
0.0780246
0.0863518
0.0754484
0.0966499
0.172783
0.0697686
0.0848155
0.119801
0.174592
0.120861
0.128427
0.119437
0.0909139
0.107671
0.128257
0.0348104
0.15155
0.0929985
0.170869
0.121461
0.127573
0.0610946
0.0866494
0.0997119
0.138523
0.0610402
0.201438
0.0934923
0.277075
0.111976
0.119867
0.112365
0.186514
0.0754465
0.167594
0.0955649
0.125827
0.073419
0.157369
0.0768676
0.0687188
0.158676
0.115036
0.12421
0.10065
0.0488144
0.0872581
0.0917196
0.0683418
0.110628
0.105768
0.122656
0.120619
0.133087
0.172404
0.121307
0.0797726
0.212552
0.0437074
0.0810096
0.0796975
0.142359
0.103879
0.0704205
0.117753
0.103608
0.0752545
0.255766
0.143018
0.115541
0.0955088
0.0902049
0.134195
0.0980023
0.0869393
0.198342
0.0956889
0.117495
0.168253
0.177621
0.138998
0.130261
0.0678093
0.0484306
0.170356
0.119417
0.0620589
0.187368
0.0820604
0.159314
0.116672
0.157036
0.157047
0.18295
0.0499962
0.159507
0.114131
0.0913819
0.0586612
0.143537
0.115465
0.0769501
0.0988499
0.131809
0.0848271
0.113939
0.119561
0.0811933
0.207872
0.156436
0.207635
0.107191
0.167904
0.118058
0.120249
0.0709417
0.0640206
0.149416
0.0689619
0.0528561
0.0978187
0.122256
0.125029
0.136671
0.117724
0.243936
0.0977566
0.1035
0.149596
0.167407
0.22599
0.153816
0.124639
0.0908051
0.0780112
0.171288
0.0665959
0.17358
0.121118
0.152909
0.105013
0.11512
0.113169
0.102443
0.129292
0.129503
0.0657559
0.102769
0.0567592
0.174337
0.15283
0.0609216
0.145792
0.0683695
0.115241
0.148528
0.199643
0.0775568
0.0744192
0.109656
0.0740199
0.0394569
0.128394
0.0893396
0.108636
0.110249
0.151423
0.129298
0.132308
0.11388
0.0724633
0.135514
0.150715
0.0556934
0.146038
0.236511
0.129052
0.0746363
0.124585
0.082425
0.121314
0.0821272
0.172536
0.105845
0.0987178
0.071078
0.125192
0.153229
0.10445
0.129126
0.125068
0.110873
0.0792474
0.0630384
0.0929933
0.179966
0.0951293
0.157771
0.111061
0.0583011
0.129369
0.0938009
0.0947535
0.0917154
0.154619
0.0739944
0.106127
0.0815183
0.104592
0.198579
0.102935
0.120954
0.0587598
0.0719943
0.0544335
0.0510391
0.088388
0.16868
0.136626
0.0691758
0.124247
0.141769
0.209649
0.0455452
0.170291
0.132406
0.0770003
0.107625
0.126607
0.112592
0.140924
0.105658
0.043794
0.121504
0.0761199
0.0566487
0.179451
0.104503
0.0613163
0.115181
0.108712
0.047801
0.0416206
0.0660791
0.103237
0.0829111
0.0833103
0.162514
0.0801943
0.171506
0.139603
0.0976593
0.0732759
0.151611
0.0962368
0.0742717
0.105961
0.140594
0.0716269
0.0614253
0.17255
0.124104
0.154758
0.0851589
0.0795297
0.179569
0.0678907
0.0472372
0.101215
0.126448
0.0478492
0.0802359
0.108823
0.259215
0.0698413
0.221401
0.0624988
0.112888
0.0684638
0.0841534
0.073076
0.0724454
0.0860954
0.0919483
0.209585
0.142723
0.538978
0.154125
0.420258
0.142112
0.30389
0.19384
0.159224
0.458346
0.191871
0.217197
0.39659
0.105167
0.21771
0.0855796
0.268876
0.287476
0.160474
0.203279
0.0762753
0.191036
0.0831321
0.446869
0.075247
0.133323
0.16324
0.0654761
0.185373
0.0776609
0.277478
0.442764
0.0898311
0.254213
0.429645
0.304831
0.151649
0.28864
0.284311
0.260537
0.212182
0.272011
0.0885777
0.0848818
0.156192
0.147335
0.254328
0.459745
0.289887
0.195069
0.308946
0.249651
0.165942
0.209264
0.193285
0.349392
0.209139
0.168192
0.164375
0.274925
0.254763
0.135503
0.202509
0.186748
0.18966
0.196457
0.0853065
0.200467
0.464454
0.320034
0.312089
0.125134
0.185667
0.141341
0.209099
0.32287
0.217849
0.243874
0.105909
0.303378
0.252478
0.168742
0.12752
0.175282
0.064672
0.383266
0.200426
0.0996886
0.150416
0.110086
0.407933
0.382678
0.142899
0.119022
0.255153
0.0821923
0.192892
0.419486
0.200708
0.258443
0.283762
0.0737805
0.0467712
0.28776
0.165621
0.225059
0.0607906
0.231639
0.116427
0.19751
0.396689
0.199298
0.160295
0.135773
0.353296
0.325986
0.147451
0.185554
0.264653
0.208094
0.322486
0.242218
0.0558649
0.046377
0.325183
0.416889
0.124462
0.170394
0.112429
0.114219
0.436571
0.177847
0.0715787
0.112663
0.13632
0.209152
0.282693
0.0778013
0.145416
0.436584
0.233175
0.432295
0.0789669
0.523911
0.279324
0.364332
0.219941
0.200976
0.397606
0.286056
0.158082
0.172009
0.413105
0.210056
0.393542
0.259319
0.198691
0.339361
0.0671517
0.447531
0.376592
0.142868
0.123347
0.101214
0.156857
0.0586968
0.0825477
0.190271
0.491983
0.187374
0.118002
0.0696187
0.24281
0.104347
0.164379
0.429066
0.112657
0.201595
0.343624
0.0613453
0.146239
0.0862691
0.25043
0.0940606
0.228823
0.33603
0.295011
0.315348
0.211215
0.259118
0.273214
0.171253
0.367618
0.107571
0.129204
0.0620089
0.22613
0.339033
0.153957
0.388618
0.0950113
0.189458
0.243628
0.280653
0.080589
0.243083
0.176894
0.0501823
0.348502
0.174423
0.159902
0.0997655
0.454287
0.0735099
0.196004
0.368898
0.246013
0.163385
0.153046
0.0690641
0.195149
0.131213
0.112177
0.39174
0.218292
0.442538
0.240187
0.22934
0.206922
0.117952
0.193556
0.121214
0.14949
0.124653
0.215561
0.381826
0.0751621
0.490811
0.0825295
0.104121
0.31622
0.309401
0.169815
0.179206
0.220596
0.146331
0.308547
0.26582
0.361995
0.139666
0.30048
0.245657
0.491656
0.422894
0.0994193
0.141096
0.226634
0.448679
0.286928
0.413313
0.26503
0.0721969
0.233666
0.146686
0.195853
0.441776
0.18086
0.219953
0.269954
0.062017
0.361605
0.30334
0.139542
0.181309
0.346794
0.381883
0.109009
0.193199
0.373052
0.140668
0.215033
0.361665
0.102654
0.47867
0.16219
0.38603
0.203061
0.230067
0.111117
0.309787
0.357206
0.138221
0.214703
0.0349764
0.139058
0.0406205
0.0727736
0.08489
0.106514
0.135698
0.142859
0.411266
0.0675758
0.0977826
0.1671
0.154592
0.0700355
0.0474767
0.337554
0.0940968
0.236606
0.106091
0.179037
0.100469
0.144951
0.140228
0.479383
0.0668266
0.353982
0.256544
0.339675
0.140071
0.0640115
0.151958
0.103689
0.121406
0.237696
0.146723
0.343634
0.0654154
0.179165
0.224189
0.179414
0.220307
0.203281
0.24737
0.20076
0.371446
0.543545
0.15536
0.11386
0.191717
0.421968
0.357441
0.161092
0.267008
0.0840014
0.0522032
0.164759
0.343082
0.397878
0.413472
0.147775
0.213444
0.0729903
0.131117
0.359795
0.221219
0.505104
0.0928779
0.253857
0.160932
0.13763
0.095297
0.231678
0.055002
0.423416
0.439035
0.264484
0.405694
0.0914887
0.303489
0.314585
0.197086
0.32436
0.477062
0.437347
0.162192
0.215931
0.286261
0.387931
0.157341
0.0915371
0.0594836
0.146221
0.401109
0.125382
0.358941
0.21598
0.119286
0.117281
0.19183
0.311949
0.148619
0.178085
0.195752
0.198322
0.199296
0.0816767
0.134291
0.178459
0.0603954
0.238376
0.243977
0.173507
0.0864813
0.184624
0.140454
0.243676
0.0609225
0.192272
0.12871
0.0959391
0.0581706
0.224387
0.102157
0.11978
0.38199
0.209289
0.212953
0.317846
0.0883016
0.159596
0.170587
0.284884
0.16071
0.276968
0.424136
0.109179
0.0425914
0.256534
0.131581
0.173553
0.183879
0.468608
0.0515086
0.244349
0.430712
0.268676
0.223998
0.344517
0.112359
0.133977
0.5116
0.385655
0.080396
0.180789
0.448358
0.149161
0.313268
0.160169
0.0499408
0.37948
0.0798313
0.0985405
0.0555912
0.282698
0.123938
0.170569
0.330007
0.177954
0.0646169
0.0621941
0.338563
0.24557
0.103024
0.233672
0.28451
0.218448
0.376521
0.207991
0.0309851
0.18114
0.13006
0.0964454
0.144167
0.374337
0.0563986
0.144073
0.0684697
0.165074
0.202416
0.250524
0.119317
0.424309
0.326847
0.254398
0.074289
0.167775
0.313343
0.370784
0.11755
0.263658
0.335004
0.234712
0.196361
0.100412
0.121187
0.160249
0.218103
0.150637
0.370129
0.0809775
0.250804
0.303712
0.119891
0.191913
0.270669
0.185179
0.156926
0.179007
0.389289
0.0876364
0.245541
0.153223
0.255261
0.224491
0.167529
0.251937
0.174276
0.32714
0.142362
0.0976578
0.401809
0.202762
0.100006
0.145774
0.230132
0.103905
0.405266
0.248262
0.388064
0.204002
0.263623
0.149232
0.0817869
0.218275
0.185519
0.291061
0.141281
0.103988
0.308238
0.206299
0.118919
0.0779011
0.185345
0.138242
0.230988
0.393752
0.0649105
0.0584307
0.393363
0.403515
0.206026
0.144033
0.0584528
0.12626
0.125303
0.198041
0.320898
0.372102
0.182333
0.115553
0.282097
0.0675868
0.158321
0.232989
0.208159
0.414814
0.0488426
0.329549
0.102029
0.151334
0.178576
0.12394
0.420908
0.50155
0.216021
0.358499
0.0594314
0.492423
0.094596
0.248692
0.166109
0.445956
0.409069
0.194778
0.0880371
0.165592
0.141011
0.197388
0.345856
0.18062
0.305233
0.133672
0.178958
0.26051
0.139669
0.182576
0.406183
0.369702
0.366257
0.311871
0.399144
0.421671
0.194798
0.144825
0.204238
0.0680136
0.0702248
0.268321
0.0503944
0.337618
0.494165
0.167258
0.216001
0.437609
0.333414
0.109258
0.257274
0.343714
0.151204
0.417612
0.320368
0.32113
0.251922
0.224857
0.178018
0.235108
0.145066
0.188173
0.333403
0.297316
0.244703
0.0939116
0.171057
0.155511
0.1464
0.169132
0.08964
0.210549
0.330901
0.356392
0.125331
0.432134
0.209471
0.177167
0.0830876
0.174089
0.411351
0.100937
0.255178
0.250661
0.142841
0.348288
0.326092
0.505604
0.12091
0.365373
0.181926
0.163437
0.252755
0.178104
0.199818
0.0729411
0.12225
0.339567
0.0526701
0.0482461
0.20587
0.17464
0.215273
0.251508
0.118505
0.142715
0.0492473
0.275515
0.253302
0.133166
0.110111
0.22191
0.317546
0.242579
0.128489
0.321116
0.109692
0.176302
0.0975059
0.128778
0.16581
0.0731399
0.141891
0.154762
0.229189
0.309078
0.100865
0.245095
0.316742
0.135018
0.130255
0.185729
0.24186
0.355292
0.188598
0.0638219
0.151214
0.177305
0.148197
0.0962637
0.371308
0.0860218
0.367941
0.0961713
0.0929536
0.232428
0.246461
0.086222
0.25774
0.12302
0.238572
0.22836
0.271263
0.145965
0.139011
0.278789
0.291894
0.204818
0.255885
0.105029
0.142364
0.313308
0.216991
0.25574
0.137612
0.144984
0.207671
0.128189
0.212628
0.204368
0.219274
0.153205
0.225461
0.255433
0.304687
0.152981
0.302004
0.184603
0.265258
0.0453198
0.221041
0.355313
0.264596
0.270234
0.147595
0.276596
0.170346
0.158686
0.130673
0.197851
0.185426
0.275764
0.345178
0.189531
0.238286
0.216348
0.16678
0.129876
0.185928
0.112667
0.348185
0.369777
0.190569
0.1517
0.171875
0.0663007
0.211887
0.137668
0.199088
0.10842
0.133079
0.180432
0.195137
0.387153
0.169142
0.155614
0.10793
0.308619
0.167409
0.201627
0.219581
0.068812
0.0699931
0.245247
0.0871402
0.14617
0.247515
0.200969
0.20648
0.189145
0.16061
0.282044
0.179604
0.278463
0.286169
0.258519
0.312291
0.193431
0.215186
0.299881
0.324208
0.158922
0.132486
0.092863
0.133192
0.104302
0.13488
0.11739
0.0665753
0.107187
0.235045
0.0522502
0.283811
0.216329
0.102909
0.0999767
0.107356
0.201219
0.113875
0.286536
0.184349
0.166295
0.329574
0.180245
0.231454
0.222823
0.263923
0.202182
0.147133
0.152562
0.150129
0.139453
0.331069
0.189625
0.155126
0.165427
0.338884
0.272746
0.171751
0.143457
0.260516
0.106817
0.166073
0.107122
0.0455504
0.342377
0.232559
0.253482
0.265327
0.206378
0.131816
0.0770735
0.146972
0.164157
0.20438
0.283306
0.398067
0.167133
0.102122
0.116593
0.176139
0.176526
0.0837546
0.0941468
0.284664
0.0846066
0.178352
0.348045
0.120658
0.302577
0.0860939
0.149733
0.27937
0.227612
0.0342503
0.0935642
0.349912
0.212581
0.154765
0.142133
0.323181
0.220693
0.0979124
0.211939
0.194485
0.179285
0.148468
0.317721
0.246542
0.278419
0.161035
0.135897
0.110774
0.149441
0.185206
0.180256
0.191836
0.183451
0.17725
0.140035
0.124592
0.300892
0.344715
0.11471
0.115071
0.108129
0.298337
0.230058
0.289359
0.0633582
0.147472
0.0949918
0.241061
0.230926
0.196986
0.186573
0.162505
0.198021
0.169527
0.235895
0.0831399
0.191709
0.292052
0.0954922
0.136694
0.280608
0.0448666
0.207212
0.102925
0.146364
0.0625931
0.258658
0.112582
0.147221
0.191679
0.24842
0.170463
0.215616
0.211817
0.11813
0.188196
0.0406553
0.218883
0.355303
0.184113
0.205065
0.118736
0.310205
0.10282
0.186108
0.175792
0.20087
0.25332
0.235477
0.0697242
0.156777
0.199454
0.0462751
0.0658299
0.134122
0.137393
0.0659144
0.185232
0.146588
0.358478
0.135336
0.0604039
0.248274
0.193817
0.307469
0.263745
0.372173
0.0697198
0.363238
0.258024
0.0417225
0.193032
0.0788051
0.255254
0.206535
0.339575
0.121505
0.136391
0.167229
0.321196
0.199231
0.183834
0.0369919
0.1501
0.163617
0.0959845
0.140016
0.112358
0.225792
0.192365
0.296568
0.236969
0.214983
0.0853578
0.206575
0.123504
0.335718
0.117968
0.134993
0.357684
0.2275
0.248402
0.298094
0.118157
0.257939
0.100184
0.145665
0.19548
0.061077
0.0997389
0.182534
0.264244
0.237497
0.109922
0.184969
0.0769098
0.265463
0.222355
0.161998
0.152328
0.178586
0.236666
0.108088
0.253581
0.198085
0.0843044
0.305765
0.279817
0.156979
0.334675
0.2676
0.208781
0.254807
0.248488
0.32756
0.321587
0.288005
0.0642341
0.254939
0.061545
0.148516
0.196039
0.151132
0.2084
0.214477
0.111206
0.120605
0.156887
0.250343
0.354326
0.0733922
0.128438
0.170902
0.0663242
0.232121
0.169436
0.323306
0.155105
0.081673
0.247424
0.193143
0.134702
0.199129
0.202098
0.258633
0.161212
0.0830484
0.151107
0.0941974
0.165014
0.359244
0.279961
0.052593
0.253728
0.17146
0.12079
0.253052
0.205769
0.27081
0.364865
0.135298
0.080559
0.100108
0.121646
0.0986038
0.213065
0.083913
0.16014
0.1375
0.140666
0.31338
0.250943
0.13391
0.245405
0.134185
0.0367493
0.231574
0.320227
0.353418
0.0992421
0.154825
0.23758
0.223126
0.195685
0.0656369
0.136561
0.223402
0.339396
0.245822
0.23348
0.157821
0.328933
0.184313
0.0833236
0.203676
0.124121
0.165713
0.0910618
0.20849
0.251027
0.279157
0.159501
0.208216
0.0948106
0.142718
0.0663746
0.168127
0.169344
0.312281
0.131298
0.119428
0.104391
0.172328
0.162031
0.194005
0.232092
0.341655
0.233886
0.223419
0.328894
0.181495
0.165986
0.125736
0.270356
0.111102
0.170178
0.197812
0.158787
0.254226
0.11834
0.259804
0.214534
0.142691
0.154416
0.213389
0.108243
0.243539
0.102614
0.272225
0.119812
0.110886
0.1277
0.233016
0.154742
0.2357
0.174692
0.307509
0.213353
0.289514
0.303905
0.128722
0.148468
0.266166
0.292178
0.154944
0.227653
0.342779
0.166274
0.14786
0.159967
0.220951
0.132214
0.270718
0.132055
0.142803
0.202169
0.165272
0.194961
0.136258
0.0882048
0.353706
0.161791
0.148165
0.0986795
0.363081
0.165677
0.281574
0.302633
0.0811011
0.112512
0.210117
0.326475
0.124469
0.109438
0.252095
0.161726
0.128813
0.174249
0.0866654
0.147316
0.175557
0.390194
0.132261
0.237363
0.0972848
0.123119
0.100739
0.263826
0.103626
0.146325
0.12101
0.119583
0.19074
0.228426
0.0862238
0.0721479
0.149238
0.209057
0.248576
0.225912
0.19191
0.159075
0.0819258
0.118839
0.0723935
0.131804
0.262426
0.175639
0.179355
0.155595
0.206432
0.263196
0.0958382
0.242784
0.220596
0.30696
0.110854
0.146183
0.197072
0.118933
0.193914
0.249228
0.193616
0.288422
0.184797
0.289097
0.123879
0.190832
0.167745
0.309484
0.258934
0.135524
0.207615
0.24594
0.111982
0.318053
0.125107
0.224242
0.1437
0.161647
0.138071
0.140118
0.189305
0.170541
0.268954
0.259455
0.0890426
0.181745
0.342519
0.145409
0.165151
0.107723
0.173444
0.311006
0.160289
0.229357
0.126389
0.115405
0.31113
0.229603
0.10862
0.0990597
0.210782
0.0537439
0.210365
0.166159
0.187558
0.301983
0.23924
0.259443
0.408063
0.192413
0.317295
0.211251
0.115449
0.146506
0.139883
0.178136
0.347299
0.0692141
0.10072
0.133295
0.337041
0.157654
0.15075
0.171321
0.0873553
0.273362
0.350873
0.187481
0.169216
0.186047
0.0910094
0.0548265
0.21509
0.19603
0.0841678
0.0927314
0.0797343
0.106615
0.251825
0.251331
0.212548
0.109078
0.223736
0.18094
0.132099
0.0953156
0.146948
0.170839
0.166907
0.151033
0.0926603
0.153336
0.0952976
0.12206
0.142132
0.201796
0.0842459
0.13195
0.137708
0.142335
0.219112
0.127279
0.158848
0.140295
0.143353
0.208547
0.201023
0.213227
0.230402
0.231013
0.123657
0.155394
0.10554
0.139161
0.0807376
0.216531
0.182914
0.166332
0.178689
0.0643996
0.101965
0.0753999
0.0900757
0.0826167
0.0761778
0.139791
0.104995
0.104729
0.176822
0.158312
0.191946
0.111458
0.20462
0.117132
0.0697643
0.0563674
0.0386575
0.141632
0.095208
0.165039
0.21041
0.184572
0.0772517
0.214237
0.317613
0.273339
0.0960311
0.193234
0.242457
0.10682
0.078699
0.0542773
0.250849
0.258707
0.13509
0.149773
0.104309
0.123969
0.162253
0.188054
0.0716794
0.134259
0.0591676
0.168502
0.149394
0.192683
0.0836963
0.102294
0.157649
0.242938
0.109936
0.255391
0.139999
0.252194
0.0993017
0.163913
0.0940482
0.114963
0.102251
0.0710832
0.0668843
0.131705
0.25334
0.104856
0.194571
0.114986
0.14211
0.1445
0.112219
0.107082
0.143874
0.0826076
0.100725
0.159961
0.181424
0.201244
0.16783
0.0857497
0.155163
0.235099
0.159343
0.105338
0.212224
0.0360208
0.212643
0.151642
0.0744302
0.0390058
0.171804
0.141163
0.191851
0.107926
0.112494
0.0588086
0.241362
0.200285
0.157456
0.179442
0.0838604
0.137024
0.107313
0.197377
0.106208
0.137092
0.210549
0.182793
0.0735617
0.076162
0.137577
0.188991
0.0831929
0.181579
0.129472
0.135398
0.195022
0.0777606
0.150201
0.179761
0.183007
0.136654
0.0839197
0.137103
0.0774316
0.13317
0.0551897
0.160552
0.20665
0.108593
0.106928
0.176544
0.102756
0.21201
0.138455
0.124921
0.182278
0.102376
0.123003
0.0889214
0.153457
0.203855
0.158986
0.108278
0.105942
0.186511
0.25946
0.198278
0.079114
0.140667
0.0849039
0.132563
0.190009
0.243862
0.183452
0.245919
0.160923
0.160024
0.157274
0.139212
0.209009
0.116044
0.199475
0.206036
0.278722
0.0674721
0.238122
0.222967
0.205616
0.143879
0.205504
0.257798
0.226316
0.120291
0.128401
0.0727608
0.211495
0.281121
0.133319
0.0860626
0.099077
0.101235
0.21048
0.100007
0.291694
0.0783584
0.0851739
0.122992
0.168502
0.151088
0.0978897
0.212247
0.233059
0.228852
0.135409
0.161607
0.124326
0.0792103
0.117813
0.101812
0.265977
0.138821
0.1611
0.276254
0.070297
0.13846
0.153064
0.104642
0.208846
0.132865
0.132393
0.0692724
0.201886
0.161711
0.0843116
0.313273
0.101123
0.106807
0.232676
0.0886123
0.263968
0.159521
0.119627
0.234163
0.124426
0.140429
0.231047
0.0663574
0.253242
0.183528
0.129721
0.0659531
0.238229
0.143579
0.0926573
0.145057
0.164432
0.0991379
0.146426
0.129342
0.12731
0.149047
0.252425
0.283074
0.0991158
0.104722
0.27706
0.175953
0.229422
0.200494
0.25695
0.046105
0.299995
0.101079
0.0536417
0.101236
0.125208
0.130718
0.170762
0.2462
0.289089
0.230167
0.152109
0.225002
0.203867
0.262441
0.207417
0.240527
0.0593842
0.144655
0.0525852
0.179002
0.0595258
0.172995
0.153814
0.133028
0.0817185
0.175272
0.0961602
0.0732049
0.210996
0.192651
0.0788396
0.275388
0.10614
0.179233
0.114598
0.0777997
0.0846071
0.108032
0.148164
0.207012
0.255051
0.121049
0.155981
0.190303
0.0845128
0.232622
0.198081
0.201969
0.130293
0.0979737
0.225738
0.248559
0.218217
0.0748701
0.114596
0.174498
0.107288
0.207709
0.193216
0.135828
0.101785
0.156042
0.27308
0.180293
0.128086
0.146865
0.0616634
0.232558
0.142431
0.285689
0.173893
0.192846
0.155009
0.163789
0.179045
0.159563
0.259923
0.133892
0.213327
0.108074
0.0752307
0.193319
0.179818
0.178428
0.187433
0.136021
0.202557
0.0471812
0.17852
0.0678134
0.150339
0.175099
0.0828512
0.114396
0.0792703
0.087774
0.122113
0.0831688
0.265936
0.131836
0.0512499
0.181454
0.0720843
0.0880743
0.183978
0.161996
0.0801954
0.089953
0.12861
0.101108
0.142199
0.188104
0.263524
0.222462
0.211497
0.104941
0.123664
0.108044
0.169554
0.0668536
0.107334
0.164231
0.0700074
0.0887219
0.0816887
0.0674825
0.265411
0.192949
0.147001
0.234343
0.156437
0.193264
0.131227
0.121446
0.146308
0.0912415
0.185626
0.129513
0.141128
0.114102
0.158403
0.0879063
0.171388
0.115267
0.134772
0.0606221
0.102224
0.192789
0.0884151
0.110858
0.134558
0.135193
0.183795
0.0703188
0.104644
0.167648
0.0668367
0.0911983
0.102055
0.104436
0.138966
0.188542
0.163002
0.101421
0.176461
0.122415
0.255287
0.209844
0.134747
0.117462
0.165362
0.105722
0.0957967
0.0755312
0.084334
0.0913632
0.250684
0.128919
0.161997
0.199609
0.0875985
0.137341
0.104357
0.163064
0.165143
0.152625
0.0462657
0.0966403
0.115267
0.285796
0.126518
0.168592
0.1007
0.183358
0.0919401
0.147078
0.104125
0.120189
0.13535
0.0983796
0.220792
0.141073
0.0825454
0.107772
0.185393
0.214542
0.11712
0.178842
0.129017
0.18321
0.173743
0.155727
0.145496
0.0538258
0.126453
0.226587
0.229577
0.1134
0.0922931
0.167427
0.0786993
0.203348
0.0851598
0.185282
0.165172
0.106548
0.0998994
0.0726363
0.195753
0.0645581
0.170746
0.24123
0.0894716
0.234193
0.165913
0.144655
0.20929
0.296884
0.215794
0.122151
0.232798
0.234881
0.0717621
0.142803
0.192053
0.194775
0.0557624
0.220695
0.149745
0.173476
0.095794
0.0966432
0.0890619
0.207395
0.280137
0.0613428
0.111184
0.0996753
0.178274
0.22887
0.172857
0.179881
0.121273
0.0877954
0.246705
0.136411
0.106484
0.172011
0.192034
0.180331
0.198069
0.106426
0.280819
0.0872036
0.0926527
0.24028
0.120785
0.191044
0.143344
0.155707
0.0497329
0.0393672
0.155606
0.117289
0.214025
0.223148
0.142227
0.252489
0.110298
0.0698288
0.198448
0.175886
0.117947
0.218698
0.115443
0.117968
0.156206
0.0876277
0.14731
0.208187
0.246358
0.20821
0.172569
0.0796832
0.190913
0.1937
0.215809
0.176596
0.192546
0.15972
0.146735
0.187127
0.160585
0.125839
0.191077
0.206274
0.086648
0.112126
0.218653
0.133353
0.0682032
0.190111
0.203604
0.13681
0.096333
0.174717
0.0721745
0.152829
0.0726675
0.124173
0.173717
0.0956081
0.133077
0.0902009
0.183615
0.14558
0.081473
0.0317596
0.0958042
0.132551
0.139106
0.267876
0.0816954
0.0849345
0.177978
0.195052
0.289555
0.15329
0.184015
0.174991
0.120738
0.184952
0.19425
0.130769
0.0966724
0.0618213
0.0895609
0.159238
0.107164
0.0889801
0.178887
0.119373
0.215365
0.178007
0.113197
0.106943
0.177116
0.127991
0.231372
0.411886
0.0886698
0.062221
0.0362446
0.0984438
0.0565717
0.12062
0.208646
0.146628
0.0884134
0.145607
0.0916043
0.108659
0.0901894
0.10197
0.10989
0.172252
0.0308531
0.096773
0.0727611
0.153678
0.0429417
0.073932
0.107711
0.0547067
0.110689
0.0503237
0.0518421
0.0423681
0.113833
0.250014
0.135351
0.176613
0.169727
0.0616554
0.0785868
0.0905701
0.0751712
0.0563837
0.117663
0.148657
0.225653
0.186139
0.0705953
0.168808
0.14213
0.110175
0.103927
0.0670737
0.136367
0.104024
0.0418952
0.0830767
0.163109
0.114182
0.122595
0.151819
0.114317
0.0222345
0.184313
0.0860071
0.0714032
0.0996654
0.0338318
0.127017
0.154606
0.0528824
0.0718653
0.0886546
0.0818995
0.11243
0.0449899
0.23665
0.146414
0.0604193
0.142364
0.17797
0.145893
0.0549739
0.126496
0.0836293
0.0704799
0.0572402
0.0816368
0.194082
0.0971351
0.0969381
0.109812
0.123496
0.101534
0.242342
0.0980692
0.152148
0.102876
0.0479598
0.0322752
0.148317
0.102204
0.0769489
0.106673
0.107922
0.0546964
0.0873949
0.0582692
0.134749
0.0751681
0.164723
0.0590823
0.0985615
0.144998
0.111075
0.0736821
0.104783
0.106617
0.113942
0.0807319
0.0815029
0.153889
0.17957
0.0407135
0.0869009
0.0560838
0.109304
0.066301
0.0436419
0.0650479
0.0439103
0.165006
0.0625296
0.0879413
0.23521
0.0267206
0.0693814
0.121105
0.0804185
0.24625
0.133411
0.0658919
0.0756641
0.0979507
0.097406
0.0994497
0.0853306
0.0662055
0.101539
0.0625508
0.0764763
0.0333188
0.0712339
0.0778924
0.156153
0.0822153
0.0661043
0.0499907
0.044979
0.172857
0.0739469
0.161382
0.125811
0.0367716
0.0551669
0.20335
0.144445
0.0431818
0.0982667
0.0964823
0.126635
0.0409136
0.145538
0.202717
0.124759
0.0992584
0.0689638
0.118936
0.0726412
0.217611
0.0691568
0.17673
0.0728152
0.284648
0.161058
0.0931565
0.0536662
0.107811
0.0848676
0.144139
0.124666
0.102991
0.127983
0.121931
0.137874
0.0741139
0.233721
0.0470274
0.0895173
0.0402252
0.0938286
0.0870624
0.0766071
0.0588398
0.0859938
0.106398
0.141714
0.100182
0.178738
0.146915
0.212026
0.0858894
0.0698695
0.20709
0.16588
0.0975546
0.162004
0.0763108
0.0617631
0.220256
0.108849
0.0890783
0.116245
0.195355
0.112573
0.13983
0.145408
0.0401833
0.0782635
0.133165
0.240037
0.270801
0.0523608
0.118264
0.0995727
0.0605507
0.228369
0.142669
0.12258
0.0580105
0.135305
0.0522796
0.187305
0.0805912
0.0623906
0.0226093
0.120645
0.0648063
0.153477
0.0682507
0.0483821
0.0768376
0.132859
0.0759111
0.209119
0.174723
0.0514597
0.0956679
0.146356
0.0946688
0.102408
0.0317307
0.0675162
0.0933977
0.111684
0.0921474
0.0824739
0.105694
0.115801
0.0783309
0.156075
0.132465
0.133468
0.165623
0.101047
0.0834533
0.0944449
0.108615
0.0976174
0.0836439
0.121092
0.170662
0.113529
0.0859842
0.195278
0.0789249
0.221633
0.167947
0.0304475
0.0868614
0.099827
0.123256
0.0608803
0.04832
0.0747413
0.0473047
0.120743
0.0864105
0.128062
0.106169
0.0471135
0.220702
0.0341218
0.0894587
0.119349
0.137663
0.118952
0.088312
0.158093
0.0479094
0.251757
0.0974834
0.0757356
0.11507
0.111183
0.155177
0.0829114
0.102992
0.0583773
0.0444749
0.281056
0.0856924
0.115609
0.0935557
0.081661
0.081586
0.0922465
0.149776
0.0594843
0.0488149
0.103563
0.0491033
0.0780076
0.0522099
0.107878
0.0696556
0.30801
0.0892913
0.164653
0.102496
0.0514355
0.224802
0.087135
0.164966
0.0564206
0.160463
0.0710174
0.0405293
0.0634429
0.0900835
0.0516804
0.0310878
0.0955708
0.039149
0.117395
0.163468
0.102743
0.0900365
0.0766251
0.147798
0.0414584
0.152337
0.118909
0.0294088
0.0464254
0.0629753
0.14161
0.0885851
0.0889564
0.0871416
0.106189
0.0554921
0.162029
0.0979311
0.0633167
0.0360157
0.0747409
0.128347
0.133045
0.164194
0.0937978
0.246417
0.0281621
0.102069
0.0901851
0.0499262
0.26641
0.185831
0.239228
0.0510406
0.0674559
0.0724172
0.0603961
0.141084
0.0406186
0.0962387
0.0524233
0.158068
0.0353506
0.0838993
0.147613
0.145313
0.0556408
0.157219
0.0624158
0.0546964
0.0751343
0.065982
0.13324
0.0815524
0.115616
0.0586261
0.232092
0.171877
0.169634
0.154283
0.0807364
0.0762287
0.106199
0.146377
0.148199
0.0489196
0.262716
0.143383
0.0842181
0.0456816
0.0947086
0.108897
0.0468502
0.184559
0.0832072
0.144978
0.0841814
0.0369209
0.0904471
0.0776858
0.0665707
0.114646
0.0664597
0.111271
0.117563
0.0511327
0.159361
0.237033
0.0386524
0.0836385
0.0451716
0.06761
0.0741948
0.072665
0.0237072
0.0316672
0.0685064
0.0503519
0.0498801
0.0718859
0.0977396
0.115338
0.0907438
0.183834
0.0218722
0.195534
0.0695869
0.070398
0.0703555
0.0781766
0.0644098
0.063644
0.115518
0.0467987
0.0741217
0.0735554
0.079598
0.178964
0.0976755
0.260694
0.0699728
0.0872967
0.0457113
0.0946363
0.164762
0.136153
0.0949296
0.0608448
0.09611
0.18359
0.115527
0.128438
0.118429
0.119244
0.0612623
0.141819
0.0641673
0.193381
0.0483648
0.0568646
0.0949833
0.0844288
0.0625497
0.079562
0.201496
0.0562265
0.108381
0.118178
0.0228679
0.0951457
0.162239
0.112931
0.0778656
0.0897738
0.0586869
0.116626
0.0810216
0.0581658
0.183523
0.122168
0.103238
0.135079
0.0874811
0.0859669
0.0906046
0.107415
0.0525806
0.115906
0.174222
0.0699216
0.150546
0.043645
0.146846
0.0618062
0.137035
0.0223536
0.0670983
0.0874851
0.0809645
0.132538
0.0690265
0.124025
0.0937662
0.0389192
0.162396
0.127124
0.205943
0.0377156
0.0985164
0.104101
0.210132
0.0637229
0.0623162
0.0960346
0.102324
0.034584
0.170257
0.101495
0.255911
0.0690172
0.250696
0.0916281
0.0314064
0.0998838
0.0989282
0.0360229
0.0718568
0.133926
0.113314
0.129578
0.181063
0.0400644
0.141782
0.110556
0.0677556
0.137207
0.125946
0.0770269
0.0879539
0.205226
0.107602
0.0429302
0.11947
0.0545635
0.147031
0.0503094
0.136293
0.132813
0.257878
0.161736
0.0909722
0.173786
0.239162
0.0721122
0.0726965
0.125515
0.233916
0.122018
0.0914378
0.183682
0.0320006
0.125201
0.0872479
0.0678726
0.0370623
0.0733168
0.058397
0.0742467
0.0756345
0.237261
0.0451679
0.160094
0.0471613
0.121649
0.165344
0.115321
0.0213411
0.0822425
0.116006
0.0569223
0.129679
0.0513055
0.0382031
0.059529
0.124608
0.0846346
0.101921
0.0992307
0.183285
0.0335624
0.0806842
0.105327
0.0900679
0.0935507
0.101374
0.118436
0.0341107
0.0957903
0.117215
0.0900158
0.148741
0.053764
0.0576275
0.125884
0.120048
0.119018
0.0405306
0.0824839
0.110635
0.278117
0.0670058
0.0498291
0.25546
0.0605564
0.120184
0.088552
0.0620986
0.254312
0.0216769
0.0677191
0.0828395
0.294269
0.102782
0.141088
0.148228
0.0628952
0.037839
0.0628943
0.0945748
0.132566
0.0881852
0.125057
0.0903623
0.209658
0.326199
0.0619614
0.0956606
0.0208025
0.0624984
0.0901805
0.0619891
0.0353766
0.10718
0.127095
0.0555903
0.371568
0.0718208
0.0927156
0.130221
0.111937
0.174306
0.0686683
0.21325
0.165233
0.130624
0.249552
0.189474
0.179134
0.0465627
0.060734
0.0736236
0.162453
0.0949939
0.15995
0.122344
0.118395
0.181562
0.0415791
0.142179
0.0791251
0.0698311
0.147165
0.0657039
0.0625992
0.0830897
0.185976
0.0925955
0.109171
0.175351
0.0896402
0.179724
0.133446
0.0880568
0.13265
0.154265
0.101319
0.190331
0.111884
0.223644
0.137137
0.138335
0.1593
0.0756695
0.0823993
0.068191
0.0623261
0.140441
0.0709019
0.123551
0.10937
0.111961
0.0913399
0.100069
0.106322
0.0946016
0.0934898
0.106136
0.0746313
0.189432
0.139185
0.118199
0.173368
0.0600375
0.0420773
0.190628
0.199769
0.208974
0.0386478
0.100317
0.0976466
0.0719911
0.147967
0.0744062
0.105862
0.185877
0.0621016
0.126987
0.104985
0.0671279
0.113306
0.13224
0.246352
0.0718281
0.0621893
0.120211
0.0851424
0.206407
0.0808439
0.0562347
0.0898315
0.16723
0.169821
0.174628
0.0756672
0.0851962
0.0715492
0.095307
0.150968
0.181905
0.212675
0.132322
0.16458
0.151355
0.0940583
0.0463005
0.0658382
0.194705
0.13292
0.190257
0.093407
0.188902
0.0558878
0.077951
0.178258
0.143587
0.115885
0.182351
0.131138
0.0675055
0.153555
0.142414
0.0663459
0.156074
0.0658452
0.0731263
0.151105
0.124214
0.246583
0.0702196
0.0839174
0.199039
0.0581654
0.0507088
0.0868725
0.158706
0.213351
0.0745914
0.0745507
0.0584673
0.0733492
0.153552
0.120604
0.15196
0.151528
0.181277
0.0713631
0.101056
0.0868683
0.0600437
0.16649
0.0442835
0.0654322
0.18828
0.157882
0.118783
0.106828
0.0513463
0.0910879
0.24808
0.198538
0.14236
0.182768
0.13796
0.271335
0.0754783
0.0513812
0.218774
0.0630424
0.0808687
0.115203
0.0545825
0.155404
0.107955
0.126293
0.165182
0.0739741
0.092518
0.046508
0.204229
0.104432
0.102615
0.243345
0.108854
0.161669
0.12828
0.282133
0.0840993
0.0791492
0.0611308
0.186968
0.120414
0.190248
0.16698
0.147411
0.0606594
0.138503
0.0465528
0.18755
0.108735
0.124601
0.135828
0.111529
0.102475
0.0949652
0.0848986
0.128706
0.180507
0.129105
0.0493065
0.206602
0.097836
0.173244
0.124486
0.195808
0.0492734
0.135618
0.135168
0.0960609
0.248527
0.136443
0.127679
0.233008
0.163685
0.0583688
0.0976625
0.0659729
0.0773634
0.105932
0.0311767
0.0836688
0.0798613
0.0864933
0.168908
0.124201
0.0516168
0.0814821
0.101431
0.0855917
0.144759
0.219509
0.0808644
0.119434
0.087424
0.0792384
0.150838
0.150916
0.169276
0.102332
0.136309
0.087013
0.21442
0.0884744
0.0528622
0.0718134
0.0645782
0.141782
0.135592
0.217068
0.136239
0.167756
0.106954
0.131308
0.116009
0.0892168
0.0629333
0.126314
0.0406178
0.163664
0.202302
0.0796004
0.182272
0.0986643
0.123373
0.172181
0.133829
0.0325546
0.126643
0.145735
0.105014
0.213663
0.0677168
0.170241
0.189764
0.193838
0.121371
0.107008
0.0947943
0.134817
0.118772
0.159314
0.195733
0.0848887
0.0533689
0.126427
0.171334
0.286143
0.144738
0.104784
0.123492
0.0976811
0.109714
0.0619116
0.0698285
0.230397
0.0532535
0.053383
0.0737861
0.210779
0.0428782
0.0565886
0.214883
0.113502
0.119321
0.131412
0.148478
0.0771505
0.0257021
0.0774172
0.0856098
0.138281
0.172643
0.0507359
0.0527701
0.113757
0.0759006
0.103604
0.0905786
0.111554
0.146996
0.0721442
0.12443
0.0497697
0.0925854
0.046147
0.090543
0.104035
0.111616
0.137758
0.0552699
0.0947544
0.191345
0.158226
0.169652
0.22515
0.0930461
0.0700294
0.0577712
0.140543
0.06781
0.107573
0.180461
0.0932667
0.0622584
0.102132
0.0298127
0.209725
0.134138
0.207352
0.140888
0.170674
0.133593
0.128766
0.190084
0.118147
0.051727
0.0999756
0.140772
0.259451
0.0670363
0.136016
0.069656
0.120815
0.111648
0.0928441
0.131281
0.140405
0.0625818
0.139258
0.148433
0.0821422
0.0834413
0.0791093
0.245494
0.21793
0.0627941
0.144826
0.194029
0.106016
0.0477498
0.104263
0.131313
0.145133
0.182789
0.219218
0.0835986
0.0808668
0.168738
0.0768218
0.171725
0.155387
0.187498
0.114132
0.0537393
0.143697
0.1149
0.176669
0.200423
0.0846516
0.202676
0.115651
0.0457555
0.109782
0.0860445
0.230162
0.0519118
0.0912826
0.178607
0.117656
0.141934
0.125539
0.136277
0.104003
0.155625
0.158406
0.193954
0.125148
0.0690546
0.0850592
0.148611
0.108909
0.199744
0.2269
0.157498
0.155765
0.147626
0.065394
0.199445
0.141431
0.0666903
0.094811
0.151374
0.152206
0.210585
0.132905
0.0702551
0.121519
0.0650576
0.132946
0.136193
0.133159
0.0611325
0.0750016
0.1757
0.165474
0.105787
0.282705
0.0891265
0.0659651
0.126983
0.114607
0.0762059
0.128713
0.130885
0.0678285
0.0897851
0.0729828
0.0882972
0.0958267
0.101486
0.0774029
0.176203
0.0515979
0.0784798
0.0533929
0.120575
0.0647831
0.0877145
0.063049
0.0348859
0.0341785
0.0629554
0.0985904
0.0992585
0.161882
0.0668187
0.160782
0.0738685
0.136647
0.081059
0.0710513
0.0988268
0.0805491
0.0940625
0.110036
0.128751
0.13308
0.257694
0.193541
0.21201
0.146511
0.0727084
0.109739
0.0812208
0.0687901
0.0630326
0.187917
0.270596
0.115669
0.113043
0.105298
0.124582
0.0687118
0.119306
0.169075
0.120937
0.195256
0.0811077
0.0555275
0.201545
0.0780588
0.0895976
0.173123
0.149428
0.181899
0.0909713
0.156142
0.0631217
0.178795
0.14942
0.158186
0.199249
0.0880302
0.151717
0.070725
0.0812944
0.0596222
0.0823495
0.118997
0.149038
0.111884
0.0586579
0.0669193
0.055153
0.122337
0.175425
0.0915428
0.0768809
0.153238
0.0791301
0.16434
0.103285
0.0678934
0.059777
0.0796142
0.150797
0.097061
0.0714261
0.0608337
0.111186
0.1182
0.0703333
0.15411
0.130039
0.291281
0.0756139
0.0540297
0.155077
0.070275
0.200433
0.105427
0.10112
0.187239
0.0659222
0.0795613
0.181933
0.13311
0.162781
0.157209
0.156848
0.0608208
0.122917
0.115301
0.146854
0.153111
0.13794
0.117611
0.151589
0.0788061
0.13482
0.10792
0.152108
0.0864077
0.122203
0.224083
0.0834381
0.101938
0.094969
0.123522
0.111751
0.0965732
0.222987
0.13339
0.140569
0.0945357
0.0641282
0.0897978
0.146098
0.0751453
0.0779949
0.0834658
0.133377
0.131863
0.0945668
0.168464
0.118862
0.102534
0.0473759
0.128553
0.207705
0.0925579
0.117188
0.0838254
0.14357
0.129614
0.0497806
0.103326
0.188868
0.0511625
0.116947
0.115769
0.122879
0.176656
0.127929
0.136644
0.100137
0.257032
0.202357
0.132606
0.192213
0.101391
0.0972349
0.110268
0.0700887
0.107857
0.0763106
0.0459688
0.138283
0.130164
0.0888717
0.148682
0.0713946
0.13184
0.0805915
0.0913084
0.121139
0.498225
0.12027
0.327568
0.142051
0.0450791
0.2666
0.0649759
0.139791
0.276068
0.0443315
0.0525913
0.110555
0.112773
0.178688
0.261131
0.112621
0.232225
0.103582
0.0575989
0.165109
0.144964
0.0883202
0.274531
0.211732
0.119
0.0575112
0.0894459
0.171214
0.163668
0.142503
0.136185
0.384486
0.221308
0.0652329
0.225758
0.217231
0.0256925
0.25736
0.168725
0.328493
0.35705
0.216368
0.188945
0.0634066
0.0678335
0.161297
0.244532
0.066591
0.129048
0.129603
0.148901
0.190885
0.187445
0.0728977
0.192397
0.0640831
0.106249
0.0781328
0.283284
0.205964
0.101435
0.285224
0.350756
0.165344
0.280454
0.0873991
0.210775
0.0926429
0.0622043
0.149539
0.0643418
0.215569
0.0208814
0.0922113
0.128417
0.143661
0.0507524
0.151743
0.1816
0.12656
0.0743972
0.0736759
0.0591473
0.24529
0.13674
0.161206
0.0675907
0.108123
0.276926
0.0271858
0.143567
0.148794
0.12259
0.211772
0.200742
0.395055
0.148161
0.0936939
0.186267
0.0790777
0.0897038
0.0402112
0.262928
0.0399113
0.124101
0.0805104
0.161699
0.165898
0.210721
0.0561186
0.150145
0.111444
0.384663
0.144583
0.0313177
0.129769
0.0468015
0.113755
0.0775111
0.116527
0.0976462
0.129453
0.0967672
0.18622
0.161672
0.290841
0.388656
0.225796
0.0797879
0.164896
0.0995792
0.165507
0.162316
0.0738618
0.272083
0.08124
0.0455515
0.193887
0.142901
0.193443
0.186454
0.105774
0.154631
0.156022
0.133582
0.29136
0.282499
0.101013
0.183928
0.162115
0.119022
0.34295
0.0845931
0.0701642
0.249931
0.197912
0.0812145
0.246728
0.0434738
0.123869
0.118372
0.0443132
0.063407
0.295015
0.068389
0.0718986
0.225057
0.116161
0.277739
0.113198
0.193989
0.357224
0.0773749
0.124611
0.25744
0.243554
0.0787374
0.205337
0.175175
0.0930207
0.128814
0.103054
0.142977
0.119858
0.147143
0.0646166
0.169489
0.221764
0.0456646
0.147432
0.20351
0.106884
0.12111
0.124995
0.241214
0.0692913
0.0356091
0.0240775
0.227436
0.134846
0.139474
0.30404
0.202132
0.117769
0.0521987
0.0675445
0.298411
0.0706245
0.122263
0.179166
0.237698
0.158439
0.077666
0.152589
0.133974
0.390271
0.0945759
0.128963
0.113972
0.0436884
0.0926313
0.118607
0.0855325
0.219208
0.237714
0.163185
0.0897251
0.159146
0.150367
0.0576999
0.144948
0.0857
0.213284
0.0460431
0.177282
0.11296
0.118603
0.237703
0.161368
0.111629
0.0247012
0.144115
0.0932291
0.0912723
0.142683
0.150698
0.0826196
0.272341
0.075844
0.239499
0.154389
0.129137
0.228628
0.131775
0.186799
0.117702
0.204732
0.25666
0.052093
0.171929
0.232127
0.345464
0.239655
0.0391141
0.142159
0.0937764
0.152407
0.10021
0.169525
0.12714
0.124102
0.135955
0.158684
0.298481
0.132859
0.0781038
0.155523
0.122347
0.030295
0.159878
0.175536
0.268088
0.307627
0.0822256
0.108332
0.0958185
0.14712
0.0853698
0.0587551
0.105326
0.126944
0.065854
0.138776
0.079777
0.109699
0.191495
0.14198
0.08369
0.110545
0.141235
0.186397
0.178993
0.194441
0.0541894
0.0487606
0.11905
0.177882
0.0986033
0.217526
0.316235
0.285856
0.213838
0.0496612
0.205497
0.263409
0.103928
0.0978852
0.282101
0.164834
0.0391943
0.151976
0.135838
0.299868
0.251507
0.182007
0.0677222
0.131132
0.119241
0.0451633
0.310305
0.15813
0.309084
0.151747
0.110841
0.158909
0.204762
0.179386
0.169535
0.0530909
0.244014
0.140796
0.119431
0.122717
0.0268425
0.0859882
0.0741725
0.10857
0.204969
0.087489
0.102249
0.0776762
0.116285
0.165105
0.102767
0.135203
0.209042
0.16741
0.19424
0.131324
0.199344
0.0979411
0.0812766
0.19015
0.140187
0.105817
0.124502
0.077424
0.195912
0.0490602
0.0816179
0.155998
0.154429
0.158536
0.241314
0.213599
0.0537956
0.204373
0.130359
0.0695397
0.270931
0.232393
0.0737277
0.0365997
0.0897276
0.0924976
0.234762
0.0902691
0.107599
0.252183
0.0685147
0.0857882
0.111635
0.13934
0.0972886
0.106814
0.151486
0.221691
0.0457411
0.117243
0.0771686
0.104348
0.230221
0.14459
0.0902286
0.228443
0.122092
0.0744302
0.150542
0.190139
0.202138
0.229555
0.0737681
0.171239
0.131965
0.0560773
0.118153
0.0912842
0.308178
0.16457
0.146847
0.0806927
0.0731145
0.0903568
0.15374
0.217962
0.134181
0.0803347
0.305263
0.269761
0.0722335
0.0887752
0.148479
0.148977
0.220532
0.133843
0.0549417
0.29876
0.169271
0.119302
0.128474
0.345972
0.0653047
0.0861065
0.0415817
0.0846206
0.158513
0.0863763
0.194041
0.0409438
0.152229
0.060929
0.204496
0.0638911
0.0849742
0.176831
0.165707
0.147695
0.238266
0.0792384
0.162586
0.225079
0.22656
0.142333
0.0891194
0.168251
0.11563
0.180405
0.268125
0.303849
0.317784
0.244922
0.0871167
0.0725498
0.142363
0.146814
0.0955652
0.156098
0.232116
0.0393981
0.131268
0.275273
0.0498129
0.12658
0.120539
0.162053
0.0762947
0.269363
0.202667
0.105952
0.0503121
0.0429383
0.142948
0.159747
0.121476
0.132612
0.0986128
0.192667
0.0627835
0.0737281
0.19654
0.18692
0.0801783
0.238651
0.0966253
0.0955368
0.156924
0.12686
0.0941184
0.0830645
0.1092
0.306534
0.17618
0.0340485
0.14113
0.147809
0.110921
0.264664
0.374106
0.0485573
0.111072
0.171964
0.155667
0.105366
0.0555515
0.170596
0.171803
0.275001
0.0785511
0.0813447
0.155113
0.0459525
0.124878
0.0488902
0.197189
0.304968
0.203521
0.200562
0.119851
0.352877
0.242853
0.103226
0.297232
0.0837033
0.176617
0.181934
0.0506711
0.166696
0.109082
0.0724417
0.242336
0.0758366
0.305137
0.180327
0.108094
0.045287
0.119738
0.0853514
0.0716286
0.106899
0.0564781
0.0883534
0.139511
0.0493339
0.178384
0.0573153
0.117661
0.135152
0.158265
0.0838859
0.154173
0.164459
0.0828191
0.0979169
0.34212
0.0447869
0.0699867
0.0825769
0.0538091
0.179196
0.374137
0.161485
0.35045
0.314177
0.0907988
0.219735
0.190675
0.139594
0.113849
0.28408
0.246448
0.122733
0.221154
0.220773
0.220266
0.0871388
0.16227
0.0745584
0.0430729
0.247367
0.0379446
0.132408
0.121838
0.0637256
0.310271
0.182309
0.150773
0.0891319
0.198293
0.131661
0.172396
0.220203
0.291611
0.193186
0.111338
0.121101
0.20303
0.0499263
0.183592
0.0619595
0.153796
0.146507
0.364793
0.17873
0.0416454
0.0529277
0.0677209
0.157325
0.186495
0.111053
0.184538
