0.430985
0.30329
0.388372
0.365123
0.259583
0.290433
0.373086
0.282608
0.306802
0.291311
0.382479
0.319916
0.3391
0.320356
0.340522
0.348906
0.340897
0.252738
0.32054
0.343449
0.301118
0.411996
0.31045
0.408955
0.342081
0.298357
0.341183
0.316005
0.403416
0.408631
0.293493
0.311315
0.342937
0.393405
0.358159
0.475564
0.363661
0.262441
0.343574
0.242864
0.397823
0.345246
0.331504
0.30394
0.370606
0.399737
0.36796
0.352015
0.238277
0.453342
0.374236
0.352878
0.262057
0.325375
0.247374
0.366218
0.350093
0.385904
0.262378
0.361747
0.44996
0.378651
0.440806
0.395921
0.349717
0.341693
0.331674
0.350187
0.253195
0.378984
0.292358
0.35886
0.180177
0.42615
0.503069
0.315798
0.34507
0.338269
0.311032
0.397539
0.352104
0.383984
0.372093
0.320388
0.358254
0.314506
0.291396
0.358526
0.33137
0.319556
0.312977
0.432028
0.235832
0.329678
0.421162
0.410149
0.461889
0.386662
0.389971
0.394898
0.445281
0.29824
0.318568
0.423003
0.327013
0.360249
0.333279
0.405996
0.248409
0.315101
0.345301
0.366347
0.390271
0.408691
0.385822
0.399568
0.304695
0.358573
0.359582
0.386298
0.334059
0.321178
0.305397
0.438637
0.342825
0.384701
0.313784
0.395146
0.383994
0.327889
0.318715
0.29671
0.367593
0.413762
0.371455
0.485327
0.344682
0.401476
0.361986
0.404953
0.316163
0.327459
0.322203
0.385363
0.288499
0.399913
0.307418
0.363858
0.274278
0.379418
0.344844
0.469006
0.294797
0.437215
0.415771
0.329119
0.324057
0.349694
0.492053
0.423322
0.367481
0.402201
0.284518
0.341511
0.32911
0.372201
0.328584
0.301214
0.400575
0.405841
0.399878
0.455347
0.324312
0.320641
0.390149
0.316869
0.27434
0.381302
0.387999
0.371399
0.276807
0.26812
0.273061
0.364587
0.400987
0.311302
0.295184
0.332653
0.366172
0.208755
0.335253
0.141727
0.340023
0.32783
0.371595
0.363129
0.483961
0.40962
0.373722
0.32091
0.412405
0.35783
0.297165
0.386544
0.362885
0.373576
0.298766
0.346176
0.349629
0.42017
0.254051
0.362573
0.33807
0.322282
0.352171
0.293822
0.391806
0.452185
0.341734
0.37684
0.346676
0.477346
0.416299
0.443238
0.462631
0.460099
0.354339
0.426037
0.419473
0.325864
0.318665
0.373343
0.322561
0.343552
0.368759
0.403567
0.32078
0.367675
0.322047
0.280513
0.369061
0.349055
0.327771
0.362952
0.397441
0.338875
0.28022
0.313134
0.23257
0.377834
0.324324
0.294374
0.419442
0.299078
0.344951
0.276003
0.39159
0.427464
0.361237
0.403783
0.336155
0.337926
0.329094
0.417883
0.415697
0.297681
0.408154
0.382051
0.3707
0.362001
0.375655
0.390833
0.407157
0.273977
0.255505
0.3479
0.292591
0.454142
0.333471
0.386139
0.22828
0.291949
0.331528
0.411693
0.358123
0.367969
0.275439
0.450131
0.4111
0.35525
0.368708
0.322457
0.346849
0.313849
0.380952
0.394858
0.411709
0.281808
0.379523
0.290165
0.344296
0.309859
0.309022
0.402007
0.417759
0.334627
0.327516
0.351999
0.502209
0.359032
0.427159
0.347119
0.387433
0.314594
0.327563
0.325688
0.407092
0.320904
0.294918
0.385162
0.292012
0.26693
0.358541
0.287425
0.379441
0.294724
0.293137
0.362495
0.348057
0.28087
0.355264
0.380853
0.348726
0.314575
0.393037
0.377071
0.313446
0.254575
0.354624
0.315347
0.342805
0.409245
0.287024
0.300727
0.26572
0.307819
0.499293
0.382391
0.327129
0.333995
0.390334
0.401068
0.246846
0.327166
0.296919
0.303867
0.345033
0.271387
0.321791
0.387803
0.369326
0.321106
0.264773
0.394981
0.367782
0.192034
0.306362
0.30953
0.273595
0.307555
0.327385
0.267441
0.367137
0.353684
0.344189
0.331187
0.267179
0.41616
0.369463
0.374717
0.305971
0.297752
0.24526
0.413396
0.311659
0.374723
0.368938
0.324789
0.410194
0.359387
0.323983
0.348047
0.34351
0.362218
0.243104
0.340325
0.286328
0.372017
0.389305
0.378728
0.256128
0.362802
0.380686
0.353277
0.258716
0.251432
0.26761
0.374294
0.38427
0.350162
0.462662
0.299716
0.406289
0.401774
0.334922
0.255134
0.365897
0.288031
0.472405
0.401047
0.367969
0.37948
0.348619
0.334034
0.444426
0.36623
0.31927
0.33165
0.416541
0.350715
0.313883
0.428581
0.351749
0.303326
0.23826
0.259106
0.333363
0.330872
0.38207
0.403107
0.392348
0.404277
0.347658
0.424273
0.402932
0.409302
0.351816
0.304018
0.250005
0.341115
0.271417
0.346143
0.405623
0.37017
0.33331
0.286714
0.239726
0.265169
0.220129
0.376193
0.404527
0.377925
0.307176
0.435203
0.397492
0.263983
0.384067
0.3988
0.300331
0.28281
0.325716
0.385978
0.358115
0.316939
0.261165
0.338831
0.352919
0.363614
0.352241
0.357237
0.277544
0.333488
0.38569
0.32152
0.312656
0.37561
0.41125
0.344214
0.355038
0.358709
0.332587
0.305394
0.344555
0.326984
0.30066
0.424755
0.425747
0.424781
0.300218
0.40636
0.406931
0.574189
0.361761
0.429791
0.392195
0.413663
0.446409
0.421151
0.404122
0.301157
0.441737
0.343101
0.427456
0.47728
0.517748
0.384986
0.4773
0.454322
0.397119
0.496073
0.510423
0.455271
0.438117
0.351098
0.381139
0.475377
0.436894
0.344142
0.314351
0.369074
0.382317
0.394815
0.41467
0.399529
0.526807
0.456627
0.450093
0.444044
0.376607
0.465555
0.387661
0.521177
0.378383
0.481915
0.461623
0.365512
0.401951
0.465411
0.297424
0.389322
0.522509
0.4026
0.396723
0.378191
0.477318
0.419011
0.384913
0.491613
0.380991
0.492956
0.456527
0.424796
0.465187
0.505593
0.341107
0.504923
0.530225
0.468903
0.353781
0.364658
0.402789
0.371337
0.419087
0.395288
0.427799
0.451376
0.400165
0.472244
0.404587
0.425955
0.316075
0.355585
0.447548
0.44829
0.433975
0.43635
0.281252
0.326218
0.420033
0.492055
0.317899
0.377266
0.426578
0.427749
0.415794
0.372873
0.40046
0.379625
0.475692
0.382816
0.495888
0.374687
0.39399
0.369584
0.417642
0.367088
0.495832
0.333412
0.413095
0.473249
0.466567
0.490906
0.332053
0.400071
0.375185
0.439598
0.419596
0.319904
0.389085
0.37564
0.447566
0.5148
0.47712
0.460108
0.419508
0.417245
0.426102
0.38171
0.398851
0.297352
0.414454
0.35487
0.44166
0.424044
0.434569
0.474262
0.388765
0.371174
0.363051
0.326105
0.477011
0.271243
0.440379
0.454074
0.378049
0.286761
0.305202
0.360665
0.326547
0.308285
0.350153
0.432041
0.474973
0.445877
0.411361
0.432426
0.504695
0.325349
0.422467
0.406986
0.385901
0.357141
0.501503
0.420791
0.450472
0.387835
0.262263
0.422554
0.316535
0.442174
0.459793
0.332755
0.40421
0.336508
0.42039
0.447337
0.323322
0.318043
0.292288
0.418788
0.486583
0.464781
0.355714
0.482293
0.449596
0.409842
0.379905
0.392298
0.449025
0.498987
0.531985
0.383443
0.400217
0.424737
0.443816
0.33011
0.358932
0.36042
0.346199
0.516299
0.437388
0.459047
0.436508
0.405306
0.420849
0.483768
0.497877
0.539688
0.521277
0.522973
0.330411
0.443622
0.280959
0.30715
0.422457
0.436027
0.384784
0.388939
0.430955
0.448484
0.423852
0.396342
0.40535
0.507818
0.396223
0.371331
0.410613
0.457859
0.374297
0.481923
0.330574
0.464538
0.416753
0.36585
0.510785
0.386414
0.333807
0.380345
0.298597
0.350062
0.445986
0.495112
0.423362
0.377834
0.363062
0.382701
0.409977
0.363899
0.431153
0.3757
0.395165
0.420945
0.438301
0.480735
0.407398
0.433481
0.47052
0.336486
0.494257
0.469148
0.280879
0.353623
0.503718
0.353216
0.479846
0.444113
0.446135
0.524371
0.423824
0.33367
0.572771
0.461665
0.398047
0.53433
0.406394
0.396126
0.419895
0.426598
0.37812
0.411009
0.386922
0.266424
0.447936
0.492385
0.361252
0.450487
0.467967
0.452157
0.433843
0.423186
0.394289
0.416021
0.404307
0.372905
0.403435
0.389696
0.501737
0.355008
0.421484
0.410318
0.526299
0.384757
0.398767
0.437548
0.466581
0.468638
0.484527
0.489326
0.445147
0.381168
0.475986
0.414798
0.379947
0.523939
0.423811
0.440097
0.428742
0.418523
0.380896
0.477094
0.494877
0.402141
0.425421
0.347883
0.407166
0.295549
0.459349
0.433356
0.532795
0.351818
0.413038
0.445838
0.506747
0.425194
0.433044
0.34527
0.382969
0.481642
0.358323
0.455781
0.509131
0.433784
0.456602
0.501972
0.355151
0.372262
0.363797
0.324175
0.359382
0.370609
0.450242
0.39458
0.446367
0.455858
0.376096
0.48118
0.338455
0.360228
0.480329
0.397943
0.331998
0.338283
0.366243
0.559181
0.413381
0.457727
0.427484
0.437884
0.385636
0.484819
0.377366
0.416332
0.491812
0.373637
0.437306
0.493222
0.483683
0.413066
0.399729
0.425064
0.404753
0.395946
0.453366
0.307889
0.490877
0.250589
0.422467
0.42401
0.396776
0.475177
0.436681
0.418236
0.394583
0.505902
0.449452
0.362339
0.491963
0.481314
0.39643
0.439689
0.432598
0.389801
0.424652
0.404865
0.525057
0.427005
0.397476
0.427293
0.406569
0.520244
0.393634
0.421983
0.385047
0.413195
0.383122
0.370194
0.337108
0.435247
0.544282
0.444917
0.532593
0.505769
0.406649
0.443922
0.416326
0.449
0.460572
0.350791
0.476112
0.274721
0.395131
0.429669
0.347957
0.286863
0.413993
0.39242
0.384816
0.373393
0.393889
0.400774
0.417308
0.435676
0.441307
0.525134
0.428583
0.39223
0.518101
0.466854
0.404349
0.349015
0.413355
0.534419
0.416014
0.4822
0.410418
0.335388
0.439522
0.411184
0.367175
0.407209
0.3519
0.514326
0.449714
0.408265
0.450967
0.361384
0.484669
0.404975
0.434768
0.358232
0.362767
0.543514
0.354687
0.398961
0.345054
0.505953
0.428832
0.454448
0.379617
0.449957
0.269734
0.466299
0.557149
0.460933
0.391633
0.579332
0.487858
0.491352
0.406528
0.403637
0.41529
0.413537
0.41626
0.394224
0.359652
0.374375
0.504848
0.429387
0.556639
0.316614
0.521541
0.553362
0.519543
0.481767
0.464145
0.508294
0.455981
0.46782
0.462999
0.512569
0.403483
0.513364
0.501662
0.501405
0.388243
0.481354
0.528631
0.501888
0.469585
0.534964
0.573865
0.511074
0.47791
0.51793
0.534536
0.46564
0.41692
0.479812
0.459555
0.535996
0.502997
0.462774
0.388727
0.484588
0.519296
0.444597
0.489522
0.503712
0.496893
0.453648
0.540937
0.433185
0.51081
0.458845
0.517978
0.501152
0.482283
0.425867
0.538692
0.461058
0.518323
0.538231
0.55466
0.495998
0.511701
0.48618
0.450111
0.41294
0.477943
0.426944
0.498022
0.47666
0.489689
0.489576
0.469022
0.512509
0.506401
0.471438
0.497277
0.501686
0.420901
0.593042
0.422931
0.389948
0.564853
0.481751
0.509071
0.434707
0.434927
0.476141
0.429975
0.565065
0.426732
0.50639
0.464538
0.488296
0.500563
0.475747
0.486297
0.484994
0.380712
0.485694
0.532616
0.475507
0.429549
0.451164
0.463686
0.463251
0.463388
0.443093
0.496337
0.399358
0.45345
0.449729
0.461907
0.458784
0.516515
0.564909
0.435764
0.495067
0.506769
0.552763
0.329944
0.413084
0.352769
0.470462
0.374126
0.419675
0.494196
0.533709
0.498229
0.424695
0.532311
0.461756
0.537781
0.471204
0.366503
0.471965
0.451398
0.424892
0.423344
0.492035
0.391008
0.407699
0.487784
0.580935
0.469166
0.451669
0.463934
0.360269
0.492364
0.30816
0.502128
0.526049
0.401412
0.541657
0.496894
0.376654
0.42922
0.488121
0.434891
0.483208
0.457511
0.381133
0.383563
0.521679
0.593109
0.395704
0.43456
0.442854
0.353954
0.412764
0.474008
0.48453
0.463023
0.37697
0.503292
0.486349
0.420851
0.430571
0.473957
0.440825
0.381607
0.440659
0.496418
0.508849
0.50774
0.503411
0.530158
0.522592
0.483365
0.516923
0.326474
0.444726
0.523285
0.485259
0.554337
0.529512
0.450848
0.467075
0.483836
0.45885
0.457261
0.496261
0.465901
0.477852
0.459611
0.539542
0.532055
0.403552
0.556783
0.471717
0.560225
0.476572
0.491036
0.44782
0.529887
0.39497
0.535087
0.46496
0.457735
0.41927
0.585936
0.4604
0.458853
0.412295
0.418192
0.397294
0.484796
0.507353
0.439998
0.540405
0.533753
0.55103
0.396263
0.50105
0.48033
0.464822
0.267592
0.380896
0.415039
0.531951
0.489409
0.492322
0.498487
0.541842
0.500435
0.483454
0.51479
0.489995
0.422472
0.521353
0.473581
0.50835
0.501301
0.483169
0.497418
0.487855
0.407626
0.52192
0.454804
0.513417
0.376889
0.487138
0.534382
0.473973
0.340636
0.471059
0.364209
0.473539
0.5029
0.524869
0.510146
0.468502
0.478543
0.515724
0.439728
0.428224
0.423316
0.564174
0.444014
0.541501
0.346491
0.457342
0.54398
0.532241
0.564698
0.461127
0.494959
0.373493
0.412515
0.582732
0.46712
0.573353
0.412034
0.494391
0.490651
0.485713
0.430904
0.442013
0.440008
0.362434
0.441107
0.564759
0.500079
0.329825
0.512176
0.445618
0.454289
0.49682
0.525945
0.497739
0.51171
0.413199
0.459851
0.45311
0.544616
0.490255
0.465679
0.540032
0.492278
0.497093
0.443754
0.555154
0.440891
0.367855
0.368429
0.535121
0.522754
0.459431
0.449846
0.52151
0.429852
0.465165
0.410204
0.493006
0.432168
0.471647
0.521519
0.477656
0.424818
0.473324
0.562975
0.546199
0.47003
0.546071
0.545382
0.490305
0.542775
0.429139
0.407899
0.371225
0.554426
0.462515
0.500782
0.510605
0.490432
0.466786
0.483023
0.430559
0.477572
0.544394
0.57632
0.49669
0.448052
0.55139
0.441303
0.446212
0.466627
0.51225
0.422425
0.430933
0.468065
0.492648
0.530116
0.498573
0.478289
0.4437
0.4932
0.519261
0.527515
0.491309
0.48439
0.516265
0.503268
0.55431
0.410713
0.484162
0.496725
0.472778
0.458489
0.447173
0.523366
0.505215
0.503395
0.451484
0.451463
0.432544
0.461515
0.484127
0.550828
0.502752
0.452818
0.480625
0.378344
0.349604
0.502294
0.513433
0.383981
0.391083
0.495405
0.485338
0.470081
0.550521
0.470647
0.439991
0.509993
0.48715
0.477884
0.501533
0.497869
0.435048
0.456197
0.490096
0.553383
0.373684
0.471561
0.451102
0.427939
0.412968
0.451252
0.494999
0.537643
0.408502
0.400871
0.433417
0.436453
0.453191
0.491456
0.455554
0.514064
0.510112
0.42037
0.498925
0.502113
0.463413
0.457874
0.546332
0.481747
0.384218
0.424578
0.432852
0.500074
0.466601
0.445191
0.343949
0.474108
0.425672
0.475185
0.489236
0.323744
0.43731
0.469762
0.441651
0.452318
0.537714
0.526316
0.504361
0.423094
0.480977
0.443208
0.420973
0.43119
0.461783
0.543791
0.429762
0.494158
0.429257
0.45076
0.417058
0.486894
0.521477
0.494587
0.49942
0.457763
0.517166
0.489711
0.531531
0.370922
0.510459
0.483677
0.459509
0.54685
0.476448
0.492349
0.440866
0.334321
0.426867
0.412997
0.466098
0.364204
0.423598
0.500598
0.489096
0.465884
0.486408
0.454266
0.504094
0.509571
0.420101
0.497967
0.46653
0.371752
0.562585
0.549489
0.531258
0.553991
0.449508
0.324542
0.551836
0.474757
0.625315
0.540946
0.54437
0.577015
0.560372
0.385722
0.565259
0.589834
0.511578
0.528226
0.532048
0.522409
0.512234
0.538352
0.548868
0.566209
0.482125
0.49095
0.468519
0.582166
0.592012
0.385382
0.591303
0.502673
0.618793
0.589854
0.559446
0.50999
0.5397
0.613338
0.631356
0.450973
0.552815
0.54962
0.470663
0.448021
0.589052
0.598573
0.604103
0.51271
0.60413
0.427811
0.396441
0.582809
0.596166
0.531093
0.604911
0.555042
0.631301
0.502712
0.60105
0.453871
0.565798
0.58086
0.428283
0.562333
0.515022
0.410225
0.443773
0.449476
0.518403
0.46571
0.438685
0.551995
0.426642
0.464282
0.421915
0.510596
0.491094
0.599615
0.450557
0.432808
0.557627
0.540005
0.602197
0.611983
0.563121
0.564069
0.495125
0.432342
0.506459
0.526432
0.52554
0.473846
0.540926
0.512181
0.576669
0.553166
0.611731
0.582021
0.480825
0.427747
0.556617
0.558227
0.541383
0.475983
0.461247
0.35233
0.554388
0.591035
0.598895
0.594326
0.582991
0.505625
0.441056
0.522457
0.492315
0.577104
0.523588
0.355895
0.519074
0.535652
0.478394
0.514596
0.518855
0.590077
0.503649
0.620691
0.575327
0.573807
0.554215
0.353698
0.57738
0.548854
0.519555
0.602964
0.544869
0.522503
0.49411
0.535198
0.623371
0.576571
0.39164
0.50555
0.590798
0.544031
0.556606
0.556146
0.398074
0.422217
0.569722
0.454121
0.580893
0.353105
0.566469
0.603845
0.500562
0.56344
0.640972
0.517497
0.535691
0.571613
0.507508
0.606983
0.489989
0.569224
0.439626
0.553578
0.57255
0.567522
0.471695
0.455603
0.574771
0.550277
0.548565
0.490461
0.588835
0.586042
0.421502
0.553948
0.501578
0.463578
0.515077
0.53039
0.425001
0.514065
0.494787
0.491636
0.613499
0.587583
0.559015
0.508911
0.462319
0.324054
0.588078
0.554534
0.50158
0.366637
0.559375
0.569141
0.59077
0.496841
0.466195
0.611918
0.253674
0.636034
0.548282
0.387952
0.295175
0.51773
0.534978
0.544837
0.526977
0.393687
0.374239
0.391529
0.512784
0.549989
0.39649
0.581176
0.414689
0.337986
0.517178
0.574772
0.499342
0.38624
0.549424
0.473511
0.426285
0.585473
0.519795
0.473736
0.377576
0.592939
0.559277
0.510508
0.538358
0.546456
0.433485
0.473908
0.574973
0.514274
0.46036
0.475464
0.523286
0.548235
0.399449
0.540692
0.615122
0.44032
0.371991
0.580097
0.425784
0.567248
0.590887
0.479475
0.541177
0.433396
0.581799
0.535329
0.497319
0.599731
0.556935
0.440514
0.569242
0.474846
0.572177
0.550544
0.554074
0.57426
0.585853
0.567656
0.567009
0.520595
0.562014
0.459722
0.349082
0.487757
0.493584
0.571851
0.501406
0.412614
0.44388
0.398402
0.526236
0.471707
0.546415
0.461344
0.547533
0.562817
0.542039
0.446365
0.557614
0.585957
0.598619
0.529985
0.539854
0.328057
0.535607
0.625512
0.484548
0.580779
0.5328
0.471863
0.379661
0.455244
0.534379
0.557253
0.410924
0.44472
0.318304
0.537808
0.461381
0.457308
0.434102
0.595159
0.500823
0.363463
0.497817
0.512118
0.559648
0.588152
0.561972
0.624956
0.381522
0.431431
0.514867
0.567463
0.424248
0.540003
0.598062
0.607095
0.504492
0.577318
0.559415
0.584228
0.610028
0.328528
0.569435
0.586775
0.482758
0.520741
0.449567
0.55844
0.343373
0.506949
0.557275
0.568297
0.630903
0.492345
0.41389
0.537671
0.538885
0.548831
0.511765
0.54323
0.521266
0.363115
0.514529
0.495231
0.593727
0.535181
0.596554
0.539129
0.538008
0.544329
0.595496
0.518248
0.398603
0.575749
0.604264
0.558497
0.576566
0.590921
0.554451
0.548383
0.56767
0.459391
0.383092
0.572622
0.547506
0.515012
0.517962
0.470413
0.593193
0.444046
0.561139
0.462306
0.56744
0.456941
0.613495
0.58466
0.310617
0.616249
0.593931
0.557627
0.56583
0.51897
0.555918
0.455713
0.528525
0.382788
0.451422
0.534164
0.622076
0.535144
0.520563
0.544635
0.51936
0.364614
0.505615
0.613807
0.578233
0.57767
0.606536
0.479887
0.527681
0.459327
0.603764
0.579932
0.57669
0.586545
0.512305
0.410257
0.645987
0.572843
0.633502
0.48274
0.553397
0.584517
0.581454
0.492958
0.637
0.521535
0.556635
0.53261
0.567716
0.570258
0.509147
0.369488
0.542345
0.551695
0.592348
0.398329
0.449215
0.539944
0.501107
0.56401
0.632567
0.49196
0.567179
0.54561
0.564139
0.604148
0.550961
0.611232
0.575514
0.47714
0.572218
0.571639
0.559395
0.566472
0.570923
0.57361
0.465184
0.585177
0.510547
0.555376
0.534983
0.6368
0.601394
0.56319
0.621036
0.590221
0.412318
0.545033
0.604583
0.335648
0.484195
0.477315
0.488936
0.433342
0.377952
0.572626
0.500715
0.544953
0.486572
0.520959
0.566637
0.477962
0.643593
0.433105
0.511169
0.486987
0.557068
0.602094
0.508689
0.668976
0.453303
0.474691
0.570909
0.594018
0.64132
0.477922
0.556993
0.533726
0.292909
0.430907
0.407323
0.35735
0.170958
0.394862
0.268924
0.338369
0.47727
0.47373
0.318766
0.516706
0.456989
0.470763
0.507473
0.469358
0.479802
0.330534
0.420524
0.338817
0.433932
0.484382
0.371396
0.344324
0.392319
0.45933
0.43915
0.421387
0.496735
0.45447
0.170032
0.335803
0.50502
0.37539
0.461353
0.321463
0.428391
0.334708
0.28728
0.484373
0.414469
0.484276
0.431934
0.376561
0.56537
0.306673
0.520529
0.169133
0.510082
0.30044
0.285971
0.464012
0.369485
0.525222
0.541072
0.22689
0.292392
0.311423
0.464178
0.450761
0.445292
0.448027
0.37388
0.359606
0.155764
0.486757
0.403795
0.400223
0.379717
0.428236
0.328119
0.412351
0.381416
0.390078
0.364616
0.284839
0.539595
0.558364
0.428878
0.210423
0.30942
0.515575
0.411572
0.459401
0.35864
0.419273
0.523737
0.363354
0.479174
0.285407
0.460729
0.485992
0.319351
0.4635
0.220441
0.232108
0.194315
0.458364
0.422582
0.416887
0.393241
0.415262
0.315952
0.476645
0.454951
0.422646
0.401486
0.322655
0.407777
0.297032
0.475784
0.418287
0.506533
0.548232
0.549255
0.368242
0.319499
0.477995
0.390395
0.374262
0.46145
0.309681
0.414266
0.401796
0.325738
0.564809
0.36429
0.368412
0.405609
0.279881
0.398076
0.379774
0.488945
0.461107
0.39488
0.419126
0.314574
0.460649
0.340198
0.333045
0.329309
0.265155
0.46196
0.327546
0.335536
0.328071
0.3043
0.383442
0.439452
0.255394
0.415096
0.458476
0.390493
0.46175
0.437029
0.200643
0.510266
0.424078
0.36462
0.337272
0.457874
0.402114
0.367669
0.451003
0.261665
0.448813
0.369046
0.493899
0.447669
0.387089
0.448366
0.400722
0.20261
0.392009
0.329646
0.213065
0.435889
0.535145
0.331111
0.444315
0.288526
0.511771
0.394911
0.462885
0.412925
0.320757
0.412287
0.445104
0.362823
0.31211
0.431799
0.296786
0.531132
0.449785
0.364054
0.417197
0.476516
0.394666
0.42296
0.316855
0.397781
0.407211
0.412105
0.271032
0.19925
0.348995
0.370043
0.403583
0.422281
0.429234
0.441212
0.314066
0.25342
0.380295
0.373489
0.5025
0.339322
0.346638
0.382325
0.353312
0.420279
0.437565
0.374661
0.473688
0.506533
0.424514
0.359528
0.255007
0.349074
0.266717
0.553453
0.507372
0.557845
0.430663
0.412905
0.416148
0.409481
0.394582
0.478265
0.251742
0.491503
0.373199
0.277113
0.413651
0.322634
0.34352
0.316302
0.320179
0.399543
0.352321
0.470261
0.322527
0.487281
0.330006
0.411338
0.427234
0.452589
0.456819
0.299908
0.436022
0.406007
0.359758
0.464226
0.51551
0.276231
0.542479
0.350458
0.383221
0.421629
0.31348
0.341163
0.52723
0.360567
0.358358
0.451437
0.398888
0.498812
0.466332
0.528828
0.482151
0.486589
0.486825
0.244392
0.432922
0.323719
0.418656
0.448116
0.355798
0.421797
0.424563
0.441338
0.461964
0.4294
0.361659
0.325952
0.465066
0.519846
0.538266
0.377977
0.395036
0.47711
0.451291
0.368704
0.317977
0.374292
0.36399
0.224406
0.252186
0.523653
0.380395
0.409629
0.411343
0.390506
0.358277
0.555281
0.403033
0.424197
0.408089
0.370258
0.334246
0.386424
0.452135
0.378333
0.389192
0.365919
0.388401
0.448895
0.404454
0.376809
0.311809
0.34995
0.362611
0.388409
0.371988
0.369933
0.349397
0.294629
0.380342
0.363466
0.419568
0.359595
0.234194
0.390097
0.404153
0.216758
0.24512
0.402453
0.485417
0.280794
0.33334
0.437196
0.388001
0.380497
0.207902
0.401494
0.424889
0.223565
0.391347
0.41025
0.224273
0.0726464
0.337335
0.435482
0.3929
0.425525
0.333183
0.343579
0.547377
0.499231
0.409398
0.381736
0.37317
0.410498
0.333185
0.510282
0.396742
0.359527
0.405174
0.345143
0.408462
0.414605
0.376601
0.445624
0.346782
0.352996
0.437034
0.411102
0.370937
0.149227
0.481838
0.37337
0.501891
0.42262
0.302906
0.331412
0.404735
0.382662
0.273146
0.125602
0.374996
0.552985
0.354135
0.34622
0.42546
0.343366
0.432213
0.480676
0.426195
0.431833
0.399903
0.412434
0.437686
0.513899
0.366362
0.398222
0.516871
0.202375
0.543615
0.377199
0.475904
0.408142
0.324706
0.338116
0.411428
0.362858
0.277876
0.352825
0.39461
0.242837
0.423611
0.301474
0.379104
0.401185
0.248387
0.293696
0.338445
0.322205
0.381098
0.33921
0.473405
0.355449
0.197617
0.178877
0.49216
0.510169
0.367219
0.289295
0.471761
0.471082
0.468623
0.436259
0.502479
0.505331
0.433013
0.410136
0.323788
0.315784
0.175494
0.392766
0.190257
0.38862
0.338656
0.370626
0.464102
0.439955
0.383473
0.209704
0.344856
0.384474
0.227601
0.388111
0.299015
0.393012
0.317002
0.399954
0.317611
0.432186
0.394578
0.220636
0.327047
0.443285
0.454205
0.387785
0.41584
0.454574
0.360989
0.330868
0.380931
0.15475
0.19128
0.400877
0.391466
0.257999
0.179013
0.440316
0.378861
0.402734
0.519261
0.478385
0.390427
0.364602
0.40522
0.457947
0.418372
0.37437
0.279601
0.119191
0.464398
0.338024
0.511367
0.324577
0.491699
0.168857
0.51411
0.483563
0.566588
0.237728
0.382418
0.459873
0.265363
0.342809
0.51579
0.396294
0.434002
0.362894
0.512894
0.328728
0.246587
0.39273
0.458274
0.415595
0.386376
0.346301
0.379636
0.303846
0.39902
0.513553
0.549016
0.36379
0.342538
0.424213
0.216174
0.544198
0.202531
0.326148
0.355184
0.553439
0.39494
0.321267
0.430365
0.381313
0.344344
0.318793
0.431303
0.50056
0.280103
0.345271
0.531963
0.247073
0.244291
0.383477
0.439511
0.373343
0.29309
0.336256
0.371731
0.374306
0.424905
0.423464
0.348071
0.343344
0.33345
0.318364
0.413594
0.447043
0.353256
0.478239
0.393876
0.396197
0.471729
0.405979
0.436252
0.439585
0.446997
0.448765
0.210236
0.392857
0.485399
0.403513
0.430939
0.316095
0.371362
0.348008
0.384081
0.432807
0.339123
0.419708
0.402701
0.472952
0.262589
0.126463
0.0800389
0.264481
0.333644
0.107942
0.240762
0.171254
0.113094
0.406003
0.239399
0.268911
0.194553
0.282231
0.335349
0.123345
0.0607929
0.363395
0.121885
0.308357
0.22944
0.371078
0.388874
0.388865
0.33831
0.171297
0.334275
0.118155
0.256671
0.193274
0.213323
0.119994
0.397756
0.176841
0.412215
0.290714
0.325071
0.227626
0.241396
0.259092
0.178108
0.257479
0.22785
0.397763
0.404656
0.425102
0.162517
0.239345
0.249696
0.271242
0.244461
0.234329
0.0939007
0.111867
0.317672
0.238801
0.0928272
0.400842
0.0828355
0.383761
0.123243
0.409544
0.256848
0.134661
0.377996
0.371651
0.299539
0.307168
0.310355
0.0930791
0.147493
0.186407
0.281636
0.270731
0.238619
0.31047
0.195816
0.387197
0.263234
0.301988
0.394243
0.257719
0.248653
0.230283
0.417509
0.296411
0.295054
0.0931729
0.377037
0.158248
0.195004
0.28201
0.391812
0.249395
0.300693
0.208402
0.277534
0.153218
0.285149
0.124675
0.136352
0.148622
0.293699
0.224041
0.325752
0.208469
0.0843381
0.338465
0.159915
0.272285
0.281784
0.277278
0.312629
0.193408
0.272363
0.236828
0.21723
0.310215
0.111023
0.250271
0.125064
0.155389
0.347878
0.181885
0.262374
0.188141
0.106751
0.24851
0.266338
0.149012
0.317322
0.26873
0.281006
0.3639
0.0944524
0.355346
0.216814
0.308454
0.313149
0.235184
0.314157
0.0750151
0.174481
0.19525
0.292469
0.219799
0.31041
0.0731758
0.286523
0.339463
0.278158
0.270338
0.143769
0.135464
0.280139
0.191236
0.0670784
0.214677
0.0917093
0.185898
0.267571
0.182715
0.38186
0.237225
0.269608
0.224468
0.268268
0.211748
0.343609
0.367303
0.205811
0.266673
0.0951011
0.14783
0.27454
0.191974
0.191252
0.369351
0.214251
0.213488
0.319622
0.190963
0.379778
0.285855
0.313144
0.21188
0.143015
0.421459
0.103924
0.0869553
0.207946
0.107616
0.0982113
0.248906
0.299033
0.143424
0.0970673
0.262805
0.371431
0.198502
0.257093
0.281177
0.407903
0.187871
0.244614
0.26287
0.229815
0.294398
0.0768464
0.390758
0.267541
0.379646
0.280953
0.253421
0.269473
0.325039
0.265421
0.172993
0.15086
0.35163
0.197718
0.162423
0.0947861
0.379447
0.408332
0.238891
0.336072
0.292817
0.295519
0.187558
0.230711
0.376226
0.0887664
0.169804
0.385858
0.0998295
0.291783
0.285812
0.228163
0.39135
0.263701
0.133708
0.127347
0.306383
0.285922
0.260221
0.203674
0.302491
0.421946
0.266626
0.283775
0.118799
0.156447
0.228417
0.243879
0.318348
0.198572
0.360511
0.146037
0.285118
0.365425
0.297611
0.382791
0.18942
0.0845702
0.228287
0.216921
0.289858
0.295111
0.253878
0.179379
0.201459
0.181835
0.283393
0.250114
0.211918
0.259726
0.374556
0.254732
0.31397
0.166299
0.294669
0.409761
0.292492
0.381941
0.365881
0.218301
0.259195
0.132508
0.18962
0.192834
0.245418
0.362036
0.202865
0.102177
0.285734
0.20531
0.299182
0.0827491
0.10294
0.470411
0.484641
0.54207
0.43538
0.310102
0.402452
0.448193
0.474764
0.431352
0.498902
0.487814
0.130714
0.427337
0.336662
0.494976
0.467208
0.411054
0.392795
0.509076
0.459293
0.148972
0.41684
0.344608
0.520564
0.379279
0.40077
0.286184
0.47893
0.356408
0.46408
0.533138
0.540901
0.506026
0.295652
0.40502
0.453272
0.529418
0.514668
0.471718
0.432273
0.398483
0.398483
0.429546
0.420309
0.159881
0.432015
0.400763
0.463953
0.472068
0.366071
0.406693
0.455756
0.466384
0.287978
0.427921
0.408877
0.476652
0.488556
0.359309
0.472068
0.0995821
0.333678
0.343238
0.319414
0.379602
0.142547
0.36006
0.317661
0.398442
0.43045
0.452222
0.479809
0.343041
0.456041
0.455479
0.450921
0.455479
0.439908
0.363719
0.468432
0.448047
0.408377
0.420729
0.469018
0.336481
0.393453
0.367561
0.449947
0.286189
0.391449
0.393525
0.320122
0.390441
0.441173
0.417168
0.410558
0.4646
0.421938
0.121381
0.347272
0.474566
0.39168
0.485642
0.39458
0.418942
0.4395
0.42844
0.5325
0.42068
0.238057
0.436891
0.466495
0.399866
0.485513
0.448047
0.465849
0.381969
0.476721
0.448583
0.506284
0.499018
0.172679
0.39882
0.433554
0.211819
0.200076
0.235251
0.39805
0.38701
0.437645
0.44162
0.526557
0.370231
0.405839
0.533012
0.379848
0.39961
0.464348
0.480557
0.433554
0.41684
0.47365
0.427921
0.514329
0.386238
0.411321
0.386879
0.393453
0.483159
0.510217
0.411054
0.503623
0.497723
0.296655
0.161822
0.420343
0.498143
0.3612
0.437021
0.341702
0.521935
0.381463
0.382491
0.418942
0.479557
0.426829
0.429546
0.418231
0.43142
0.161822
0.474715
0.36358
0.4788
0.485306
0.390721
0.375645
0.345409
0.44746
0.503481
0.286189
0.524286
0.485642
0.549972
0.245959
0.426897
0.445061
0.499894
0.451359
0.455392
0.419402
0.450756
0.492972
0.480669
0.480495
0.475025
0.447861
0.435379
0.36548
0.344824
0.42722
0.388782
0.538518
0.161156
0.406578
0.176685
0.410973
0.386044
0.525899
0.412371
0.404335
0.451834
0.384975
0.500726
0.348154
0.418537
0.450544
0.487905
0.378269
0.403434
0.240428
0.474965
0.44391
0.382491
0.367184
0.492632
0.502982
0.390441
0.497807
0.453472
0.367561
0.566387
0.471291
0.44051
0.395112
0.140068
0.217319
0.144507
0.424628
0.401217
0.453472
0.349472
0.449947
0.382377
0.482635
0.350204
0.471519
0.45697
0.353115
0.301066
0.167286
0.488647
0.4217
0.321513
0.46361
0.456041
0.464411
0.35917
0.46361
0.457657
0.432042
0.45795
0.490982
0.426187
0.472428
0.433133
0.390447
0.478829
0.472703
0.317661
0.423344
0.464453
0.431195
0.384889
0.444216
0.498902
0.407721
0.56419
0.457062
0.468432
0.481549
0.411321
0.353312
0.382377
0.404489
0.511657
0.334444
0.491881
0.45795
0.335068
0.49082
0.420734
0.121381
0.498531
0.44301
0.43271
0.432042
0.550563
0.359351
0.375587
0.176685
0.336366
0.339976
0.0694755
0.101052
0.148696
0.106191
0.0437101
0.103057
0.108424
0.131465
0.0415887
0.0794294
0.162818
0.14467
0.0294091
0.0740497
0.0980562
0.0515261
0.177276
0.0534782
0.151133
0.0635959
0.115355
0.0433778
0.157349
0.129374
0.0605992
0.0839118
0.081976
0.127704
0.0687367
0.073544
0.047767
0.0585901
0.0782174
0.078806
0.0607724
0.09033
0.138829
0.0752924
0.135275
0.0212136
0.0491191
0.080712
0.0396786
0.0708394
0.0801074
0.0576883
0.0818382
0.106746
0.0846677
0.134517
0.0871171
0.111549
0.0565636
0.119004
0.0202076
0.068945
0.0553486
0.0702718
0.0998866
0.0972986
0.0797096
0.108708
0.0624617
0.107034
0.0707085
0.099961
0.143375
0.0807647
0.197852
0.0707744
0.0867616
0.106197
0.0901443
0.133774
0.0861796
0.199489
0.182007
0.109186
0.0718843
0.148468
0.0558279
0.144608
0.0962641
0.109687
0.146483
0.138831
0.05239
0.182623
0.0880128
0.0987054
0.0772605
0.0559661
0.0912211
0.109646
0.0968688
0.0352042
0.133699
0.110471
0.047844
0.0809171
0.0886944
0.064353
0.144566
0.126778
0.0378724
0.086531
0.137678
0.0679157
0.104158
0.0543788
0.141417
0.071733
0.0826316
0.0795672
0.00936098
0.0327309
0.102612
0.0994393
0.119711
0.0920914
0.0806329
0.149853
0.0675551
0.0417715
0.0279061
0.0199745
0.274801
0.0655523
0.145668
0.0538131
0.0417321
0.14357
0.106809
0.0817495
0.0624759
0.124186
0.0992203
0.109853
0.119584
0.107156
0.0446948
0.0889841
0.0969314
0.0624776
0.114141
0.0850801
0.0984778
0.0441688
0.102597
0.040709
0.0568108
0.0791129
0.0815445
0.186406
0.0439366
0.0696794
0.105303
0.0833194
0.109812
0.081582
0.10416
0.216057
0.0606218
0.064175
0.0780894
0.111191
0.0985469
0.147406
0.0352837
0.104634
0.032839
0.0957927
0.140758
0.112099
0.131204
0.0634105
0.0688754
0.0328599
0.0947597
0.0538689
0.0272069
0.11764
0.0405139
0.0736774
0.149823
0.0680775
0.0583265
0.0730758
0.0704009
0.0545438
0.12779
0.0891967
0.175496
0.137123
0.0931498
0.0837233
0.0434065
0.12473
0.0472751
0.0621103
0.0677827
0.0713531
0.122576
0.0290382
0.101061
0.0528585
0.0148502
0.0552382
0.0583758
0.096367
0.0576351
0.144434
0.0655352
0.104821
0.205988
0.0513815
0.0283013
0.130496
0.101245
0.0721907
0.0437363
0.0889188
0.0351071
0.0754654
0.115134
0.0616127
0.14438
0.149694
0.0332901
0.107524
0.110004
0.10268
0.109551
0.108479
0.0536177
0.131019
0.102928
0.15233
0.0946325
0.0827314
0.0356638
0.0568636
0.0410724
0.119705
0.0804977
0.040991
0.0691154
0.155333
0.101398
0.118776
0.0996532
0.0405402
0.0845453
0.0585509
0.0537999
0.164253
0.175504
0.130217
0.0990158
0.109012
0.175255
0.0659193
0.16598
0.155874
0.139765
0.0136483
0.127783
0.117641
0.13047
0.103998
0.0814136
0.0838751
0.055818
0.131135
0.0358125
0.0815979
0.0583027
0.0359311
0.081553
0.039458
0.1333
0.0383615
0.0478191
0.0895922
0.0891077
0.0950003
0.052005
0.100814
0.079743
0.12007
0.0951964
0.0509976
0.069266
0.11221
0.150421
0.0782238
0.083628
0.073617
0.139657
0.105403
0.0591415
0.0807639
0.0668939
0.109191
0.0248495
0.0644063
0.0952156
0.0545051
0.0981025
0.107602
0.146872
0.0381111
0.0847517
0.0304772
0.183148
0.0987048
0.154295
0.0770937
0.135673
0.10488
0.0786429
0.0706421
0.125453
0.0826654
0.0702695
0.0753747
0.0519391
0.0800519
0.0610792
0.102837
0.0282537
0.0477222
0.024188
0.0773578
0.0238065
0.0823737
0.0522058
0.162425
0.0628166
0.0304432
0.0974096
0.0399127
0.141566
0.0893387
0.164319
0.0379522
0.158961
0.132154
0.118281
0.0817624
0.109188
0.112885
0.115088
0.108855
0.103719
0.217392
0.0438544
0.150481
0.150547
0.0270794
0.028537
0.0669861
0.114414
0.0310128
0.0834005
0.050187
0.126848
0.0206687
0.0360088
0.0514092
0.107403
0.125819
0.0325053
0.0736767
0.0888898
0.0884619
0.0546576
0.0272501
0.0326082
0.117871
0.095513
0.0287503
0.0899948
0.190393
0.104472
0.0830475
0.0987396
0.0839198
0.0579349
0.0823562
0.127801
0.0606755
0.169691
0.0687059
0.0854102
0.153702
0.0518409
0.0501229
0.0316919
0.0441144
0.0642173
0.0500651
0.0484662
0.139136
0.0673737
0.0640648
0.103742
0.100604
0.0639277
0.0890345
0.0817781
0.0416853
0.0925541
0.0697661
0.0297301
0.103763
0.0614835
0.163056
0.0914375
0.123844
0.0616232
0.0330726
0.0682007
0.0770816
0.0289464
0.0947263
0.0655501
0.214943
0.0806211
0.0581899
0.125289
0.183288
0.0543032
0.139285
0.0895749
0.0955839
0.0171554
0.139543
0.03503
0.0643694
0.0988618
0.0988563
0.0566939
0.0550565
0.0227275
0.0638985
0.0527014
0.0392301
0.0921685
0.0699804
0.0760352
0.0548368
0.0899717
0.111234
0.104306
0.0926816
0.168306
0.0322745
0.0481676
0.0548086
0.120855
0.0762236
0.0319174
0.123558
0.0599909
0.0258162
0.156663
0.0918969
0.134903
0.0659187
0.0603823
0.106262
0.0727157
0.072588
0.143025
0.0881722
0.0846147
0.133907
0.0990068
0.106303
0.139449
0.0211905
0.0425151
0.13153
0.0926109
0.0150922
0.150638
0.060912
0.129328
0.0794656
0.110896
0.157106
0.130325
0.0488161
0.103875
0.0953554
0.0990667
0.0358267
0.0808098
0.0661088
0.0736888
0.108211
0.0533403
0.0867933
0.0623931
0.1015
0.0552839
0.133755
0.106901
0.19426
0.122603
0.12567
0.0968553
0.133931
0.046745
0.0509543
0.0974277
0.0650494
0.0345244
0.0955171
0.0725502
0.106436
0.0940369
0.0819619
0.16464
0.105411
0.0145262
0.126341
0.124001
0.148806
0.103447
0.118967
0.0496617
0.0790688
0.0959587
0.0694049
0.111713
0.044179
0.11014
0.0954716
0.0849968
0.0603578
0.0861689
0.119429
0.0924931
0.0428443
0.0598347
0.0330844
0.129294
0.0944786
0.0365581
0.121978
0.0226382
0.0831791
0.138847
0.147676
0.0585216
0.0429176
0.0722241
0.0820618
0.0244339
0.119719
0.10116
0.0513764
0.106069
0.111185
0.119524
0.11923
0.0840157
0.0592075
0.117025
0.0902776
0.0399884
0.130763
0.189833
0.0586624
0.0280997
0.091911
0.0794605
0.106409
0.0758068
0.177157
0.0690661
0.0416898
0.0536324
0.0420213
0.078755
0.0818728
0.097221
0.0939731
0.0795899
0.0560993
0.0430054
0.0561111
0.1278
0.0516736
0.133227
0.096749
0.0508609
0.13115
0.0533119
0.046964
0.0881793
0.124924
0.0327108
0.105246
0.0900699
0.0923543
0.134763
0.103877
0.093638
0.042024
0.0427721
0.041502
0.025318
0.0523323
0.140153
0.0953158
0.0643557
0.0771949
0.139359
0.209541
0.0399775
0.139202
0.087276
0.0548639
0.113419
0.105637
0.0662647
0.115434
0.103645
0.0299568
0.0972669
0.0646641
0.0264702
0.137044
0.0469484
0.024381
0.0765362
0.0891698
0.0220674
0.0248534
0.05359
0.0594766
0.0384893
0.0879204
0.152854
0.0697213
0.118078
0.12766
0.0758474
0.0704465
0.112161
0.0763667
0.0315042
0.108728
0.123223
0.0226752
0.0187667
0.0886475
0.10723
0.104035
0.0691432
0.0479543
0.0978774
0.0456105
0.0248101
0.106064
0.0670128
0.0244638
0.0614355
0.0917326
0.208224
0.0461542
0.223099
0.0511313
0.0840659
0.0505364
0.0166099
0.0374358
0.0483997
0.0655755
0.0733858
0.158069
0.117552
0.5718
0.104412
0.442675
0.139984
0.389831
0.180951
0.148689
0.506364
0.190759
0.299552
0.409164
0.0984852
0.221876
0.123814
0.340299
0.361765
0.185004
0.173839
0.130063
0.134182
0.102257
0.45975
0.0829994
0.112814
0.167055
0.0411531
0.180676
0.0810038
0.367313
0.500636
0.0713854
0.313702
0.438585
0.376845
0.144327
0.29957
0.349985
0.323884
0.243041
0.265033
0.0472874
0.0532783
0.243285
0.152258
0.258614
0.491416
0.359651
0.243567
0.418271
0.282771
0.120369
0.221237
0.112452
0.368656
0.165571
0.20286
0.273201
0.282837
0.272502
0.179081
0.235467
0.197421
0.215812
0.103494
0.0829487
0.219429
0.483995
0.369066
0.344943
0.108636
0.128543
0.148674
0.133869
0.279236
0.244531
0.345619
0.101975
0.301393
0.341928
0.114181
0.147848
0.210119
0.135037
0.493309
0.190452
0.058118
0.24501
0.166872
0.473145
0.448636
0.204119
0.131304
0.296166
0.0432629
0.210767
0.481245
0.183272
0.252643
0.304858
0.0810727
0.0680853
0.288109
0.257582
0.192928
0.0439596
0.327974
0.150025
0.233983
0.48001
0.211732
0.118142
0.0941397
0.350275
0.419032
0.208671
0.213862
0.221064
0.181455
0.375225
0.196458
0.0652004
0.0317386
0.373741
0.415739
0.176488
0.16769
0.177353
0.14327
0.521383
0.294128
0.07577
0.0814371
0.136077
0.249003
0.170681
0.0723415
0.14777
0.451291
0.229204
0.487221
0.0949622
0.517894
0.31249
0.43791
0.140621
0.329777
0.379353
0.29277
0.180035
0.190463
0.490109
0.160806
0.38366
0.252317
0.243341
0.320215
0.110679
0.529188
0.402561
0.122757
0.0990189
0.132066
0.204084
0.0455754
0.110552
0.177947
0.512532
0.244037
0.164874
0.0955213
0.23139
0.147248
0.145134
0.454507
0.127624
0.178739
0.379118
0.0251836
0.0982809
0.124239
0.266044
0.058835
0.251014
0.374388
0.301099
0.360233
0.30318
0.407889
0.21908
0.160803
0.444756
0.0798821
0.0672012
0.103311
0.237754
0.320441
0.242704
0.437367
0.125505
0.219423
0.27638
0.33685
0.0995773
0.30071
0.212333
0.0252141
0.387359
0.18766
0.197078
0.0529612
0.524238
0.111661
0.209078
0.323047
0.192994
0.161836
0.0919204
0.120877
0.234457
0.148793
0.119356
0.414791
0.170791
0.511521
0.225155
0.241937
0.199486
0.178446
0.213996
0.10737
0.117135
0.0637457
0.245687
0.430901
0.0594754
0.519453
0.0770348
0.13982
0.341485
0.409505
0.194082
0.270894
0.322167
0.153477
0.355143
0.306972
0.444636
0.204607
0.374157
0.290464
0.522563
0.515977
0.106309
0.122424
0.262289
0.507265
0.398875
0.506375
0.299068
0.0502588
0.312933
0.0708651
0.206387
0.48695
0.155665
0.319271
0.295762
0.0633759
0.400848
0.33278
0.122653
0.223711
0.343049
0.398507
0.137341
0.211999
0.449957
0.160839
0.254542
0.369532
0.179334
0.487097
0.1858
0.37003
0.226917
0.237314
0.121751
0.328253
0.380102
0.123606
0.257974
0.0408241
0.207667
0.0421788
0.0337414
0.0619244
0.145284
0.164093
0.158045
0.428114
0.104733
0.103548
0.19763
0.106367
0.0552993
0.053136
0.343102
0.0748011
0.235619
0.159212
0.20463
0.089267
0.204619
0.142145
0.493731
0.0490024
0.358151
0.233216
0.39622
0.0635517
0.0488282
0.222003
0.0889913
0.12341
0.142126
0.259946
0.32628
0.0498608
0.205318
0.171937
0.23598
0.278534
0.222448
0.239935
0.257949
0.415131
0.539412
0.167666
0.128859
0.29025
0.444943
0.436505
0.0978169
0.270205
0.0427599
0.0548595
0.221411
0.326374
0.460682
0.45656
0.195488
0.161541
0.0722608
0.142912
0.391031
0.306917
0.547089
0.0736435
0.267134
0.264308
0.156571
0.0703308
0.22127
0.0529211
0.547591
0.487202
0.295227
0.422271
0.157897
0.319406
0.264033
0.190575
0.293901
0.491303
0.478467
0.0966319
0.228197
0.272445
0.431391
0.196011
0.0660796
0.0428517
0.145361
0.462704
0.114947
0.385476
0.240172
0.0608141
0.169414
0.164175
0.317627
0.0830283
0.230144
0.235595
0.249882
0.225382
0.0776702
0.133808
0.196408
0.0375858
0.307925
0.251971
0.248878
0.109294
0.226569
0.176218
0.301688
0.0782324
0.198543
0.124656
0.0826748
0.0821023
0.255624
0.0460326
0.0646793
0.420444
0.188222
0.262193
0.437869
0.106565
0.252223
0.165663
0.382081
0.119866
0.327517
0.485755
0.0987308
0.0761148
0.348194
0.123306
0.139106
0.299788
0.479356
0.022793
0.286782
0.496216
0.237559
0.286082
0.368512
0.0613305
0.1847
0.546879
0.394601
0.13339
0.179097
0.479167
0.125979
0.384382
0.163359
0.0395365
0.435767
0.0888088
0.0590292
0.0949112
0.303063
0.128629
0.23798
0.220722
0.135124
0.100057
0.0641009
0.312408
0.30716
0.119031
0.237406
0.280204
0.261229
0.393825
0.273075
0.0321431
0.164443
0.155436
0.176434
0.219886
0.309563
0.0420092
0.115249
0.0902201
0.0977221
0.171752
0.244042
0.163906
0.430498
0.41261
0.266657
0.0327694
0.136998
0.336341
0.384679
0.120931
0.209649
0.427533
0.248773
0.195091
0.0754059
0.108549
0.265243
0.154125
0.152351
0.401577
0.0706406
0.317072
0.333054
0.113286
0.111676
0.28576
0.178319
0.0939247
0.168611
0.423249
0.0511418
0.236053
0.14397
0.270734
0.294448
0.147007
0.32863
0.224164
0.326121
0.173953
0.129079
0.456977
0.220787
0.133637
0.143469
0.198871
0.114826
0.465738
0.195846
0.361249
0.148265
0.36018
0.146697
0.104554
0.286114
0.240494
0.238135
0.125901
0.122916
0.40265
0.245085
0.206339
0.0544721
0.191441
0.12583
0.262642
0.436105
0.0721437
0.037519
0.43181
0.382462
0.189442
0.250583
0.0646369
0.122007
0.118711
0.202682
0.314656
0.446143
0.252373
0.0858052
0.304339
0.103722
0.249691
0.226003
0.208041
0.480023
0.0454829
0.411712
0.0990949
0.116708
0.175173
0.116136
0.499136
0.535642
0.128519
0.458522
0.0510141
0.50327
0.10844
0.34267
0.196774
0.442615
0.371044
0.190174
0.151462
0.146943
0.231983
0.199019
0.369792
0.140935
0.26893
0.205798
0.145307
0.280123
0.134556
0.202814
0.471754
0.505022
0.475976
0.305397
0.449225
0.463026
0.178354
0.213578
0.137007
0.1057
0.0431216
0.276414
0.0288302
0.288218
0.525631
0.24547
0.225108
0.482373
0.46043
0.112767
0.210714
0.368727
0.0774167
0.419759
0.353472
0.254819
0.241167
0.206281
0.149321
0.104121
0.221753
0.2227
0.428723
0.317436
0.188262
0.101821
0.192188
0.219844
0.166418
0.175804
0.0915111
0.11712
0.278224
0.342004
0.116636
0.451019
0.230502
0.139405
0.0591846
0.15565
0.471918
0.0719895
0.202088
0.232369
0.170847
0.449032
0.391607
0.573945
0.186494
0.406774
0.182185
0.1334
0.294936
0.190769
0.157488
0.124741
0.0787703
0.417023
0.0624267
0.0635471
0.279146
0.188549
0.219854
0.119225
0.0845284
0.0480166
0.0280661
0.230174
0.22533
0.163405
0.0787082
0.242191
0.353864
0.2714
0.0773768
0.427882
0.162837
0.23468
0.0648507
0.191127
0.16449
0.0971224
0.0593807
0.218895
0.230904
0.240139
0.0773504
0.307199
0.308929
0.121221
0.0909134
0.157186
0.274813
0.462863
0.174062
0.0531555
0.129091
0.177856
0.151147
0.0550447
0.249381
0.0905333
0.320074
0.115937
0.102519
0.193936
0.238865
0.0836328
0.241339
0.0644655
0.240588
0.324121
0.308776
0.160992
0.137825
0.326655
0.212895
0.233243
0.260668
0.0821872
0.104394
0.400401
0.26636
0.209343
0.0930273
0.114399
0.176448
0.09265
0.147571
0.133601
0.187893
0.139109
0.19892
0.197539
0.275075
0.150149
0.200968
0.131981
0.290668
0.0317675
0.155181
0.362111
0.317768
0.278781
0.147165
0.214443
0.0833203
0.128989
0.0763623
0.0980521
0.284389
0.28061
0.167097
0.1247
0.208688
0.109056
0.144487
0.127546
0.12245
0.0740796
0.460606
0.465195
0.17798
0.0960198
0.235888
0.123212
0.249034
0.230436
0.219266
0.117578
0.130417
0.182113
0.196173
0.45965
0.0984843
0.0961691
0.0496263
0.361037
0.149423
0.230878
0.107583
0.0789907
0.0640637
0.23814
0.0456058
0.229898
0.241279
0.164529
0.202169
0.222353
0.0615002
0.220808
0.170721
0.178696
0.247917
0.236769
0.334149
0.201027
0.202023
0.240555
0.398693
0.1335
0.154973
0.0578686
0.0623948
0.119502
0.0637367
0.108744
0.126068
0.0500803
0.210651
0.0287074
0.308535
0.214764
0.0515669
0.158696
0.0946618
0.308224
0.0966074
0.231167
0.199355
0.21626
0.412471
0.272433
0.243768
0.206965
0.165997
0.16444
0.139606
0.170778
0.0769951
0.0960438
0.408319
0.106489
0.170313
0.150043
0.387854
0.361909
0.14195
0.101003
0.263548
0.0779838
0.136464
0.113803
0.0380289
0.265025
0.206064
0.21245
0.255239
0.225981
0.120429
0.0943646
0.14328
0.14293
0.26639
0.395755
0.333018
0.0751105
0.0752165
0.0799398
0.146784
0.141326
0.138599
0.0945791
0.275633
0.0206759
0.179437
0.324302
0.116504
0.283134
0.127533
0.0884115
0.299979
0.218809
0.0271078
0.0880769
0.356672
0.261427
0.0799214
0.124229
0.297447
0.223918
0.0866558
0.158692
0.135438
0.266263
0.196386
0.380453
0.229017
0.304497
0.145956
0.0772755
0.0599975
0.219527
0.11047
0.209212
0.108906
0.180758
0.0753048
0.120705
0.0893398
0.346875
0.296651
0.0815662
0.119855
0.106822
0.2584
0.207574
0.355073
0.0517131
0.0728833
0.0703089
0.247996
0.25516
0.232996
0.217836
0.0457249
0.27481
0.168745
0.226275
0.0440816
0.133371
0.324877
0.0783836
0.0736324
0.402999
0.0541712
0.26116
0.0931995
0.0956081
0.0817996
0.163159
0.0825018
0.135718
0.107937
0.290831
0.262041
0.235579
0.196529
0.0867182
0.193217
0.05126
0.153275
0.3749
0.240274
0.216836
0.0701376
0.371511
0.069664
0.171282
0.124491
0.154911
0.2467
0.290571
0.0764275
0.0857596
0.240864
0.0840988
0.0462924
0.135278
0.159145
0.098453
0.163179
0.12896
0.382882
0.0801098
0.049751
0.287746
0.183328
0.237378
0.29526
0.421166
0.0331516
0.450235
0.289509
0.030627
0.11119
0.056807
0.185234
0.201323
0.368276
0.0789422
0.0737523
0.145101
0.350183
0.168647
0.218745
0.00527463
0.121279
0.0857397
0.0715232
0.183104
0.0662661
0.218557
0.206153
0.325775
0.241513
0.183196
0.0433881
0.13683
0.0854063
0.248263
0.185161
0.21113
0.441535
0.206816
0.240896
0.415059
0.0847628
0.275429
0.0962971
0.185995
0.245288
0.0332953
0.0884109
0.162434
0.185901
0.250366
0.106273
0.21849
0.056528
0.214641
0.186872
0.238809
0.127078
0.274342
0.138231
0.0939604
0.289636
0.226435
0.0514718
0.256071
0.170414
0.132641
0.280184
0.354033
0.232135
0.254777
0.237905
0.300464
0.382036
0.262579
0.0854805
0.250211
0.0520644
0.153552
0.148217
0.10755
0.20083
0.182199
0.0997802
0.0499176
0.251034
0.28265
0.347955
0.0620232
0.172
0.185266
0.051726
0.310981
0.153291
0.264887
0.0505866
0.0980943
0.146436
0.15337
0.0522429
0.239645
0.251911
0.345315
0.184187
0.0415859
0.0892739
0.0599904
0.140849
0.427225
0.301685
0.066499
0.267586
0.143425
0.0839987
0.298208
0.247428
0.255683
0.398168
0.124914
0.0370823
0.101462
0.0467018
0.0831592
0.216289
0.140837
0.214754
0.130612
0.171934
0.371436
0.235475
0.141308
0.270901
0.127818
0.0400409
0.109992
0.400176
0.312697
0.127538
0.0931507
0.153506
0.286955
0.166507
0.123223
0.133768
0.233677
0.364396
0.240403
0.217939
0.127807
0.309467
0.11363
0.0885758
0.189042
0.121096
0.244657
0.0504523
0.142925
0.170616
0.279861
0.167865
0.109209
0.0695994
0.201542
0.085921
0.143772
0.198824
0.219286
0.110196
0.13542
0.0427751
0.128762
0.159602
0.246658
0.197068
0.445353
0.250997
0.216389
0.248733
0.195767
0.125143
0.0668348
0.369013
0.0714063
0.177153
0.241
0.172892
0.298141
0.082697
0.339267
0.220927
0.123827
0.126321
0.194244
0.063361
0.286619
0.0733683
0.264056
0.0856733
0.0568884
0.106587
0.219956
0.102791
0.156176
0.206499
0.25718
0.231624
0.342253
0.402661
0.10872
0.166741
0.267878
0.254974
0.0900078
0.241608
0.341884
0.168613
0.208921
0.17894
0.130821
0.113008
0.229839
0.160725
0.12149
0.259671
0.151445
0.195532
0.125701
0.0811792
0.43913
0.131724
0.183349
0.0676095
0.390721
0.186401
0.324995
0.377232
0.0476935
0.118836
0.212091
0.333455
0.0977599
0.118763
0.225837
0.187777
0.0295329
0.16976
0.0695579
0.0872665
0.252121
0.397108
0.128115
0.304508
0.0493839
0.11866
0.0940893
0.322553
0.103545
0.14966
0.105857
0.0969562
0.25649
0.137337
0.0147132
0.072414
0.100212
0.227754
0.289761
0.22009
0.250604
0.131078
0.0575941
0.0813075
0.0619583
0.121195
0.20909
0.113971
0.134671
0.178218
0.163049
0.241015
0.0755496
0.238795
0.208047
0.261666
0.0892228
0.133364
0.248254
0.151753
0.183823
0.234689
0.19262
0.215593
0.136967
0.361757
0.115609
0.156972
0.106022
0.409758
0.236735
0.183919
0.225324
0.246759
0.123704
0.219958
0.0986948
0.172966
0.186068
0.150449
0.12816
0.103516
0.160684
0.188501
0.297703
0.171734
0.0629494
0.187676
0.198945
0.117182
0.268989
0.187228
0.240846
0.316725
0.12842
0.23902
0.106563
0.109813
0.343678
0.351027
0.0409571
0.0468112
0.237969
0.0273151
0.151742
0.117264
0.160357
0.331819
0.265894
0.276548
0.344729
0.1429
0.34421
0.182372
0.0695672
0.115894
0.116164
0.140146
0.432512
0.0350558
0.0952957
0.0711202
0.349542
0.105616
0.174179
0.203259
0.0519825
0.322072
0.430985
0.133313
0.183626
0.10912
0.0541336
0.0197881
0.336029
0.232934
0.0856531
0.0747255
0.0924394
0.170138
0.293688
0.267239
0.152233
0.118752
0.308069
0.247081
0.0772351
0.064657
0.159999
0.171627
0.0781659
0.136656
0.0946827
0.199182
0.0549828
0.103943
0.101078
0.142715
0.092491
0.141421
0.101492
0.109027
0.161154
0.161268
0.146436
0.167008
0.0995161
0.177006
0.263545
0.244855
0.197309
0.177006
0.0940395
0.128038
0.117834
0.22307
0.0692088
0.243985
0.221624
0.126795
0.229743
0.0868198
0.0778529
0.0800276
0.0749186
0.0860496
0.0619542
0.159468
0.104862
0.102582
0.168553
0.101151
0.160269
0.152133
0.301192
0.0859604
0.0350967
0.0271706
0.0235008
0.214525
0.0722122
0.187246
0.217807
0.129924
0.133922
0.179466
0.376078
0.371375
0.0428057
0.106717
0.137659
0.0878175
0.0661902
0.0250675
0.227761
0.262831
0.101304
0.169124
0.153768
0.177971
0.115096
0.219031
0.0656931
0.174188
0.0195877
0.20026
0.112359
0.196159
0.112387
0.108046
0.0522209
0.198149
0.0986215
0.241617
0.114392
0.392507
0.14122
0.198267
0.0999557
0.114646
0.0592214
0.0729591
0.0534828
0.106321
0.193165
0.115078
0.168908
0.0901999
0.177943
0.212604
0.0765176
0.0908234
0.108381
0.0397212
0.0533466
0.162335
0.16224
0.278121
0.159208
0.0518367
0.19158
0.21067
0.158553
0.0761185
0.228183
0.0284452
0.257425
0.116522
0.116363
0.0206936
0.193339
0.183773
0.211168
0.134889
0.0780501
0.0595601
0.169245
0.232301
0.180168
0.0975003
0.0446631
0.120014
0.145893
0.159693
0.122108
0.129869
0.22415
0.20518
0.126538
0.0890903
0.109284
0.137974
0.0470835
0.184394
0.136763
0.16941
0.207673
0.0708412
0.185663
0.234795
0.172765
0.0827008
0.0700061
0.223127
0.0923
0.170607
0.0182493
0.169925
0.257863
0.109912
0.122569
0.301544
0.134966
0.19582
0.133547
0.0819476
0.182787
0.0760838
0.174187
0.0663452
0.139791
0.178385
0.0960984
0.0601542
0.0510993
0.183827
0.273397
0.189878
0.0662215
0.0783711
0.0843904
0.10335
0.198035
0.2558
0.194084
0.316985
0.208734
0.177911
0.158292
0.169657
0.270214
0.128583
0.246122
0.13901
0.239796
0.0379929
0.32913
0.215279
0.22972
0.155025
0.134157
0.248424
0.188177
0.155833
0.124108
0.0519946
0.163842
0.292982
0.129003
0.0649864
0.0802121
0.114563
0.253572
0.0455253
0.282864
0.0977792
0.0623767
0.0903386
0.225674
0.1506
0.0861509
0.188867
0.33788
0.24719
0.167487
0.136069
0.0900518
0.0598859
0.0979911
0.0703055
0.332322
0.175144
0.19673
0.206831
0.0472706
0.1665
0.219175
0.131791
0.231467
0.163325
0.0752204
0.0639922
0.259274
0.0691903
0.0760809
0.330665
0.158987
0.113322
0.25452
0.0782813
0.255824
0.167521
0.091027
0.192489
0.0476723
0.113963
0.26339
0.056449
0.239365
0.195212
0.128585
0.040492
0.226493
0.103388
0.0692835
0.172311
0.200991
0.115193
0.107596
0.0893232
0.0804048
0.140614
0.26097
0.328565
0.0973033
0.0860312
0.337224
0.176463
0.23617
0.254274
0.284058
0.0317019
0.289375
0.0625587
0.0388494
0.0615763
0.163004
0.198363
0.183933
0.280651
0.293059
0.26258
0.18729
0.210546
0.187215
0.335249
0.248923
0.264966
0.0693842
0.128659
0.0209995
0.232434
0.0237362
0.188972
0.162782
0.0898784
0.0596713
0.217664
0.081613
0.0633459
0.245306
0.259761
0.0739356
0.285528
0.0727493
0.169259
0.156313
0.110741
0.0784087
0.0812567
0.162191
0.273827
0.264954
0.128423
0.123439
0.177799
0.140177
0.227881
0.340324
0.351739
0.10734
0.0958697
0.264133
0.308472
0.324312
0.0437929
0.120411
0.165191
0.117182
0.265699
0.347605
0.192237
0.0520063
0.152802
0.338013
0.166707
0.230784
0.121408
0.0601705
0.173063
0.105399
0.288836
0.12714
0.277659
0.120087
0.166367
0.220813
0.100666
0.238828
0.122435
0.207105
0.0851739
0.126395
0.209296
0.296334
0.130848
0.174522
0.0698215
0.185381
0.0716045
0.11366
0.0451662
0.15296
0.167406
0.0858815
0.107903
0.0412485
0.0490774
0.155835
0.040479
0.302421
0.140841
0.0634698
0.182673
0.0475493
0.0300064
0.0823802
0.195807
0.0434026
0.0451209
0.0868607
0.0871717
0.157692
0.0894562
0.335997
0.245826
0.220953
0.155551
0.0965955
0.0287019
0.268642
0.0428772
0.135924
0.170926
0.0235875
0.119426
0.0528495
0.068756
0.231589
0.142278
0.11054
0.314904
0.177599
0.232969
0.195891
0.144692
0.174051
0.113077
0.25424
0.160779
0.0784458
0.20256
0.20727
0.0927361
0.196012
0.0631802
0.0927529
0.0181116
0.149057
0.199631
0.0702686
0.114037
0.170925
0.144285
0.153275
0.0839863
0.0964148
0.139624
0.063956
0.0609677
0.12524
0.0895206
0.152658
0.157388
0.180385
0.0476487
0.18518
0.0779622
0.269508
0.244845
0.10233
0.0563836
0.109718
0.0805278
0.100475
0.0612011
0.158384
0.0849308
0.242369
0.117753
0.106388
0.263128
0.0690382
0.11974
0.060064
0.0987583
0.0952948
0.111384
0.0340885
0.0578536
0.0676374
0.286365
0.0678223
0.124217
0.0975024
0.213597
0.0992071
0.110207
0.0728864
0.124304
0.122425
0.17504
0.219412
0.134719
0.0366631
0.110605
0.141008
0.330229
0.195123
0.27189
0.109981
0.190183
0.18689
0.198692
0.0871731
0.0573128
0.194052
0.348858
0.258339
0.147929
0.0573641
0.196763
0.0821442
0.236047
0.0332138
0.234904
0.141087
0.0818235
0.11294
0.0477527
0.242334
0.0421102
0.184875
0.16716
0.0393322
0.355214
0.114866
0.0949387
0.235999
0.251864
0.184967
0.100648
0.228948
0.218638
0.0907368
0.123421
0.217918
0.269002
0.045968
0.297137
0.199217
0.182574
0.0333093
0.0881779
0.0842872
0.214779
0.240945
0.0579229
0.0784525
0.168579
0.198156
0.203731
0.141379
0.167307
0.0857885
0.0542074
0.332792
0.162481
0.117418
0.165269
0.124263
0.135377
0.271583
0.124098
0.250582
0.0489939
0.053267
0.283773
0.0717633
0.249696
0.0910896
0.213882
0.0258385
0.0677025
0.172985
0.134927
0.172472
0.133752
0.177919
0.241358
0.1763
0.0681211
0.132591
0.218972
0.0996586
0.240014
0.0543878
0.0464303
0.184861
0.0494791
0.213001
0.20245
0.33038
0.23127
0.187586
0.0755524
0.164421
0.246453
0.309158
0.196658
0.159276
0.138471
0.0918736
0.291209
0.146144
0.110827
0.161636
0.309529
0.0242997
0.082474
0.205608
0.1176
0.0390107
0.255413
0.122128
0.192135
0.0470965
0.171048
0.0459591
0.189635
0.04156
0.0881549
0.142247
0.0823402
0.196979
0.121127
0.178352
0.201043
0.0448205
0.023064
0.103406
0.0796535
0.187132
0.267011
0.133511
0.0465853
0.207747
0.255311
0.246052
0.247285
0.243725
0.186835
0.150125
0.157088
0.219324
0.157114
0.058485
0.0573879
0.0508717
0.147175
0.0536501
0.09538
0.159327
0.0465547
0.162615
0.189673
0.0407058
0.0486051
0.261768
0.181107
0.216554
0.405327
0.0930197
0.0361718
0.0229286
0.105472
0.0497036
0.103361
0.243576
0.138493
0.0561496
0.126603
0.0660341
0.110425
0.0697733
0.0747239
0.0898011
0.164747
0.024302
0.0504342
0.0340576
0.0992711
0.0392908
0.0228666
0.0650927
0.0385684
0.08861
0.0274499
0.0513537
0.0280444
0.0927408
0.254477
0.119003
0.1785
0.157091
0.0581059
0.0797926
0.0677105
0.0382522
0.0571825
0.0785699
0.180008
0.225686
0.175402
0.0481157
0.209987
0.120975
0.0686667
0.13719
0.0422234
0.136054
0.123932
0.0459311
0.056411
0.169817
0.113139
0.143425
0.197908
0.109293
0.0229115
0.213537
0.0325514
0.0772311
0.0715045
0.0128707
0.137817
0.177074
0.0341474
0.0334587
0.0722927
0.039614
0.0938358
0.0729451
0.238825
0.117312
0.0511398
0.133178
0.141722
0.0791996
0.0196481
0.116227
0.0634808
0.0493689
0.0293521
0.0776845
0.187725
0.0873866
0.0818165
0.0670562
0.147515
0.0758532
0.248895
0.0703306
0.118355
0.11378
0.0524846
0.0515155
0.193478
0.0846176
0.0610211
0.0957721
0.127063
0.060616
0.0730874
0.0405237
0.144378
0.0858543
0.206648
0.029868
0.0969719
0.160621
0.0806809
0.0340157
0.0873298
0.0786854
0.134008
0.0548586
0.0618698
0.144227
0.130277
0.034456
0.0575089
0.0526943
0.101843
0.0586821
0.0276
0.0506948
0.0480121
0.118115
0.0506524
0.0753033
0.227323
0.0237181
0.0372634
0.0834836
0.0829277
0.219539
0.0734764
0.0852597
0.133649
0.0914371
0.0925581
0.135691
0.042669
0.0483615
0.0875335
0.0351101
0.06899
0.0488967
0.0427301
0.0713701
0.0959113
0.0997114
0.0303863
0.0715826
0.0423693
0.188796
0.0634978
0.162312
0.0906058
0.0705924
0.042886
0.217109
0.0940726
0.0950884
0.0547704
0.12968
0.121517
0.062833
0.101684
0.169088
0.0932334
0.12799
0.0868927
0.135655
0.0721707
0.269059
0.0642831
0.183122
0.0719466
0.274333
0.160665
0.0886346
0.0297137
0.136243
0.0742205
0.135599
0.131824
0.0807768
0.134365
0.155524
0.157995
0.083558
0.243144
0.0272053
0.0621349
0.0244989
0.0656417
0.106683
0.0348082
0.0692828
0.0611314
0.10536
0.139592
0.0697795
0.182844
0.170215
0.212515
0.0521264
0.0460918
0.229792
0.146573
0.106952
0.129647
0.0728482
0.0300736
0.200064
0.0746434
0.074403
0.0991652
0.126743
0.14088
0.119083
0.10473
0.028338
0.0371863
0.117924
0.25861
0.252294
0.0366373
0.112144
0.057359
0.0405843
0.267784
0.170442
0.0550539
0.0258832
0.105625
0.0753783
0.114625
0.0856369
0.0363049
0.0145716
0.098367
0.0367264
0.146471
0.0314458
0.0144538
0.0636785
0.14745
0.0622545
0.23674
0.156038
0.0496778
0.0724443
0.144212
0.0910062
0.105409
0.0264748
0.0374925
0.0941931
0.117927
0.111022
0.118235
0.0418972
0.105435
0.113017
0.122168
0.100703
0.0781625
0.123819
0.0573496
0.088329
0.113339
0.123841
0.0761783
0.0844991
0.115023
0.175615
0.123725
0.0381913
0.214753
0.0670722
0.254524
0.175974
0.0188185
0.0525365
0.0413657
0.0874957
0.0269611
0.0506572
0.0543717
0.051968
0.117293
0.0932644
0.145533
0.0878991
0.0366093
0.259459
0.0217664
0.0926324
0.110414
0.18611
0.123041
0.113972
0.0900268
0.0483808
0.256676
0.0584587
0.061158
0.104496
0.0719139
0.152431
0.0851307
0.057912
0.0372286
0.0519626
0.333817
0.0470572
0.0965889
0.0819359
0.0676616
0.108482
0.119044
0.171236
0.0496777
0.0184849
0.0771567
0.0382735
0.088396
0.0201592
0.076037
0.062831
0.300582
0.0700751
0.175028
0.110315
0.0622875
0.208698
0.0886975
0.118993
0.0687658
0.126719
0.0684395
0.018348
0.0608016
0.0585986
0.0900672
0.0282081
0.0973754
0.0237823
0.102782
0.164108
0.0860959
0.06412
0.0438982
0.113781
0.0231397
0.164967
0.201255
0.0128
0.0303046
0.0483369
0.169436
0.069975
0.0903806
0.0831782
0.096658
0.0663587
0.128063
0.051984
0.0716684
0.0317241
0.0400447
0.132638
0.131891
0.141651
0.149393
0.270067
0.0182022
0.0457992
0.0239837
0.0395284
0.201301
0.17258
0.173457
0.0558171
0.0725695
0.102802
0.0436097
0.101264
0.0449141
0.0904939
0.0671243
0.13696
0.0357294
0.0941027
0.169584
0.167939
0.0656344
0.1363
0.0431084
0.0332951
0.0364239
0.069918
0.0840143
0.0771288
0.0833737
0.033148
0.265905
0.149011
0.130813
0.0977675
0.0534296
0.0869082
0.128417
0.152729
0.0940529
0.0547856
0.26413
0.0794128
0.0430466
0.0249463
0.0945975
0.0745176
0.0469184
0.210438
0.0534903
0.129106
0.0823447
0.0160933
0.0816811
0.0809165
0.0518839
0.111623
0.0282553
0.0643787
0.12798
0.0255649
0.163412
0.239692
0.01324
0.0684996
0.0159558
0.0538068
0.0426202
0.0386065
0.00858801
0.00830555
0.0590005
0.0437324
0.0538273
0.0871337
0.129809
0.0756688
0.0898026
0.142455
0.0100895
0.203679
0.0347619
0.0257201
0.0598313
0.0551781
0.0518646
0.0444832
0.125457
0.0397354
0.0496126
0.023176
0.0621113
0.178401
0.041503
0.250907
0.0777326
0.0372236
0.0347049
0.118676
0.167825
0.124631
0.118973
0.057776
0.0833404
0.120313
0.136989
0.110092
0.140266
0.0976361
0.0362978
0.123219
0.0565863
0.214893
0.0619659
0.0581905
0.0891533
0.0869136
0.0502696
0.0696787
0.21449
0.0384239
0.107158
0.125022
0.00852033
0.0928276
0.110622
0.070522
0.0784715
0.0933885
0.093699
0.139637
0.0424858
0.016296
0.101439
0.104081
0.0775673
0.0601537
0.036098
0.0396795
0.0534416
0.0956589
0.0283179
0.080098
0.110747
0.0917828
0.140774
0.0423821
0.119406
0.0521008
0.118734
0.0201338
0.0518147
0.0819779
0.0748598
0.139612
0.05117
0.104283
0.128059
0.0315314
0.189843
0.128788
0.227244
0.0350037
0.087018
0.0804962
0.196126
0.0805164
0.048467
0.0975928
0.0942843
0.0194765
0.0967399
0.0898496
0.244339
0.0466787
0.247085
0.0740011
0.0301259
0.119086
0.0708372
0.0209368
0.0665221
0.154388
0.100819
0.121927
0.206413
0.0472144
0.119244
0.113242
0.0351383
0.147608
0.126906
0.0637504
0.0520849
0.212765
0.101831
0.0344477
0.119896
0.0347452
0.118531
0.0731346
0.113411
0.0620707
0.260613
0.133447
0.0749291
0.179176
0.226904
0.0435111
0.0985578
0.116706
0.221472
0.0829281
0.0668316
0.194518
0.0191835
0.116707
0.0794308
0.0616871
0.0311849
0.0534801
0.0449307
0.066434
0.0648624
0.294343
0.0365905
0.162348
0.0571061
0.105433
0.143698
0.174499
0.0183886
0.0455174
0.091665
0.0290712
0.120255
0.0486664
0.021045
0.0262909
0.143918
0.0968996
0.0855155
0.0930381
0.234024
0.0263207
0.0878532
0.055077
0.0919877
0.0985066
0.0639469
0.159076
0.0387726
0.0950655
0.114283
0.0999442
0.103474
0.0489777
0.0247629
0.133255
0.0581442
0.104866
0.0294795
0.0904784
0.0351467
0.237938
0.0641737
0.0273278
0.214784
0.050326
0.0854003
0.0974174
0.0611889
0.261979
0.0238481
0.0645144
0.0979555
0.325232
0.0651588
0.123301
0.0872932
0.037416
0.0453879
0.0418408
0.100035
0.152625
0.0820654
0.079661
0.0572371
0.172732
0.31936
0.0950421
0.104621
0.0112039
0.056216
0.0965099
0.0591991
0.0309477
0.0969752
0.110602
0.051141
0.363319
0.0716376
0.0862
0.128187
0.0575804
0.143189
0.0276097
0.180085
0.107848
0.100563
0.231145
0.0834058
0.101527
0.025839
0.0227377
0.0706341
0.0908545
0.0537533
0.145665
0.0587512
0.0788673
0.141538
0.0282384
0.0761019
0.0442043
0.0484703
0.119697
0.063702
0.0483635
0.0353894
0.091938
0.0720409
0.0429021
0.176149
0.0588629
0.141474
0.107937
0.0455784
0.0705356
0.0931631
0.0913532
0.101074
0.0862404
0.213973
0.105217
0.134
0.142274
0.0251445
0.034807
0.0227275
0.0342772
0.0830108
0.0393962
0.0577729
0.120721
0.0873901
0.0574649
0.0540264
0.0974949
0.0888421
0.0653095
0.0879882
0.0656747
0.131374
0.0891079
0.0625627
0.0916425
0.0279254
0.0247077
0.0791302
0.16596
0.217007
0.0488591
0.0436751
0.0714424
0.0818562
0.134172
0.0348948
0.0700925
0.175721
0.0350599
0.0640312
0.0589458
0.0222641
0.078972
0.0871117
0.189165
0.0923783
0.0442573
0.0742899
0.0607512
0.217141
0.0551787
0.0409012
0.0582449
0.082713
0.0656865
0.123891
0.056137
0.0721628
0.0624077
0.0690491
0.0927447
0.132124
0.168933
0.129283
0.140921
0.169672
0.0793114
0.0521486
0.0690059
0.184448
0.0798244
0.129592
0.0824623
0.223483
0.0612082
0.0415815
0.160368
0.132409
0.0561508
0.13918
0.0619696
0.014717
0.105773
0.0727803
0.0558475
0.0993665
0.086439
0.0313978
0.155708
0.106115
0.225627
0.0332564
0.0400816
0.16508
0.0453195
0.0209854
0.0865003
0.0936301
0.148231
0.0466953
0.0267798
0.0443538
0.0527973
0.0764328
0.0519799
0.123282
0.0602641
0.146012
0.0437568
0.0665736
0.0408768
0.0401217
0.164404
0.0437817
0.0327959
0.16293
0.12079
0.147618
0.0511415
0.0420099
0.0387484
0.152315
0.148181
0.0782403
0.10591
0.0920447
0.215599
0.0336496
0.0278849
0.144588
0.0428393
0.0537775
0.0896425
0.0378762
0.129862
0.0823259
0.110333
0.109499
0.0536923
0.037828
0.0298622
0.155396
0.0183557
0.0696312
0.189813
0.0683616
0.117547
0.0719013
0.19287
0.0359799
0.0507964
0.0203955
0.187919
0.113263
0.105315
0.140838
0.152941
0.0415889
0.109791
0.0295784
0.107908
0.0575479
0.0895865
0.0616753
0.0710436
0.0496546
0.0394227
0.0288836
0.134159
0.132481
0.0817026
0.0409078
0.224382
0.0372346
0.119428
0.0873671
0.153401
0.0274099
0.0667011
0.0730107
0.0610839
0.197133
0.0811133
0.102792
0.201309
0.11242
0.0380271
0.0394862
0.0337319
0.0233156
0.0437545
0.0271997
0.0966244
0.0499808
0.0385977
0.153939
0.103194
0.047643
0.038885
0.0480095
0.0407614
0.144605
0.229336
0.0347493
0.0979704
0.0557616
0.0452652
0.124031
0.109009
0.138105
0.121213
0.0992043
0.0814928
0.151133
0.0739818
0.028368
0.0293788
0.056587
0.105275
0.119202
0.175975
0.0915032
0.165005
0.0697735
0.105771
0.0743974
0.0497259
0.0478225
0.116158
0.0279169
0.0942367
0.165238
0.0702313
0.160136
0.0819499
0.0566582
0.132819
0.097518
0.030653
0.0874973
0.129788
0.0725623
0.167651
0.0409896
0.100674
0.144791
0.217598
0.099846
0.061285
0.0734584
0.0502801
0.0561407
0.10721
0.199468
0.0633802
0.0534263
0.0718235
0.100728
0.209387
0.10482
0.121222
0.107093
0.0405338
0.0607655
0.0273557
0.0629425
0.208061
0.0292756
0.0419904
0.0635368
0.181774
0.0209666
0.0590293
0.122663
0.0980987
0.121709
0.0938921
0.0860212
0.0497646
0.0114502
0.0968691
0.0470501
0.0948736
0.118527
0.0358093
0.0316656
0.0562317
0.0520198
0.0761939
0.0470445
0.122643
0.149989
0.054778
0.102085
0.0273566
0.0558365
0.0409884
0.04453
0.0425248
0.116303
0.0888441
0.0418843
0.0380114
0.0967949
0.09509
0.159151
0.190538
0.04704
0.0497955
0.0502087
0.111622
0.0360982
0.083311
0.149687
0.0504722
0.0367388
0.0710658
0.0131107
0.184084
0.0774368
0.170709
0.0785864
0.171331
0.121396
0.136145
0.170832
0.089054
0.0319303
0.0540735
0.107618
0.241529
0.036849
0.106308
0.0345644
0.0732353
0.0614189
0.0686168
0.115807
0.13377
0.0348508
0.143209
0.160277
0.0528214
0.0503462
0.0365147
0.0970275
0.197318
0.0320675
0.0947157
0.185329
0.0237787
0.0452617
0.0663645
0.136782
0.0766151
0.124134
0.140716
0.0940835
0.0688856
0.139361
0.0541121
0.0978238
0.0852724
0.201489
0.122177
0.0297324
0.112837
0.0877168
0.174238
0.0995123
0.0455851
0.144824
0.0839608
0.0446581
0.157542
0.0416111
0.187803
0.0599975
0.028668
0.0929036
0.0723279
0.0735014
0.0572449
0.0674386
0.125347
0.1146
0.119689
0.136837
0.0867922
0.0550656
0.088521
0.107044
0.0514885
0.185649
0.22039
0.157698
0.0954683
0.0820209
0.0353155
0.16727
0.114259
0.0386347
0.0539934
0.142226
0.0942552
0.164569
0.0406169
0.0494899
0.0571991
0.0200917
0.102167
0.0997981
0.0863329
0.0290126
0.0500511
0.156382
0.194392
0.0679581
0.201425
0.0415852
0.0393836
0.064962
0.0839767
0.0518021
0.0661406
0.0997277
0.0438082
0.043271
0.0596479
0.0968082
0.06428
0.0807003
0.043428
0.111411
0.0415239
0.032047
0.0226574
0.105646
0.0416917
0.0528114
0.0401938
0.0164191
0.0199431
0.0444004
0.046353
0.0516721
0.170547
0.0490997
0.0973608
0.0350089
0.129725
0.0411154
0.0361975
0.0905924
0.0340617
0.0538871
0.0645844
0.0665361
0.112521
0.215237
0.147468
0.119878
0.105965
0.0298208
0.110744
0.0329823
0.0355199
0.03204
0.126413
0.302881
0.045848
0.100393
0.0835082
0.12939
0.0617828
0.0584767
0.0811348
0.0988213
0.157092
0.0541982
0.0366297
0.210667
0.0445668
0.0337129
0.0984208
0.130287
0.191617
0.0494907
0.167741
0.0385751
0.222102
0.157173
0.112341
0.136699
0.0456658
0.092656
0.0581919
0.0813763
0.0333912
0.0369337
0.109188
0.0969532
0.0641891
0.0402904
0.0362227
0.0308544
0.0795886
0.101795
0.0702312
0.0480262
0.095512
0.063822
0.101889
0.0654277
0.0361938
0.0663684
0.049121
0.106872
0.0331234
0.0324685
0.0465635
0.107302
0.113622
0.032151
0.0990066
0.0787161
0.285437
0.0624211
0.023017
0.164987
0.0441588
0.185556
0.0585718
0.0773086
0.129444
0.0482015
0.0855031
0.168687
0.0960639
0.174576
0.10239
0.139872
0.0321258
0.0928374
0.0939915
0.169717
0.118691
0.116239
0.100518
0.134359
0.0511582
0.116695
0.0711833
0.165794
0.0598765
0.0679421
0.0973394
0.0278399
0.074182
0.0579895
0.0698441
0.0650415
0.0465351
0.239655
0.0771798
0.0798781
0.0376563
0.0229437
0.0456105
0.104599
0.0266762
0.0606041
0.0535732
0.071752
0.129427
0.0506097
0.0690164
0.104092
0.0576524
0.0413431
0.0801119
0.181411
0.038696
0.107848
0.0766966
0.126926
0.106139
0.0385608
0.0826814
0.126524
0.0321914
0.0406681
0.0374972
0.069747
0.1673
0.106766
0.114284
0.0667303
0.240596
0.192347
0.0602566
0.142657
0.0664176
0.0473291
0.0641771
0.0344981
0.0742828
0.0555262
0.0295563
0.085501
0.142699
0.0537445
0.100102
0.0235037
0.124393
0.0336296
0.0478361
0.0996143
0.559663
0.0850139
0.394699
0.222894
0.0591406
0.368308
0.0553751
0.0971932
0.289365
0.0356301
0.10289
0.0784315
0.195053
0.259077
0.383647
0.0920481
0.319553
0.113354
0.086997
0.303305
0.196544
0.121479
0.264102
0.259233
0.228702
0.0393356
0.126059
0.185332
0.185333
0.24084
0.160828
0.386895
0.29098
0.112257
0.359745
0.270449
0.0195246
0.339349
0.285363
0.419922
0.381987
0.299716
0.195993
0.0657047
0.0983823
0.200583
0.347518
0.0425636
0.190485
0.207977
0.237969
0.335656
0.151976
0.127824
0.26224
0.0278063
0.168544
0.108585
0.400944
0.359386
0.194118
0.389615
0.418057
0.238944
0.382914
0.186784
0.215189
0.105068
0.0886584
0.164879
0.0770281
0.33346
0.031846
0.0643816
0.151621
0.244436
0.0536055
0.243943
0.140306
0.142246
0.137362
0.0806413
0.103213
0.325305
0.232736
0.258586
0.159326
0.112974
0.380865
0.0481744
0.145372
0.180279
0.169788
0.345884
0.22913
0.4033
0.197544
0.0437979
0.35345
0.0751166
0.0846636
0.0677205
0.394291
0.0486912
0.171252
0.10189
0.218914
0.200625
0.204385
0.0729612
0.154133
0.175137
0.430616
0.192218
0.0271695
0.128609
0.0905167
0.152204
0.136585
0.236254
0.0890301
0.10737
0.162856
0.236998
0.274861
0.36003
0.371646
0.394784
0.153269
0.222243
0.140326
0.164893
0.14017
0.0182202
0.28747
0.156148
0.0441683
0.26688
0.10039
0.289068
0.243976
0.207944
0.21131
0.183028
0.153435
0.366316
0.26529
0.127954
0.196779
0.183239
0.233221
0.397088
0.110024
0.0862461
0.330412
0.273375
0.145259
0.299668
0.0576675
0.109424
0.121755
0.121642
0.0971238
0.274128
0.0918946
0.0619198
0.311162
0.18215
0.362285
0.160793
0.160588
0.366072
0.0628184
0.12081
0.379254
0.259097
0.171233
0.307736
0.157359
0.113858
0.103767
0.157669
0.257339
0.191562
0.184509
0.143222
0.235619
0.266516
0.0269729
0.182714
0.306954
0.15524
0.143858
0.218685
0.367651
0.0689107
0.0591294
0.0130835
0.307252
0.139202
0.259926
0.322841
0.235688
0.21664
0.0308616
0.0423914
0.320745
0.0403871
0.135382
0.309719
0.333201
0.183851
0.153584
0.311024
0.148711
0.403291
0.0934952
0.15947
0.206072
0.0698374
0.204112
0.197902
0.0914485
0.253174
0.335145
0.320116
0.100432
0.215624
0.166332
0.0578442
0.278878
0.139385
0.326683
0.0859905
0.256937
0.18134
0.108022
0.327045
0.142097
0.147613
0.0144667
0.156561
0.0564068
0.0557714
0.280606
0.214501
0.108349
0.332484
0.140027
0.367905
0.288423
0.241707
0.35094
0.138143
0.147958
0.117145
0.25539
0.388534
0.0932659
0.241642
0.278246
0.424289
0.306739
0.0345085
0.228315
0.111503
0.175948
0.131961
0.184667
0.110344
0.220002
0.147346
0.194589
0.407568
0.183289
0.0791674
0.226567
0.134194
0.0146448
0.280337
0.184102
0.332431
0.337776
0.0771826
0.174971
0.0780829
0.151564
0.14763
0.0657303
0.178234
0.217753
0.0936716
0.164803
0.0622186
0.16529
0.307473
0.128282
0.164058
0.200344
0.240756
0.143124
0.227616
0.313063
0.081742
0.136338
0.112883
0.274829
0.184814
0.240104
0.423313
0.41051
0.33198
0.0453101
0.317304
0.261795
0.161272
0.0798391
0.398533
0.245039
0.01265
0.224659
0.139403
0.39641
0.339428
0.198149
0.057665
0.194745
0.188353
0.0235537
0.367262
0.12684
0.325198
0.207325
0.107944
0.278052
0.34343
0.25071
0.23484
0.0915798
0.338918
0.27349
0.165298
0.246378
0.0058294
0.148229
0.148185
0.114841
0.312341
0.0654441
0.14157
0.144958
0.199937
0.26853
0.234274
0.107753
0.257664
0.209444
0.291156
0.18371
0.221515
0.126251
0.0948387
0.289536
0.179038
0.104969
0.152146
0.0665521
0.274587
0.0384429
0.0843321
0.198403
0.253113
0.171429
0.18382
0.311384
0.0455789
0.323452
0.176525
0.0648193
0.310121
0.260831
0.114308
0.0285945
0.112575
0.0979626
0.316563
0.126896
0.170091
0.343711
0.0643379
0.0387561
0.116606
0.184696
0.16536
0.0881647
0.265466
0.27991
0.0606025
0.066485
0.035519
0.0900089
0.312751
0.268017
0.107002
0.324423
0.201044
0.162476
0.204598
0.297235
0.239107
0.249788
0.175113
0.26695
0.185902
0.0417577
0.177702
0.0907067
0.344397
0.20154
0.210527
0.103757
0.0848178
0.106975
0.22763
0.230554
0.232489
0.181214
0.325981
0.347217
0.146482
0.0902046
0.116012
0.23998
0.323885
0.125044
0.0532475
0.350564
0.30003
0.179683
0.088426
0.413208
0.081651
0.128879
0.0665259
0.0876914
0.218553
0.0996762
0.212146
0.0410577
0.218164
0.0412404
0.316849
0.144396
0.227225
0.303361
0.128255
0.175535
0.258459
0.121235
0.205132
0.265295
0.291719
0.20169
0.101087
0.216061
0.186022
0.242937
0.238243
0.376741
0.39882
0.266256
0.153466
0.123776
0.21262
0.211027
0.1029
0.172094
0.280894
0.0332838
0.164754
0.356685
0.0684647
0.113941
0.209105
0.160358
0.0977985
0.256666
0.282687
0.199298
0.0543472
0.0207814
0.228406
0.267131
0.186887
0.156821
0.150815
0.219528
0.0352367
0.228904
0.268176
0.338814
0.0823202
0.302431
0.104747
0.123221
0.279062
0.118876
0.119836
0.154559
0.0983372
0.332565
0.287697
0.0331554
0.144501
0.131086
0.0621051
0.192069
0.430145
0.110919
0.153572
0.229694
0.297131
0.109096
0.124568
0.1747
0.193528
0.292818
0.114455
0.0861842
0.144041
0.0281552
0.161951
0.0772055
0.30829
0.418726
0.275432
0.241665
0.155458
0.418026
0.301563
0.115422
0.303807
0.149814
0.178958
0.285542
0.0407305
0.205934
0.143788
0.174254
0.237271
0.0839333
0.334359
0.270622
0.0944186
0.0159041
0.172915
0.170689
0.123373
0.156874
0.0658313
0.10709
0.163404
0.0521724
0.307548
0.0626106
0.223835
0.224653
0.224537
0.094162
0.269097
0.117182
0.0366271
0.129299
0.304928
0.0529185
0.138748
0.159513
0.0797388
0.288403
0.374507
0.281412
0.409334
0.384747
0.144456
0.287077
0.255447
0.108508
0.156136
0.416694
0.283574
0.105127
0.318296
0.285909
0.347822
0.153712
0.261002
0.0668785
0.0475815
0.328209
0.0692936
0.141711
0.138866
0.0520884
0.385869
0.249516
0.220651
0.0778754
0.202886
0.245846
0.216166
0.326557
0.3859
0.242869
0.149566
0.164032
0.214406
0.0439087
0.243499
0.130087
0.211692
0.180475
0.414022
0.179775
0.0517287
0.0420611
0.0609697
0.220469
0.194535
0.109637
0.278343
