0.451804
0.272683
0.37784
0.349512
0.246097
0.310249
0.358748
0.269217
0.315373
0.292341
0.359174
0.329464
0.315017
0.307689
0.320909
0.318818
0.317693
0.232064
0.320351
0.338294
0.257523
0.404914
0.304932
0.386769
0.324274
0.28224
0.353633
0.31145
0.374784
0.413483
0.278795
0.273674
0.334146
0.408401
0.345148
0.446256
0.33219
0.271077
0.314758
0.222737
0.36941
0.349144
0.344952
0.271147
0.34676
0.404938
0.335264
0.330359
0.249395
0.43725
0.402463
0.330861
0.233666
0.278386
0.252876
0.368613
0.350631
0.406085
0.263154
0.331751
0.440423
0.383106
0.42728
0.396399
0.322956
0.325381
0.307768
0.323899
0.237805
0.354734
0.271272
0.312595
0.186977
0.420261
0.486704
0.304232
0.313283
0.329942
0.309282
0.366984
0.322871
0.378899
0.351147
0.337205
0.357009
0.310947
0.288213
0.343154
0.2975
0.310192
0.293851
0.43862
0.257852
0.309304
0.386699
0.396112
0.463687
0.344587
0.363279
0.378442
0.415744
0.290773
0.328342
0.420581
0.326948
0.361409
0.315713
0.393811
0.244013
0.313403
0.327273
0.332912
0.369167
0.375443
0.379762
0.425187
0.301789
0.334509
0.336607
0.361531
0.347221
0.316405
0.298187
0.401053
0.304293
0.348897
0.309592
0.35559
0.354206
0.315701
0.318362
0.293425
0.355573
0.417214
0.334442
0.471792
0.329516
0.379968
0.326084
0.362793
0.293852
0.331012
0.292448
0.379882
0.283255
0.367081
0.292748
0.354044
0.254304
0.352767
0.360201
0.455571
0.276474
0.429522
0.409851
0.292369
0.318384
0.344177
0.439552
0.408793
0.37719
0.381859
0.298571
0.305118
0.331498
0.315357
0.305048
0.299474
0.382163
0.36942
0.396732
0.426098
0.316452
0.311278
0.362765
0.290809
0.281674
0.361549
0.379518
0.352415
0.289507
0.300076
0.254284
0.345443
0.400002
0.288317
0.269594
0.321851
0.366648
0.209758
0.319089
0.161177
0.326791
0.31261
0.331745
0.398226
0.465936
0.387195
0.373072
0.312459
0.411741
0.341498
0.278539
0.378211
0.346149
0.372876
0.293594
0.354315
0.352631
0.39882
0.273482
0.327995
0.326115
0.294694
0.332956
0.286071
0.382575
0.460476
0.345619
0.361812
0.332027
0.452549
0.37505
0.431515
0.429307
0.43799
0.35581
0.415304
0.384771
0.314798
0.292348
0.356081
0.299926
0.342677
0.358702
0.377616
0.306209
0.364015
0.325279
0.280568
0.330395
0.325572
0.318588
0.346165
0.373212
0.328391
0.28135
0.331249
0.241362
0.353103
0.294194
0.306221
0.422504
0.29232
0.323308
0.252483
0.373933
0.426039
0.339576
0.353371
0.357612
0.335827
0.324337
0.405558
0.408899
0.259645
0.38997
0.374049
0.362731
0.391075
0.35777
0.363476
0.401174
0.267691
0.236998
0.319249
0.301232
0.419289
0.306539
0.368399
0.230375
0.297046
0.323529
0.381889
0.348943
0.361772
0.297752
0.455607
0.388654
0.308394
0.366644
0.320581
0.337676
0.273441
0.352015
0.377042
0.374681
0.273452
0.354432
0.30152
0.362323
0.284386
0.273021
0.366498
0.416846
0.302181
0.325489
0.341719
0.493151
0.346259
0.397194
0.350347
0.38735
0.306099
0.312528
0.294925
0.390733
0.343736
0.27933
0.369963
0.261333
0.234936
0.36408
0.255247
0.380102
0.293483
0.273603
0.372533
0.317939
0.250334
0.318101
0.360633
0.325574
0.296765
0.383583
0.366276
0.272722
0.264319
0.317132
0.300611
0.30477
0.412206
0.265992
0.318678
0.28707
0.286093
0.480739
0.377661
0.304072
0.316224
0.360076
0.398616
0.252381
0.322133
0.283492
0.333576
0.299518
0.263054
0.319225
0.373034
0.348062
0.30192
0.27914
0.350189
0.358974
0.192677
0.307144
0.313696
0.298489
0.331877
0.298252
0.258143
0.337512
0.356743
0.351434
0.304036
0.256403
0.43873
0.347505
0.365703
0.274611
0.294646
0.24397
0.399501
0.297091
0.367474
0.341327
0.307114
0.413595
0.349926
0.320393
0.310838
0.335118
0.334949
0.23588
0.331173
0.310322
0.33877
0.366624
0.351841
0.256252
0.346428
0.36041
0.32998
0.241574
0.275517
0.269052
0.352573
0.378832
0.355142
0.451659
0.300318
0.379749
0.41364
0.325585
0.25569
0.37678
0.256951
0.457067
0.373821
0.32811
0.35979
0.36841
0.327861
0.426692
0.329107
0.303426
0.315895
0.378131
0.367669
0.31633
0.432105
0.34742
0.324445
0.220548
0.268613
0.321785
0.313526
0.351319
0.381541
0.403015
0.385441
0.32275
0.393829
0.405407
0.382822
0.334314
0.309921
0.223358
0.320136
0.297346
0.34394
0.404652
0.356565
0.311982
0.257997
0.234764
0.264252
0.222884
0.389664
0.418598
0.354644
0.291776
0.44886
0.418769
0.259701
0.37023
0.370991
0.308674
0.266099
0.314206
0.369346
0.346495
0.300251
0.252851
0.346438
0.331939
0.336745
0.318721
0.325
0.245128
0.344472
0.368893
0.311346
0.304801
0.348158
0.393817
0.31989
0.356008
0.354824
0.340125
0.281053
0.327622
0.327817
0.298921
0.40969
0.404719
0.416517
0.295412
0.399093
0.361248
0.57158
0.311741
0.392551
0.336954
0.361992
0.415197
0.381291
0.361394
0.257206
0.398497
0.276034
0.420713
0.419637
0.473635
0.344232
0.412755
0.412116
0.35414
0.422795
0.47619
0.422272
0.402135
0.333017
0.330505
0.439171
0.378655
0.285183
0.265759
0.328673
0.350974
0.338072
0.370927
0.382691
0.476595
0.411425
0.404195
0.420382
0.340898
0.438056
0.356144
0.467351
0.369702
0.423905
0.41704
0.31821
0.379105
0.435286
0.262176
0.334878
0.458573
0.365897
0.3407
0.298961
0.437067
0.362431
0.350675
0.455348
0.36656
0.457194
0.412469
0.369922
0.412292
0.465719
0.30391
0.456919
0.497118
0.43187
0.316947
0.31177
0.333919
0.342722
0.382719
0.32727
0.385223
0.412281
0.347602
0.444614
0.369174
0.400833
0.267052
0.298873
0.390366
0.410771
0.375476
0.395683
0.241026
0.289326
0.363419
0.448513
0.297737
0.320414
0.384736
0.371917
0.366465
0.333732
0.341472
0.323396
0.432163
0.339791
0.454997
0.350768
0.341217
0.313356
0.383345
0.331361
0.432732
0.281649
0.39353
0.431922
0.416589
0.419688
0.278405
0.364408
0.334561
0.403047
0.348986
0.277169
0.363824
0.324705
0.391589
0.470447
0.416482
0.417782
0.394678
0.357387
0.387458
0.324392
0.341941
0.259851
0.359207
0.310751
0.374463
0.397114
0.382035
0.445912
0.340239
0.28917
0.308797
0.272156
0.432052
0.239586
0.394769
0.375901
0.322567
0.249526
0.287308
0.330731
0.325081
0.248604
0.301451
0.403774
0.430692
0.381267
0.37289
0.386298
0.440007
0.280491
0.394446
0.353312
0.364574
0.310732
0.457821
0.394339
0.39669
0.372965
0.225082
0.396185
0.281097
0.394227
0.417593
0.315993
0.368644
0.279656
0.383243
0.413864
0.260715
0.260508
0.248392
0.365641
0.459394
0.399097
0.310448
0.43743
0.386374
0.351933
0.35415
0.355705
0.384559
0.425531
0.46416
0.331662
0.35535
0.379405
0.431086
0.270918
0.326092
0.316318
0.301556
0.439459
0.365013
0.396918
0.405218
0.340039
0.371138
0.425026
0.441627
0.494149
0.437242
0.459157
0.28659
0.407876
0.234079
0.276204
0.35383
0.392099
0.364136
0.356335
0.380952
0.394603
0.372325
0.354752
0.390419
0.48569
0.349008
0.315785
0.351188
0.428212
0.325683
0.428118
0.266595
0.421989
0.354859
0.3138
0.468434
0.35106
0.290018
0.315144
0.260487
0.313341
0.392534
0.449337
0.407648
0.314698
0.305533
0.34874
0.352224
0.306581
0.3529
0.312748
0.340431
0.402221
0.390348
0.427916
0.373895
0.382948
0.430278
0.285181
0.426719
0.397271
0.236462
0.289602
0.46219
0.344239
0.430754
0.392274
0.423385
0.451939
0.387199
0.315729
0.506572
0.407508
0.372917
0.486017
0.351224
0.345799
0.365755
0.396467
0.34745
0.342074
0.338765
0.227866
0.401443
0.459123
0.299838
0.42336
0.428272
0.389753
0.382186
0.355833
0.33216
0.362765
0.346461
0.312363
0.359808
0.351669
0.417461
0.328532
0.395222
0.358663
0.487438
0.331107
0.360362
0.368135
0.439055
0.402331
0.438108
0.441067
0.422034
0.346937
0.429759
0.369096
0.333207
0.485418
0.38014
0.394041
0.377153
0.381931
0.345544
0.443697
0.421955
0.362338
0.401172
0.301006
0.35088
0.250471
0.416316
0.387262
0.502957
0.30409
0.357342
0.408792
0.4735
0.379467
0.399702
0.289531
0.346831
0.398596
0.315511
0.399239
0.454732
0.400668
0.380911
0.452407
0.313417
0.340489
0.339858
0.29655
0.307026
0.325986
0.413629
0.368059
0.420224
0.42029
0.344002
0.4132
0.284746
0.337939
0.446586
0.336225
0.281017
0.290346
0.335782
0.50029
0.371594
0.425039
0.380892
0.398985
0.335956
0.451365
0.35152
0.365846
0.458
0.33502
0.382271
0.433509
0.43225
0.391153
0.342304
0.404547
0.362229
0.347483
0.392401
0.289283
0.447166
0.254716
0.39379
0.386744
0.333634
0.434141
0.371254
0.374925
0.332951
0.467579
0.394557
0.322489
0.454902
0.452371
0.35769
0.36517
0.387535
0.326698
0.379736
0.370022
0.474241
0.421513
0.330779
0.412458
0.33796
0.471515
0.356182
0.388139
0.350631
0.353665
0.331757
0.339279
0.294977
0.386253
0.467109
0.421821
0.491959
0.45902
0.386829
0.402614
0.398781
0.397563
0.423278
0.299743
0.439824
0.264805
0.332819
0.402518
0.298404
0.264815
0.349734
0.353228
0.326999
0.349509
0.364841
0.366764
0.390282
0.398696
0.385403
0.460963
0.36991
0.357469
0.485133
0.401188
0.350707
0.32174
0.355857
0.469709
0.39348
0.430289
0.374635
0.312882
0.386673
0.366143
0.332173
0.373512
0.312248
0.46203
0.389098
0.347623
0.432757
0.323288
0.423555
0.374418
0.39852
0.331566
0.300909
0.508466
0.297046
0.365479
0.333241
0.446094
0.397379
0.385764
0.340186
0.426612
0.216893
0.417902
0.522313
0.428373
0.347244
0.516855
0.422083
0.45022
0.352706
0.352478
0.373255
0.392154
0.348553
0.346754
0.302297
0.327012
0.457201
0.355001
0.489841
0.250417
0.471345
0.605973
0.505193
0.492336
0.448451
0.480739
0.441657
0.430747
0.459096
0.487886
0.401521
0.487889
0.492857
0.507111
0.402432
0.465915
0.499926
0.476225
0.442744
0.50992
0.548515
0.485705
0.447144
0.481803
0.495545
0.460388
0.37954
0.47002
0.454292
0.509589
0.483312
0.447974
0.360793
0.464873
0.497152
0.455381
0.462012
0.485725
0.457749
0.465892
0.520725
0.463535
0.48711
0.446091
0.510455
0.481727
0.483756
0.416244
0.522471
0.436936
0.503389
0.526581
0.53063
0.475365
0.49907
0.458854
0.428286
0.410507
0.461876
0.399395
0.470093
0.437699
0.461978
0.468095
0.464533
0.489669
0.481908
0.450894
0.4974
0.461631
0.399509
0.568392
0.397375
0.372881
0.532718
0.469957
0.481603
0.425293
0.402993
0.459618
0.417466
0.52603
0.400991
0.499599
0.427771
0.474318
0.468812
0.442833
0.462358
0.456631
0.360598
0.453637
0.514503
0.459572
0.411737
0.431837
0.439592
0.436465
0.424789
0.421406
0.465583
0.387505
0.423849
0.420185
0.446975
0.44231
0.489198
0.532672
0.415082
0.486892
0.49632
0.532586
0.326642
0.370799
0.357875
0.437267
0.346594
0.403429
0.462012
0.515772
0.458451
0.423796
0.514444
0.41779
0.524218
0.460714
0.356092
0.465869
0.410199
0.419814
0.420796
0.482591
0.381829
0.397842
0.474712
0.55876
0.445511
0.429025
0.424679
0.341545
0.470331
0.304161
0.48618
0.490683
0.373309
0.518215
0.474367
0.363739
0.386779
0.449354
0.409659
0.476118
0.430944
0.356007
0.36038
0.496225
0.564592
0.374719
0.426125
0.408237
0.351655
0.359321
0.452779
0.467337
0.432313
0.370489
0.474758
0.461703
0.40094
0.427606
0.473477
0.41611
0.368046
0.410708
0.485358
0.501704
0.478203
0.507598
0.529907
0.495425
0.47636
0.496797
0.325757
0.439307
0.491561
0.478641
0.533001
0.51979
0.442749
0.446265
0.47106
0.46381
0.420583
0.486968
0.457614
0.435233
0.438613
0.505931
0.506154
0.385176
0.530468
0.452628
0.527861
0.466718
0.467013
0.435227
0.519526
0.374208
0.502861
0.42818
0.447071
0.405215
0.54851
0.433756
0.442776
0.389465
0.405859
0.403315
0.444148
0.502319
0.42931
0.533444
0.51103
0.535247
0.372995
0.497312
0.467756
0.431585
0.24674
0.370639
0.393432
0.488049
0.490421
0.492815
0.458964
0.505338
0.463826
0.467676
0.494662
0.473583
0.411377
0.477744
0.450624
0.471115
0.479979
0.455384
0.469553
0.45048
0.377949
0.531497
0.43688
0.50337
0.355786
0.464404
0.515849
0.440928
0.324912
0.437403
0.337128
0.444438
0.468534
0.49523
0.487973
0.44703
0.457731
0.463463
0.418744
0.41154
0.384316
0.550104
0.425995
0.509845
0.335256
0.432415
0.515505
0.508751
0.534959
0.463807
0.476772
0.369569
0.394261
0.560168
0.449593
0.569444
0.390899
0.480896
0.471732
0.460407
0.413221
0.424511
0.407019
0.359872
0.39472
0.54504
0.495746
0.319106
0.474926
0.42262
0.440963
0.462015
0.527314
0.464155
0.489561
0.397526
0.448862
0.422005
0.522147
0.457334
0.424214
0.535698
0.487446
0.483832
0.438847
0.518165
0.432717
0.332599
0.343126
0.519783
0.497954
0.43598
0.414224
0.492651
0.412386
0.437849
0.380268
0.459965
0.400197
0.463657
0.494244
0.464151
0.393586
0.433599
0.567753
0.514968
0.447827
0.52272
0.523895
0.475825
0.519197
0.390583
0.37471
0.350183
0.528455
0.435038
0.476864
0.503439
0.474694
0.458003
0.46029
0.414425
0.463027
0.527161
0.547332
0.46484
0.456072
0.524948
0.406872
0.424719
0.468927
0.482191
0.400328
0.411341
0.439591
0.45467
0.503093
0.463621
0.438899
0.432316
0.48751
0.497665
0.514486
0.471624
0.459192
0.484642
0.491411
0.515991
0.390283
0.46062
0.456831
0.456602
0.428745
0.405641
0.500805
0.458703
0.473595
0.438198
0.431219
0.421813
0.431524
0.459864
0.504602
0.487195
0.481325
0.462909
0.353803
0.357664
0.474012
0.48461
0.392863
0.370197
0.495944
0.462875
0.456004
0.518805
0.459188
0.439521
0.472687
0.45825
0.449602
0.468597
0.494257
0.430607
0.456227
0.474873
0.538274
0.354457
0.44716
0.461243
0.405737
0.399472
0.438623
0.462219
0.527465
0.410125
0.398499
0.416514
0.40904
0.43506
0.465527
0.432699
0.484421
0.498782
0.400978
0.472121
0.483318
0.449395
0.440065
0.506269
0.453577
0.350095
0.403568
0.398568
0.460428
0.444454
0.424581
0.32949
0.455778
0.403039
0.45004
0.465588
0.291021
0.4226
0.437158
0.422373
0.43292
0.501733
0.526823
0.464356
0.405109
0.434098
0.421919
0.391334
0.413906
0.433815
0.514994
0.407726
0.462591
0.398504
0.459846
0.403928
0.459055
0.493204
0.465447
0.510883
0.444775
0.495904
0.470839
0.501511
0.347293
0.477712
0.456795
0.439525
0.517624
0.442384
0.47567
0.412664
0.321128
0.378846
0.40595
0.453995
0.363404
0.41318
0.466966
0.456274
0.418519
0.462364
0.430756
0.477224
0.485452
0.406167
0.476716
0.423747
0.434952
0.519621
0.526601
0.509056
0.512047
0.411625
0.28978
0.496999
0.438587
0.570663
0.509408
0.512794
0.53967
0.529846
0.373491
0.498467
0.542279
0.471485
0.496684
0.497453
0.479995
0.485689
0.518618
0.521121
0.536942
0.432158
0.454191
0.410891
0.541882
0.542694
0.365496
0.552793
0.459943
0.567632
0.540845
0.545401
0.471268
0.502984
0.572955
0.583424
0.432254
0.487259
0.520713
0.45519
0.428918
0.53246
0.569039
0.561572
0.489674
0.551811
0.382432
0.37296
0.551453
0.548939
0.509291
0.562907
0.533627
0.591746
0.467799
0.540235
0.413776
0.538368
0.551643
0.379446
0.525659
0.450509
0.378029
0.433567
0.437047
0.493332
0.417375
0.402203
0.492803
0.376902
0.436966
0.368213
0.475899
0.46431
0.558509
0.437716
0.408444
0.520163
0.507864
0.571466
0.587431
0.539963
0.525101
0.450691
0.401176
0.479221
0.472818
0.477446
0.441307
0.523943
0.460992
0.539639
0.526202
0.546684
0.550675
0.432378
0.344329
0.531285
0.487928
0.515817
0.433408
0.417536
0.337286
0.531325
0.532554
0.573013
0.566447
0.543199
0.487968
0.406415
0.45606
0.490705
0.550915
0.493143
0.329122
0.504893
0.502921
0.440274
0.472351
0.474503
0.545921
0.50277
0.573401
0.536419
0.512077
0.509025
0.350197
0.521901
0.508879
0.473826
0.565687
0.511131
0.504392
0.440571
0.46611
0.567402
0.53562
0.332742
0.500356
0.552782
0.479001
0.51121
0.508115
0.360751
0.4206
0.534583
0.408671
0.556068
0.344935
0.528985
0.558771
0.478553
0.501919
0.583051
0.501646
0.481505
0.531574
0.505388
0.558626
0.475144
0.521952
0.385997
0.505664
0.530362
0.564247
0.427428
0.454303
0.544206
0.520587
0.509989
0.436375
0.545981
0.547076
0.388259
0.533633
0.475005
0.42267
0.454063
0.505111
0.386593
0.470231
0.453256
0.434513
0.550423
0.548653
0.497675
0.469238
0.435242
0.311188
0.52971
0.527076
0.49593
0.335361
0.517557
0.515698
0.5444
0.47879
0.421185
0.541495
0.225041
0.598811
0.493853
0.359227
0.28374
0.455575
0.524303
0.49091
0.479939
0.343247
0.3494
0.371813
0.49142
0.50551
0.390913
0.569661
0.432301
0.297395
0.483293
0.552451
0.476678
0.355458
0.511257
0.440524
0.396064
0.53408
0.469849
0.433721
0.332245
0.554377
0.513458
0.479166
0.479132
0.489598
0.431897
0.437639
0.533481
0.445854
0.460428
0.454347
0.499767
0.506781
0.359993
0.504291
0.572175
0.425232
0.35998
0.531606
0.41153
0.528799
0.542924
0.457828
0.509359
0.402589
0.545526
0.496956
0.441693
0.563303
0.516401
0.356378
0.52632
0.456536
0.540483
0.499891
0.493318
0.544167
0.552779
0.517709
0.513598
0.486883
0.522973
0.397691
0.31138
0.492102
0.446405
0.535863
0.498284
0.374092
0.41437
0.358767
0.511649
0.461126
0.503712
0.440366
0.532018
0.518049
0.532467
0.419843
0.519186
0.535249
0.550059
0.509891
0.497571
0.28493
0.482136
0.584121
0.456828
0.549184
0.48815
0.472474
0.337498
0.448005
0.512982
0.525757
0.393909
0.417761
0.251811
0.525001
0.446598
0.412111
0.416894
0.54513
0.478227
0.343297
0.471268
0.445778
0.55303
0.532146
0.520408
0.596253
0.370899
0.366023
0.501728
0.540165
0.407223
0.513876
0.565962
0.566156
0.445124
0.533439
0.514441
0.525284
0.556891
0.325588
0.519405
0.548848
0.470689
0.477396
0.457532
0.507383
0.306303
0.481615
0.52227
0.512742
0.589631
0.490472
0.390901
0.511179
0.499045
0.501964
0.452462
0.49504
0.474794
0.351653
0.493032
0.501134
0.582245
0.488414
0.550148
0.453039
0.515483
0.509756
0.559246
0.490962
0.391655
0.550473
0.581373
0.524577
0.547794
0.560729
0.519836
0.481051
0.530815
0.450436
0.348632
0.547523
0.514779
0.478257
0.502364
0.45702
0.545831
0.405969
0.530928
0.401196
0.509667
0.420479
0.5621
0.549486
0.274104
0.568521
0.579772
0.535245
0.528234
0.464919
0.526865
0.421334
0.475784
0.345841
0.416347
0.501141
0.580353
0.486118
0.505132
0.522182
0.465486
0.347693
0.46834
0.560042
0.519258
0.53796
0.559773
0.458172
0.481443
0.427064
0.556679
0.536166
0.546547
0.545402
0.501517
0.385608
0.590676
0.53991
0.573118
0.435298
0.485785
0.549632
0.518698
0.434967
0.592222
0.509337
0.497823
0.489166
0.541126
0.513323
0.502822
0.317583
0.51512
0.520566
0.56756
0.401682
0.435272
0.493242
0.449024
0.537331
0.590853
0.454807
0.550945
0.507798
0.521352
0.559071
0.531826
0.555908
0.529259
0.453348
0.515898
0.545838
0.509166
0.530663
0.531416
0.527514
0.458174
0.548115
0.49497
0.544153
0.487107
0.581351
0.547998
0.547568
0.574142
0.542869
0.411336
0.542337
0.570414
0.309512
0.45886
0.419833
0.469233
0.408458
0.331033
0.526307
0.457596
0.513995
0.470278
0.470635
0.528536
0.464548
0.594139
0.375751
0.492897
0.457519
0.517847
0.548139
0.484596
0.608718
0.44679
0.436627
0.522358
0.568231
0.645679
0.559981
0.588506
0.630405
0.425136
0.565019
0.55815
0.474585
0.26827
0.536325
0.355753
0.467479
0.562613
0.556523
0.449976
0.592592
0.56384
0.589092
0.580431
0.57038
0.581744
0.454369
0.521474
0.474179
0.515228
0.535157
0.499244
0.440565
0.489398
0.544518
0.54922
0.551043
0.581883
0.592274
0.239889
0.513212
0.598629
0.466663
0.54625
0.445032
0.507432
0.501732
0.416248
0.606698
0.553265
0.550331
0.504056
0.481829
0.612314
0.434118
0.600394
0.289786
0.583138
0.38564
0.382668
0.533256
0.509256
0.576255
0.587943
0.308436
0.434254
0.401611
0.60614
0.532231
0.576457
0.530554
0.440294
0.521042
0.242667
0.544154
0.503154
0.527157
0.520737
0.547444
0.492203
0.579588
0.472533
0.548925
0.474661
0.39887
0.606402
0.614971
0.557121
0.287571
0.444642
0.578532
0.497351
0.5326
0.508889
0.514577
0.577556
0.472654
0.557738
0.46851
0.529631
0.582831
0.481018
0.549299
0.351607
0.321699
0.296227
0.513233
0.524204
0.528861
0.542306
0.511695
0.40711
0.568997
0.548092
0.531694
0.511163
0.411997
0.523981
0.385193
0.554192
0.50828
0.564532
0.608742
0.614869
0.529176
0.451118
0.595534
0.500895
0.426694
0.567564
0.43785
0.491591
0.556901
0.45534
0.65785
0.473223
0.547889
0.498824
0.429661
0.531481
0.463855
0.591412
0.555483
0.5304
0.543815
0.42158
0.559533
0.456408
0.458898
0.440691
0.382106
0.582343
0.464538
0.498876
0.446559
0.389439
0.483929
0.555602
0.365899
0.526517
0.518956
0.51553
0.570208
0.499078
0.309716
0.596036
0.501756
0.471941
0.461799
0.544245
0.48128
0.539712
0.547394
0.348631
0.544565
0.464257
0.600619
0.540776
0.521618
0.565891
0.528317
0.298214
0.494825
0.45333
0.329183
0.558862
0.612823
0.442532
0.583973
0.462701
0.585354
0.516333
0.536521
0.499547
0.426633
0.557454
0.538073
0.486273
0.439882
0.545394
0.442671
0.609818
0.536553
0.45194
0.515706
0.56646
0.464666
0.542309
0.416872
0.486629
0.525445
0.550503
0.416204
0.310799
0.429734
0.557901
0.53387
0.546294
0.52369
0.544137
0.379746
0.416282
0.537875
0.412356
0.563763
0.373248
0.495463
0.50033
0.517938
0.524858
0.584257
0.498125
0.548147
0.583099
0.536625
0.485236
0.334478
0.462801
0.377893
0.614287
0.585191
0.619015
0.555468
0.537684
0.535845
0.515024
0.521463
0.58168
0.340539
0.579628
0.47128
0.411441
0.517048
0.418551
0.481498
0.423964
0.441533
0.526377
0.47033
0.585693
0.461181
0.608988
0.504186
0.507253
0.473656
0.544085
0.563069
0.429019
0.541437
0.544301
0.502606
0.526959
0.596088
0.40627
0.617299
0.452677
0.521411
0.512254
0.467399
0.453026
0.592008
0.517106
0.465047
0.591112
0.502014
0.598738
0.593724
0.561236
0.564786
0.585254
0.577993
0.303879
0.539737
0.475524
0.509219
0.557339
0.435813
0.506931
0.516847
0.556042
0.554331
0.564265
0.412977
0.419294
0.59464
0.629078
0.579077
0.459185
0.45705
0.486726
0.540221
0.496411
0.387152
0.410478
0.440723
0.28712
0.333257
0.581333
0.457154
0.499585
0.457714
0.461462
0.38001
0.599717
0.481935
0.444283
0.472009
0.440791
0.35186
0.500992
0.53504
0.429542
0.438772
0.417492
0.44084
0.483429
0.427399
0.4562
0.38077
0.409373
0.419684
0.444569
0.414655
0.402071
0.453241
0.368795
0.475483
0.438447
0.479225
0.403592
0.348253
0.443395
0.481323
0.248496
0.386814
0.465146
0.519673
0.389452
0.42899
0.524716
0.469954
0.456335
0.283158
0.438317
0.491411
0.31472
0.449504
0.434258
0.28151
0.103775
0.409482
0.476509
0.475518
0.467536
0.40881
0.407585
0.589543
0.586732
0.437149
0.435071
0.443449
0.523672
0.448006
0.569949
0.45764
0.396353
0.479812
0.391368
0.443303
0.465639
0.461206
0.466533
0.431737
0.43697
0.49005
0.520734
0.399823
0.180652
0.562235
0.399703
0.536389
0.495078
0.399471
0.399988
0.45969
0.469103
0.328521
0.183509
0.412137
0.58445
0.407059
0.432783
0.468256
0.370338
0.49764
0.584058
0.508914
0.512027
0.451899
0.483889
0.500087
0.585137
0.4695
0.446816
0.55296
0.308743
0.562352
0.481385
0.580082
0.461937
0.415778
0.435638
0.484594
0.433916
0.394884
0.408305
0.495549
0.289717
0.476692
0.368119
0.436265
0.4677
0.311793
0.375495
0.432251
0.381768
0.404814
0.41866
0.550145
0.389393
0.267311
0.243679
0.566722
0.578874
0.423141
0.415159
0.522415
0.562611
0.496684
0.475849
0.567934
0.552507
0.483716
0.588284
0.37039
0.37436
0.227528
0.479574
0.309832
0.446024
0.439945
0.447815
0.52495
0.463909
0.444313
0.275201
0.437196
0.453987
0.300117
0.395782
0.399024
0.471833
0.398631
0.481093
0.361831
0.473342
0.464775
0.235229
0.369748
0.521373
0.496646
0.469397
0.487575
0.565472
0.459191
0.424162
0.446211
0.201717
0.256329
0.420119
0.439894
0.335018
0.281265
0.525321
0.419245
0.402718
0.563231
0.565047
0.462151
0.391302
0.493171
0.501829
0.450521
0.4234
0.345113
0.147447
0.557111
0.399988
0.544797
0.376108
0.54292
0.215465
0.552557
0.492407
0.582827
0.289931
0.434576
0.479567
0.354979
0.459504
0.576813
0.42198
0.448406
0.444689
0.574229
0.40911
0.325846
0.472536
0.492184
0.436236
0.469913
0.363297
0.440459
0.370702
0.459713
0.585818
0.596262
0.403922
0.370437
0.46039
0.338195
0.584114
0.236643
0.393269
0.436456
0.590052
0.46413
0.407094
0.466849
0.425436
0.413258
0.42136
0.497423
0.584348
0.364638
0.36994
0.583525
0.334264
0.298052
0.45449
0.550318
0.424196
0.367546
0.432914
0.473694
0.41441
0.481258
0.535218
0.467093
0.442451
0.422672
0.377115
0.491557
0.493379
0.397282
0.539079
0.458932
0.439711
0.573895
0.461104
0.473134
0.495415
0.478139
0.496162
0.250512
0.443279
0.508528
0.425003
0.489711
0.421141
0.43659
0.459805
0.439574
0.513233
0.400136
0.487582
0.512082
0.483336
0.251254
0.155222
0.124955
0.306066
0.359258
0.114873
0.241527
0.183809
0.122974
0.399611
0.301287
0.278469
0.225035
0.366859
0.379111
0.132031
0.0929395
0.379173
0.124898
0.321475
0.271011
0.392526
0.419096
0.425195
0.359021
0.230494
0.365231
0.130245
0.302103
0.213278
0.261829
0.139893
0.40022
0.203406
0.440488
0.352056
0.345906
0.241204
0.311922
0.242146
0.181071
0.243064
0.268525
0.428091
0.430741
0.405461
0.187199
0.239825
0.302803
0.290732
0.286257
0.243025
0.118569
0.164739
0.339295
0.257396
0.107316
0.415684
0.086469
0.418702
0.182614
0.429622
0.293136
0.166784
0.38704
0.40086
0.346816
0.326744
0.361475
0.151319
0.199965
0.219378
0.311646
0.319602
0.253339
0.333402
0.282626
0.41351
0.283095
0.322255
0.437084
0.285558
0.252676
0.238259
0.428555
0.32903
0.338577
0.123882
0.414359
0.18767
0.206779
0.3368
0.426614
0.297019
0.317062
0.236374
0.327819
0.16226
0.288901
0.147472
0.160119
0.183778
0.348582
0.240223
0.356106
0.225536
0.124488
0.377503
0.202798
0.287558
0.309462
0.291353
0.327087
0.239358
0.280898
0.232616
0.265047
0.329741
0.119796
0.286794
0.160733
0.180362
0.351328
0.220246
0.32592
0.243361
0.139626
0.289496
0.272603
0.195495
0.30376
0.284314
0.339703
0.427125
0.129693
0.352122
0.249301
0.332648
0.336095
0.265716
0.322827
0.0877171
0.219411
0.196165
0.317242
0.288981
0.359326
0.124688
0.334209
0.345381
0.299986
0.265228
0.134422
0.150431
0.299522
0.230574
0.0832587
0.270886
0.0968075
0.205588
0.340013
0.2257
0.399492
0.256479
0.309488
0.218152
0.251126
0.261552
0.382196
0.376565
0.249222
0.350754
0.112394
0.189296
0.271219
0.203925
0.200504
0.376184
0.205067
0.280144
0.352325
0.218713
0.39832
0.304502
0.322547
0.21789
0.181955
0.396116
0.117503
0.0924725
0.271294
0.154377
0.105192
0.194653
0.334913
0.192592
0.118027
0.28513
0.370389
0.200041
0.297408
0.349755
0.430972
0.226212
0.259699
0.296195
0.257551
0.304668
0.0990602
0.417442
0.270116
0.412878
0.359549
0.296108
0.302292
0.304091
0.278054
0.199402
0.210629
0.406802
0.215309
0.193827
0.143881
0.391815
0.430504
0.261848
0.359522
0.294805
0.343766
0.2577
0.281016
0.393179
0.124389
0.189927
0.404046
0.167854
0.32385
0.323336
0.234875
0.389105
0.284498
0.130161
0.148564
0.350582
0.299649
0.278583
0.279635
0.307783
0.425723
0.283085
0.312692
0.141054
0.205095
0.27232
0.236152
0.323977
0.242988
0.387659
0.182524
0.311706
0.37596
0.305122
0.419733
0.252769
0.109448
0.219131
0.287039
0.314506
0.34045
0.272901
0.280413
0.21171
0.23446
0.276616
0.273839
0.270281
0.263663
0.423208
0.298115
0.340806
0.198622
0.318451
0.430863
0.277331
0.396388
0.382059
0.24645
0.241589
0.119816
0.252327
0.217232
0.291707
0.365384
0.225475
0.12007
0.295077
0.219894
0.31516
0.0950617
0.117639
0.56183
0.559343
0.564285
0.501676
0.438082
0.480869
0.53635
0.496499
0.528031
0.543156
0.538279
0.164647
0.508241
0.416159
0.543561
0.501584
0.531057
0.449452
0.532953
0.506428
0.204511
0.506392
0.425698
0.563328
0.485654
0.472511
0.404343
0.526016
0.431847
0.542358
0.594973
0.566304
0.567879
0.382849
0.473839
0.507847
0.574613
0.527282
0.541152
0.539928
0.458748
0.458748
0.50934
0.495245
0.235259
0.506189
0.476616
0.497399
0.530341
0.408598
0.494975
0.498204
0.516035
0.407485
0.512155
0.401831
0.509699
0.533661
0.423398
0.530341
0.117135
0.442816
0.40944
0.383382
0.427197
0.211041
0.436573
0.424374
0.419191
0.508532
0.527314
0.514633
0.413721
0.542314
0.517545
0.539428
0.517545
0.450797
0.421874
0.52492
0.511108
0.453253
0.500771
0.514989
0.433638
0.489423
0.441798
0.537592
0.324056
0.414729
0.469745
0.410927
0.482102
0.508831
0.458118
0.482586
0.533709
0.457518
0.191405
0.44681
0.569958
0.412024
0.532539
0.459504
0.523394
0.518258
0.49562
0.598683
0.475487
0.341728
0.516937
0.510038
0.431145
0.532302
0.511108
0.514971
0.430763
0.525049
0.441626
0.564058
0.52532
0.251282
0.444811
0.511826
0.321192
0.230119
0.285228
0.455426
0.440686
0.481219
0.50977
0.560693
0.475059
0.429963
0.573915
0.476512
0.467728
0.537485
0.501181
0.511826
0.506392
0.51299
0.512155
0.572088
0.478692
0.500237
0.424563
0.489423
0.554844
0.584382
0.531057
0.571823
0.539842
0.328064
0.192619
0.497936
0.536794
0.442368
0.535055
0.407837
0.563333
0.421714
0.511862
0.523394
0.55189
0.47509
0.50934
0.467989
0.504775
0.192619
0.560708
0.432722
0.527284
0.551083
0.390362
0.437608
0.461124
0.494091
0.608972
0.324056
0.593534
0.532539
0.595066
0.322687
0.511352
0.48587
0.57514
0.520283
0.521928
0.494355
0.506641
0.527829
0.524871
0.522679
0.538259
0.492791
0.495476
0.434686
0.434913
0.547301
0.463725
0.558267
0.25195
0.431667
0.21287
0.422165
0.471426
0.577081
0.478347
0.45123
0.493207
0.432679
0.558597
0.45512
0.478321
0.531432
0.551006
0.463273
0.465925
0.330258
0.545664
0.535484
0.511862
0.441053
0.545786
0.565702
0.482102
0.560632
0.501892
0.441798
0.604266
0.525487
0.503
0.429353
0.20782
0.320975
0.259754
0.463943
0.411984
0.501892
0.386025
0.537592
0.519238
0.54236
0.429949
0.528084
0.547579
0.437259
0.344892
0.211848
0.529563
0.496984
0.431677
0.534764
0.542314
0.480106
0.440729
0.534764
0.511554
0.51952
0.532849
0.539262
0.435467
0.556727
0.508034
0.451119
0.529466
0.536674
0.424374
0.482839
0.504842
0.500321
0.445003
0.504098
0.543156
0.472931
0.608099
0.473817
0.52492
0.544698
0.500237
0.400396
0.519238
0.508989
0.565932
0.431402
0.565279
0.532849
0.44387
0.546317
0.460451
0.191405
0.539137
0.493959
0.48826
0.51952
0.603726
0.420974
0.412223
0.21287
0.409014
0.297058
0.0945438
0.10624
0.151338
0.117297
0.0578828
0.101387
0.0870187
0.108643
0.0604651
0.104786
0.142909
0.14097
0.0439927
0.0932561
0.115176
0.0603376
0.166824
0.0607343
0.153851
0.0773011
0.118225
0.0677181
0.142767
0.138999
0.0810276
0.0919412
0.096614
0.122531
0.101886
0.103669
0.057621
0.0572221
0.113035
0.0628349
0.0639889
0.0982696
0.165144
0.0903747
0.154894
0.0270694
0.0380694
0.0791311
0.0494719
0.0858623
0.0807626
0.0724876
0.115536
0.114604
0.0873829
0.115889
0.0987115
0.126509
0.073578
0.121783
0.039188
0.0632575
0.0594968
0.0941304
0.105992
0.121753
0.0833482
0.125652
0.0608558
0.111811
0.0903217
0.0901962
0.157505
0.111605
0.176245
0.0760015
0.115289
0.131384
0.106128
0.148048
0.0869622
0.19771
0.160421
0.118257
0.0887339
0.137873
0.0614672
0.165938
0.100313
0.0947857
0.152188
0.127775
0.0554672
0.166481
0.0953803
0.121507
0.0838654
0.0662466
0.0896848
0.1335
0.11625
0.058176
0.114507
0.0997324
0.0679366
0.080234
0.0995642
0.0676847
0.13563
0.109513
0.0525686
0.101578
0.139611
0.075022
0.142199
0.0618067
0.123029
0.0808848
0.0925872
0.0821356
0.026492
0.0555786
0.108693
0.098201
0.154674
0.122545
0.0932542
0.139147
0.0525047
0.0452255
0.0590785
0.0241651
0.249982
0.0588722
0.165324
0.0765885
0.0539411
0.150457
0.120959
0.0937335
0.0916759
0.133031
0.114084
0.138885
0.116675
0.142571
0.0495515
0.0930838
0.150212
0.0661315
0.141117
0.0989085
0.123491
0.0486595
0.0951904
0.0566543
0.0546602
0.076871
0.110447
0.176091
0.0499647
0.0952225
0.141413
0.0996011
0.121866
0.110574
0.12491
0.171651
0.0953121
0.0536415
0.0644307
0.133209
0.10597
0.146538
0.0343133
0.128321
0.0380212
0.0849788
0.185315
0.124633
0.13646
0.0805919
0.0745716
0.046545
0.125472
0.0650191
0.0359891
0.125376
0.0753473
0.0674766
0.134653
0.0985714
0.0695003
0.0730523
0.0811134
0.0803834
0.142836
0.0747198
0.150735
0.154084
0.0987257
0.0951986
0.0597883
0.137523
0.0541643
0.0802508
0.0811202
0.0743183
0.146408
0.0221658
0.118293
0.0434623
0.0174947
0.0672982
0.0670936
0.120746
0.0459244
0.123765
0.124278
0.124652
0.203257
0.068353
0.0380421
0.162836
0.100393
0.0934217
0.0545832
0.108624
0.0438888
0.0881032
0.135961
0.0898402
0.151963
0.143615
0.0344739
0.108122
0.138805
0.117941
0.144911
0.0860196
0.0858447
0.133242
0.119696
0.165357
0.0983601
0.118029
0.0455838
0.0675823
0.0624996
0.197246
0.101139
0.0587508
0.113438
0.160593
0.126914
0.122108
0.103717
0.0533261
0.0920456
0.0529888
0.071997
0.140046
0.158868
0.136629
0.0826594
0.127685
0.149814
0.0550517
0.192439
0.144306
0.138167
0.0201806
0.159165
0.117187
0.135396
0.123559
0.0817884
0.0952799
0.0724103
0.127754
0.0684144
0.0916705
0.0627385
0.0680297
0.110633
0.0539091
0.169727
0.0374753
0.0682564
0.106034
0.0991836
0.0963696
0.0674494
0.132762
0.105287
0.124002
0.12295
0.0710149
0.084899
0.128515
0.140504
0.105764
0.0889488
0.0835316
0.138343
0.102815
0.0712079
0.09595
0.0911569
0.106823
0.0371571
0.0728453
0.094132
0.0612779
0.0972323
0.121918
0.122733
0.0545551
0.101685
0.0356551
0.179879
0.123791
0.143252
0.0953259
0.112767
0.117457
0.0720152
0.0808413
0.123744
0.114952
0.08618
0.0814212
0.0667557
0.0921352
0.0862804
0.116081
0.0462576
0.0490072
0.0427799
0.068617
0.0446432
0.119238
0.0735775
0.157592
0.081639
0.0476849
0.111054
0.0623091
0.169917
0.123798
0.160012
0.0376335
0.13342
0.137848
0.142078
0.0867549
0.112769
0.11691
0.123773
0.128866
0.0984363
0.207261
0.0468868
0.164976
0.130286
0.0292256
0.0392861
0.082883
0.126053
0.0297869
0.102444
0.055698
0.157021
0.0422163
0.0638904
0.0700657
0.149311
0.135232
0.0376316
0.109098
0.0971893
0.0944192
0.0626053
0.0292804
0.0470465
0.115348
0.108246
0.0493172
0.0901097
0.186073
0.143619
0.0912214
0.100539
0.100123
0.0875673
0.0901366
0.169817
0.0856304
0.166597
0.077691
0.0997902
0.148779
0.0651375
0.0854699
0.0377736
0.0609089
0.0731124
0.0774075
0.0560775
0.143077
0.0814297
0.0768959
0.104974
0.131814
0.0937089
0.111384
0.0823235
0.0509847
0.117508
0.10302
0.0255643
0.107695
0.0821504
0.134425
0.0988876
0.114711
0.062908
0.0444301
0.0799575
0.0944666
0.0423241
0.160936
0.0879388
0.228753
0.0968383
0.0682943
0.116764
0.182214
0.048459
0.132126
0.0835416
0.115532
0.0369272
0.157415
0.0543805
0.0843172
0.110341
0.0945164
0.0823996
0.0620576
0.0307857
0.0796197
0.06005
0.037483
0.09507
0.104089
0.101475
0.0636964
0.0827774
0.145239
0.113182
0.0870086
0.173248
0.03128
0.0650706
0.0642316
0.117146
0.100839
0.0414306
0.122732
0.0940421
0.0522661
0.181579
0.112273
0.123932
0.076322
0.0660774
0.133485
0.076449
0.0858057
0.178893
0.0936557
0.0893527
0.133068
0.126864
0.114887
0.122157
0.0425999
0.0352395
0.160165
0.101953
0.0345694
0.161363
0.0599137
0.154978
0.0999384
0.130777
0.145517
0.152285
0.055178
0.144394
0.0988497
0.0779345
0.0415465
0.127551
0.0934345
0.081969
0.126021
0.0745138
0.0870015
0.0893211
0.131244
0.0815602
0.166978
0.107578
0.20225
0.125225
0.145818
0.118942
0.115672
0.0517929
0.0627066
0.107871
0.0589012
0.0438807
0.0974241
0.0854018
0.10089
0.136952
0.0972119
0.1904
0.109002
0.0560611
0.123793
0.149638
0.192947
0.111886
0.127673
0.0682827
0.0842162
0.162741
0.0660505
0.119773
0.0720699
0.114669
0.0952718
0.0871967
0.0631998
0.0797674
0.134946
0.100533
0.0584059
0.0788585
0.0327258
0.145154
0.132717
0.0610564
0.133994
0.0424284
0.101842
0.135238
0.159235
0.0583222
0.0510119
0.06901
0.0820963
0.0315947
0.102806
0.0961326
0.0583623
0.114763
0.130545
0.128242
0.136368
0.0886698
0.0727127
0.116594
0.128207
0.0450025
0.140009
0.196243
0.0890155
0.0504057
0.110295
0.0738982
0.119013
0.0785318
0.153722
0.0904278
0.0605055
0.0892345
0.0746175
0.0790256
0.112332
0.114739
0.117681
0.105226
0.0870562
0.0518418
0.0786889
0.156653
0.0721693
0.148674
0.113237
0.0564533
0.108975
0.0676401
0.0685855
0.100971
0.115051
0.0447137
0.105949
0.0825741
0.109543
0.158576
0.102704
0.118488
0.0477897
0.0430774
0.0581224
0.0392803
0.0716544
0.177198
0.124052
0.0848087
0.0901823
0.150522
0.203615
0.0403866
0.155861
0.0879846
0.0661372
0.120186
0.109449
0.0800439
0.132371
0.113499
0.0328929
0.0864411
0.0722997
0.0347353
0.159143
0.0702312
0.0358667
0.0853945
0.0851421
0.0296706
0.0337424
0.0570622
0.0823154
0.0485064
0.0946416
0.158758
0.0576804
0.156027
0.116729
0.100095
0.0689775
0.139387
0.0942953
0.05006
0.115624
0.124005
0.0498612
0.0381996
0.132254
0.119838
0.131433
0.0798237
0.0651063
0.136718
0.0631989
0.0331521
0.103294
0.0856659
0.0401036
0.0812155
0.0901387
0.214439
0.0672666
0.205325
0.0594998
0.106388
0.0536644
0.0511565
0.0401298
0.0647061
0.0703271
0.0826083
0.167218
0.130359
0.579436
0.115998
0.449955
0.156983
0.385587
0.205756
0.152756
0.492727
0.209914
0.277301
0.428396
0.109034
0.239399
0.124193
0.354563
0.353868
0.18913
0.183243
0.123351
0.176723
0.108524
0.45781
0.0791324
0.128285
0.185007
0.0439049
0.180001
0.0973664
0.370781
0.479815
0.0772295
0.310746
0.446963
0.391686
0.15052
0.317975
0.342207
0.347095
0.236521
0.279977
0.0678213
0.082954
0.240796
0.189243
0.234812
0.486304
0.37289
0.224002
0.399235
0.307534
0.145413
0.243307
0.144858
0.380362
0.185754
0.20877
0.256846
0.284275
0.257973
0.181671
0.220637
0.190904
0.221387
0.148645
0.106261
0.227018
0.483974
0.365495
0.342702
0.125841
0.161725
0.183048
0.150079
0.308028
0.249001
0.34551
0.11995
0.321985
0.318012
0.124222
0.167963
0.197876
0.1175
0.467394
0.194056
0.0784581
0.204154
0.156352
0.468863
0.440583
0.169795
0.134014
0.305845
0.0617614
0.217118
0.453945
0.20624
0.24893
0.28409
0.0771139
0.0788581
0.314925
0.243967
0.210231
0.0418984
0.319843
0.152251
0.253017
0.448007
0.213324
0.136225
0.11026
0.338597
0.405369
0.179616
0.232629
0.261731
0.197666
0.393126
0.223631
0.082928
0.0452099
0.382688
0.422312
0.169744
0.193262
0.157704
0.142192
0.501996
0.263774
0.0922256
0.0921472
0.194899
0.254793
0.227965
0.0846851
0.128035
0.434092
0.236142
0.455441
0.0913926
0.51042
0.3322
0.420868
0.1911
0.292207
0.371133
0.29994
0.19302
0.192594
0.47433
0.183796
0.409706
0.250356
0.242745
0.345186
0.0991163
0.496342
0.399183
0.1295
0.118631
0.154379
0.206779
0.0526979
0.124285
0.192297
0.509122
0.23742
0.160674
0.106879
0.242084
0.147966
0.163676
0.446381
0.0986401
0.189949
0.383863
0.0316097
0.102566
0.138021
0.286625
0.0724939
0.249082
0.363257
0.298829
0.363236
0.285406
0.38572
0.271511
0.175209
0.412181
0.0931214
0.082399
0.115866
0.246693
0.310848
0.218904
0.438341
0.111304
0.226113
0.258336
0.313444
0.0899589
0.304213
0.225854
0.0411231
0.369257
0.20333
0.187662
0.0809832
0.519678
0.127257
0.187776
0.355687
0.198916
0.151391
0.125645
0.120738
0.231463
0.140812
0.118982
0.422008
0.203045
0.488538
0.2341
0.243307
0.224047
0.148294
0.235918
0.116179
0.144919
0.0966674
0.2262
0.420129
0.0834549
0.499676
0.0994035
0.133958
0.381134
0.410214
0.175602
0.282381
0.310412
0.167129
0.359575
0.330802
0.424576
0.193421
0.367255
0.295219
0.514891
0.487727
0.120919
0.135685
0.2656
0.489409
0.39753
0.48211
0.275116
0.0631315
0.312412
0.0954819
0.182973
0.480386
0.173602
0.297698
0.315859
0.0619908
0.398727
0.356152
0.149076
0.205363
0.349438
0.376324
0.147155
0.214069
0.413251
0.150148
0.260159
0.381626
0.171453
0.495557
0.200723
0.398855
0.227501
0.249939
0.100236
0.308941
0.374007
0.136864
0.2757
0.0442323
0.165226
0.0412554
0.0546531
0.0768584
0.151205
0.160984
0.168147
0.467378
0.107173
0.119714
0.2065
0.114487
0.0683667
0.0693912
0.358374
0.0802099
0.2731
0.163067
0.195387
0.101498
0.190871
0.163943
0.487848
0.0660795
0.345731
0.250925
0.3989
0.101638
0.0502684
0.226051
0.110812
0.125955
0.192624
0.230782
0.338899
0.0536655
0.220331
0.182177
0.231821
0.287529
0.264924
0.203308
0.265881
0.421704
0.526118
0.170382
0.14202
0.252287
0.455676
0.432547
0.137537
0.299304
0.0583134
0.0579996
0.177369
0.320439
0.466254
0.453652
0.177247
0.176132
0.0781996
0.136354
0.409944
0.310893
0.538182
0.100162
0.296356
0.249414
0.182795
0.0811972
0.239096
0.0613763
0.516765
0.480564
0.289754
0.404738
0.142831
0.325217
0.275988
0.185675
0.311252
0.481855
0.456586
0.111156
0.227353
0.30002
0.418743
0.200772
0.0816223
0.0569796
0.159607
0.456675
0.117007
0.404053
0.244468
0.0737669
0.166777
0.191554
0.325499
0.10563
0.214296
0.243042
0.245527
0.25497
0.0839373
0.1556
0.201994
0.0491468
0.281301
0.263845
0.235301
0.10388
0.204899
0.164967
0.319314
0.0904299
0.201719
0.140199
0.0851236
0.0831006
0.273096
0.0665523
0.0932184
0.405626
0.220921
0.243067
0.413927
0.119727
0.254397
0.159771
0.349872
0.141405
0.327153
0.478764
0.104132
0.0697393
0.33596
0.154276
0.165959
0.277657
0.486444
0.0265771
0.286687
0.464477
0.239805
0.289254
0.35731
0.0893801
0.17132
0.544279
0.420458
0.151672
0.207644
0.472532
0.151231
0.383266
0.169505
0.0519463
0.456656
0.0988169
0.0849419
0.104153
0.322251
0.148934
0.229389
0.260684
0.129416
0.093799
0.0809773
0.353875
0.313602
0.128501
0.245345
0.304509
0.271769
0.395592
0.275639
0.0364655
0.203179
0.16663
0.17499
0.228421
0.357943
0.060915
0.136726
0.0932977
0.125584
0.186401
0.274935
0.157299
0.452237
0.396696
0.266738
0.0437951
0.148427
0.345766
0.398319
0.11803
0.235626
0.415235
0.270941
0.206038
0.0812209
0.126145
0.235854
0.190662
0.150576
0.42158
0.0865985
0.321265
0.307478
0.107234
0.13866
0.290606
0.211809
0.106228
0.176775
0.409049
0.0618407
0.249054
0.159502
0.281722
0.264489
0.172342
0.334767
0.226627
0.338401
0.187921
0.130876
0.468328
0.22334
0.103344
0.156741
0.195926
0.141469
0.461229
0.207658
0.361393
0.148782
0.342746
0.181427
0.111178
0.283839
0.237711
0.262927
0.152378
0.130586
0.404978
0.231248
0.191075
0.0737059
0.204375
0.146797
0.259514
0.413518
0.0935057
0.0528388
0.414773
0.400205
0.211917
0.246348
0.0665477
0.154463
0.127424
0.190352
0.336414
0.430236
0.253234
0.107161
0.279881
0.114464
0.225123
0.25481
0.228991
0.470541
0.0512786
0.410666
0.102917
0.11971
0.190593
0.134106
0.478832
0.526659
0.146199
0.455959
0.0725198
0.483444
0.103457
0.314183
0.188914
0.457475
0.414536
0.22365
0.166903
0.158415
0.237288
0.24173
0.386782
0.184767
0.296628
0.193855
0.172839
0.324478
0.154932
0.192499
0.470419
0.486932
0.45901
0.325823
0.44402
0.456128
0.180395
0.192768
0.170427
0.108151
0.0566688
0.288481
0.0446484
0.323912
0.515613
0.241415
0.218102
0.478639
0.432941
0.111854
0.247923
0.361067
0.119628
0.435637
0.328779
0.247525
0.255874
0.2273
0.160058
0.152343
0.206711
0.205794
0.402695
0.316432
0.230854
0.121616
0.196728
0.176702
0.163055
0.198862
0.105465
0.128846
0.298502
0.36939
0.148603
0.455323
0.221714
0.151935
0.0802692
0.164267
0.460633
0.0793897
0.230718
0.268785
0.160738
0.448983
0.36844
0.584443
0.214975
0.427256
0.21102
0.143959
0.299895
0.180284
0.169035
0.109543
0.113368
0.412252
0.0706703
0.0744159
0.301285
0.204621
0.223671
0.162757
0.112143
0.0848939
0.0381288
0.258502
0.242945
0.187772
0.0915523
0.244208
0.356758
0.26993
0.117153
0.420743
0.15663
0.238407
0.0727635
0.2031
0.182486
0.106529
0.0937424
0.195532
0.253968
0.259327
0.107105
0.315857
0.325506
0.122593
0.106556
0.17089
0.290263
0.453967
0.212034
0.0650764
0.147681
0.218078
0.155399
0.0756416
0.26821
0.106502
0.33979
0.106782
0.103785
0.225615
0.256989
0.0953393
0.279947
0.0994043
0.253014
0.309766
0.315577
0.183848
0.138928
0.306185
0.251247
0.213491
0.26984
0.0896972
0.130587
0.398945
0.291173
0.239191
0.112864
0.166268
0.184102
0.10789
0.16615
0.158755
0.208141
0.181987
0.22798
0.221375
0.292894
0.170277
0.225056
0.157732
0.297493
0.0373627
0.201011
0.372934
0.315254
0.311476
0.151025
0.267292
0.139227
0.144886
0.0853505
0.130793
0.277861
0.29099
0.259623
0.141182
0.239984
0.156251
0.158482
0.163612
0.151917
0.0818308
0.44433
0.43264
0.20367
0.121349
0.21761
0.126745
0.275478
0.231305
0.254975
0.133482
0.134452
0.189846
0.219305
0.458663
0.14951
0.118436
0.070814
0.397667
0.159653
0.226829
0.152259
0.0881067
0.0730444
0.264217
0.0548911
0.186505
0.292717
0.189835
0.248753
0.218882
0.0911101
0.240382
0.180172
0.224158
0.294483
0.250543
0.352164
0.20117
0.24938
0.267846
0.398419
0.142103
0.180589
0.0942091
0.0924652
0.12291
0.0925187
0.150532
0.111995
0.0761896
0.259176
0.0459584
0.293167
0.237899
0.0710668
0.176227
0.102804
0.280106
0.104632
0.239072
0.203816
0.20363
0.411839
0.266317
0.239153
0.234627
0.173367
0.200625
0.176649
0.201051
0.0993685
0.115801
0.396995
0.152867
0.181064
0.162544
0.394785
0.347873
0.157375
0.120549
0.295189
0.112725
0.145014
0.118242
0.0452849
0.295382
0.224151
0.246904
0.28324
0.232517
0.117981
0.110641
0.157991
0.152601
0.29174
0.378374
0.338681
0.0981581
0.0853187
0.11917
0.173644
0.168065
0.131167
0.098501
0.308765
0.0524327
0.219733
0.360678
0.127953
0.297655
0.118361
0.120394
0.306244
0.240676
0.033291
0.102437
0.359498
0.232655
0.105306
0.137232
0.327122
0.258426
0.100329
0.207574
0.168447
0.262686
0.1863
0.405967
0.260641
0.330062
0.165361
0.102283
0.0634128
0.204382
0.135209
0.194014
0.146841
0.202439
0.102205
0.125667
0.0927464
0.339983
0.348213
0.105933
0.127392
0.108711
0.281958
0.212264
0.3576
0.0644189
0.0864809
0.10563
0.26251
0.271139
0.262171
0.226431
0.0774545
0.264406
0.19358
0.242844
0.0475363
0.163459
0.336086
0.0968391
0.111719
0.414832
0.0593285
0.259997
0.0970166
0.121379
0.0906694
0.201795
0.113453
0.151429
0.13529
0.311945
0.260675
0.247057
0.201033
0.0811483
0.233947
0.0502053
0.161014
0.3961
0.263826
0.227627
0.0936432
0.37155
0.0867252
0.174411
0.12991
0.166628
0.264802
0.284501
0.0941557
0.144323
0.250227
0.0745963
0.0606838
0.146469
0.149877
0.11499
0.170788
0.142408
0.40577
0.106046
0.0694146
0.288465
0.173792
0.288568
0.285287
0.429548
0.0533986
0.454833
0.286098
0.0398056
0.11233
0.0839995
0.206069
0.21871
0.376261
0.0974556
0.0732447
0.156313
0.345273
0.178255
0.207964
0.0224534
0.134499
0.107668
0.0991791
0.174592
0.0845147
0.22614
0.208258
0.341654
0.24218
0.221021
0.0528767
0.153464
0.100063
0.281214
0.187645
0.19555
0.428311
0.243379
0.254269
0.386181
0.115782
0.31522
0.119047
0.192369
0.234586
0.0410032
0.102508
0.185147
0.21489
0.25253
0.114706
0.213551
0.0524753
0.239602
0.216635
0.225557
0.160238
0.275606
0.149852
0.102285
0.295914
0.237399
0.0695097
0.263046
0.220704
0.148907
0.34307
0.370868
0.221731
0.250741
0.248582
0.33274
0.379259
0.265844
0.0910631
0.276875
0.0609447
0.154253
0.188137
0.121161
0.222438
0.194703
0.107571
0.067317
0.24614
0.280502
0.339157
0.0759456
0.181619
0.181686
0.0745266
0.296601
0.193582
0.271979
0.0849102
0.109365
0.175667
0.163938
0.0743141
0.217856
0.242743
0.350649
0.181158
0.067793
0.127
0.082402
0.153541
0.426655
0.292316
0.0846262
0.258725
0.132106
0.103394
0.309724
0.239723
0.284076
0.414379
0.129309
0.0566203
0.104376
0.0671179
0.113791
0.193479
0.126078
0.226281
0.151085
0.198897
0.365147
0.269159
0.139094
0.289314
0.158798
0.0374598
0.166994
0.40269
0.331517
0.121061
0.128583
0.199502
0.285971
0.189052
0.127975
0.142799
0.238782
0.393145
0.230418
0.231649
0.15615
0.33086
0.147707
0.0847592
0.254696
0.126784
0.223053
0.0692753
0.167558
0.224053
0.314575
0.175311
0.161263
0.0735828
0.207377
0.0914879
0.165594
0.215627
0.242682
0.121187
0.161467
0.070234
0.164122
0.177062
0.23524
0.209673
0.452505
0.24327
0.252674
0.290832
0.193108
0.14171
0.0985723
0.360111
0.102722
0.19806
0.267168
0.186051
0.297061
0.0910416
0.32797
0.234909
0.127782
0.138505
0.192849
0.0848087
0.288215
0.0988913
0.278339
0.113822
0.0851751
0.124771
0.241345
0.124772
0.164745
0.205778
0.272227
0.229262
0.344498
0.400922
0.139078
0.188784
0.282501
0.298434
0.137008
0.230247
0.352239
0.176701
0.200488
0.173716
0.191161
0.144302
0.26149
0.174386
0.133854
0.252007
0.147042
0.245395
0.134033
0.10302
0.449372
0.148981
0.180998
0.075674
0.365551
0.224568
0.334345
0.360994
0.0646024
0.142034
0.21825
0.365654
0.114824
0.117575
0.264872
0.223177
0.0551373
0.210524
0.0739583
0.109026
0.243513
0.408742
0.128902
0.340845
0.0915765
0.123214
0.117857
0.322213
0.0897101
0.155588
0.141366
0.12223
0.253472
0.189336
0.0393458
0.0761492
0.126141
0.221279
0.291898
0.209058
0.251816
0.142891
0.0801114
0.110202
0.0828839
0.13672
0.244321
0.172722
0.166786
0.17188
0.177637
0.269473
0.0977279
0.241271
0.254957
0.291102
0.099153
0.173652
0.240589
0.144708
0.199721
0.255739
0.191508
0.25107
0.175799
0.349008
0.137315
0.154372
0.116259
0.418678
0.280471
0.186392
0.22534
0.301867
0.0996415
0.28685
0.106197
0.189761
0.183674
0.163581
0.157418
0.137173
0.204661
0.191309
0.324126
0.236413
0.0715474
0.197903
0.232415
0.114443
0.253537
0.197945
0.225653
0.33679
0.159923
0.240368
0.122635
0.114489
0.352045
0.318172
0.0470787
0.074064
0.246524
0.0551802
0.184393
0.1413
0.147331
0.347008
0.273585
0.274348
0.357625
0.181849
0.356912
0.226106
0.0942993
0.119092
0.11086
0.168498
0.422336
0.0449492
0.10292
0.0842221
0.353512
0.151553
0.180195
0.201469
0.0503973
0.329935
0.451804
0.183819
0.202234
0.145603
0.0849225
0.0376953
0.334618
0.279638
0.0892266
0.0916652
0.11245
0.173059
0.32079
0.284156
0.201215
0.140533
0.273794
0.291567
0.110247
0.0876145
0.188156
0.186777
0.111717
0.178802
0.119656
0.228792
0.0776036
0.122105
0.122934
0.186701
0.118366
0.14997
0.147398
0.153642
0.241223
0.194092
0.146867
0.16334
0.117273
0.198987
0.262546
0.276174
0.232914
0.230117
0.124211
0.182833
0.153647
0.258855
0.0876846
0.272069
0.249335
0.179524
0.247044
0.0938193
0.12149
0.0930771
0.104266
0.130841
0.0791847
0.182545
0.11575
0.11793
0.194886
0.135854
0.187368
0.174888
0.273709
0.106291
0.0537109
0.0405076
0.0416966
0.266528
0.0863482
0.218153
0.247136
0.182673
0.160136
0.225573
0.385481
0.382097
0.0626043
0.161101
0.192158
0.117663
0.0852865
0.0463234
0.298035
0.318464
0.157103
0.194948
0.184739
0.202673
0.144713
0.23371
0.0937307
0.189422
0.0389787
0.255406
0.163347
0.258761
0.115704
0.148087
0.0955266
0.258041
0.134443
0.313667
0.146591
0.401442
0.132842
0.238983
0.127434
0.147009
0.0754408
0.0956762
0.0727193
0.120604
0.241152
0.138324
0.198111
0.129644
0.195106
0.216096
0.107201
0.115609
0.157113
0.0728675
0.0945734
0.220545
0.164916
0.29561
0.211782
0.079148
0.21925
0.256984
0.202775
0.093386
0.232574
0.0420467
0.283407
0.16112
0.122128
0.0420611
0.222833
0.217552
0.23008
0.146073
0.111516
0.0675762
0.219112
0.241037
0.198967
0.145134
0.0715333
0.144561
0.153249
0.195552
0.137962
0.160685
0.260613
0.229521
0.151816
0.108098
0.122718
0.157596
0.0640462
0.231988
0.173304
0.189857
0.230499
0.0838242
0.232367
0.227312
0.191251
0.127099
0.0928109
0.243934
0.112043
0.18282
0.0395739
0.218715
0.287093
0.146346
0.139354
0.293411
0.170629
0.217576
0.160875
0.109034
0.209551
0.109613
0.192886
0.0927153
0.18122
0.209096
0.134284
0.083097
0.0812462
0.203362
0.31262
0.218567
0.0922464
0.114676
0.112035
0.138929
0.224254
0.296418
0.217446
0.333186
0.204024
0.214273
0.169817
0.182361
0.273717
0.147176
0.274698
0.196069
0.312954
0.0532173
0.319522
0.259969
0.261722
0.192473
0.186256
0.274468
0.235785
0.199921
0.1532
0.0805066
0.202287
0.302059
0.150322
0.100752
0.115282
0.149148
0.291814
0.0713715
0.33706
0.103644
0.0699696
0.132356
0.249896
0.180201
0.129497
0.236038
0.356782
0.26131
0.212652
0.164232
0.100087
0.0885179
0.119773
0.0977269
0.362743
0.184868
0.251612
0.270747
0.066324
0.185841
0.258639
0.134447
0.266491
0.215778
0.102449
0.0968514
0.26599
0.106361
0.0818849
0.361959
0.160082
0.150233
0.283953
0.101692
0.284407
0.191322
0.138227
0.250035
0.090255
0.146812
0.325734
0.0830285
0.266937
0.214732
0.152763
0.0613261
0.262025
0.137703
0.0850118
0.205291
0.229462
0.12871
0.15028
0.126034
0.121286
0.136027
0.299552
0.333004
0.126675
0.113647
0.337663
0.203304
0.251307
0.271763
0.31574
0.0422054
0.334822
0.0957387
0.0512774
0.0911145
0.181624
0.209891
0.217586
0.296486
0.342619
0.285963
0.216374
0.224816
0.221154
0.361721
0.284049
0.314582
0.0809501
0.173868
0.0445307
0.243736
0.0501843
0.184649
0.183435
0.139481
0.0844406
0.241927
0.102155
0.0974708
0.256929
0.25536
0.0905561
0.337209
0.0777458
0.194983
0.187669
0.117847
0.0887136
0.137145
0.221749
0.305833
0.301552
0.150136
0.144262
0.221086
0.136888
0.266667
0.335875
0.346198
0.135145
0.133369
0.300872
0.31246
0.317673
0.0733006
0.13058
0.189657
0.128985
0.250979
0.34414
0.190534
0.0867058
0.174353
0.35869
0.19046
0.248085
0.14235
0.0884691
0.219204
0.163202
0.341124
0.158176
0.28471
0.145623
0.229435
0.228912
0.13054
0.276899
0.143408
0.230688
0.118371
0.134724
0.242938
0.302468
0.167177
0.214769
0.0986338
0.216838
0.0702612
0.14999
0.0577969
0.185149
0.197236
0.107137
0.130498
0.0684757
0.074712
0.185102
0.0572432
0.357924
0.163477
0.0809282
0.188238
0.0689731
0.0567301
0.141291
0.217398
0.0661593
0.0791409
0.107708
0.119421
0.188099
0.15627
0.363347
0.271139
0.243321
0.178916
0.122099
0.0573375
0.259571
0.0556746
0.177873
0.211752
0.0449185
0.129847
0.0813497
0.0863067
0.292146
0.187342
0.136996
0.325601
0.193344
0.267903
0.187344
0.15033
0.185496
0.121416
0.258021
0.15599
0.100232
0.217411
0.22265
0.105847
0.239898
0.097349
0.12977
0.0537186
0.169769
0.214659
0.0933869
0.139078
0.20964
0.152267
0.197618
0.0932605
0.132907
0.1747
0.0742927
0.103687
0.147588
0.112604
0.192371
0.215962
0.203204
0.0710677
0.204008
0.11386
0.296937
0.274762
0.132027
0.0931696
0.143308
0.106271
0.109975
0.104089
0.15069
0.103344
0.284767
0.148767
0.157529
0.292041
0.0704075
0.162007
0.0752173
0.156099
0.135754
0.161711
0.0524711
0.0748904
0.113087
0.305513
0.0986636
0.158694
0.122768
0.245136
0.0980233
0.164032
0.0907436
0.15472
0.167087
0.158853
0.249659
0.158531
0.0511158
0.132763
0.165879
0.333678
0.198353
0.253057
0.14041
0.212079
0.241443
0.235678
0.138756
0.0750076
0.215758
0.343425
0.277273
0.162644
0.0780744
0.246381
0.11023
0.269108
0.0661983
0.250634
0.177709
0.115028
0.129638
0.0754131
0.265387
0.0697356
0.204687
0.205241
0.0602462
0.343424
0.149112
0.13902
0.283298
0.292288
0.235331
0.119576
0.23914
0.262594
0.0931859
0.166495
0.248698
0.293811
0.0681889
0.310832
0.220497
0.186648
0.0504425
0.103964
0.101236
0.271946
0.306923
0.0715013
0.121168
0.202338
0.210845
0.245137
0.166555
0.194636
0.114764
0.0700082
0.325642
0.174876
0.139872
0.187153
0.179832
0.158128
0.272746
0.145693
0.314157
0.074072
0.0693429
0.302348
0.102978
0.256262
0.119453
0.241633
0.0458298
0.0554963
0.210313
0.149071
0.246874
0.180498
0.20752
0.274989
0.204979
0.0829946
0.164413
0.244775
0.121299
0.26172
0.0780583
0.0794111
0.190793
0.0839041
0.215111
0.220273
0.336888
0.222735
0.234992
0.103657
0.19235
0.279905
0.309369
0.23273
0.210441
0.167516
0.128674
0.290995
0.171051
0.137509
0.23843
0.301658
0.0598316
0.113347
0.2618
0.124864
0.05938
0.298984
0.165293
0.211794
0.0720732
0.221248
0.0683049
0.218391
0.0592974
0.114324
0.195874
0.105407
0.192398
0.13218
0.209415
0.248213
0.0578406
0.0282026
0.121365
0.132019
0.20259
0.30083
0.143747
0.0720505
0.266323
0.272964
0.318925
0.255983
0.274918
0.209075
0.143842
0.198183
0.251429
0.167222
0.0892436
0.0600285
0.0801528
0.178869
0.0756556
0.108486
0.190323
0.0763727
0.191388
0.216925
0.0743106
0.0744867
0.28709
0.185874
0.256508
0.350692
0.0638576
0.0365492
0.0229304
0.0694808
0.0433815
0.094985
0.171232
0.105763
0.0515157
0.104047
0.0574804
0.0686812
0.0655268
0.0564126
0.0827512
0.128735
0.0191813
0.0481611
0.0468457
0.108162
0.0287278
0.0304606
0.0719636
0.041188
0.0749648
0.0310746
0.0396501
0.018131
0.0639838
0.181295
0.0867192
0.132677
0.120592
0.037468
0.0494079
0.0746906
0.0531672
0.037095
0.0663387
0.132575
0.176955
0.126464
0.0603604
0.143349
0.104751
0.0746497
0.0757271
0.0425162
0.0966601
0.0946232
0.0320897
0.0554476
0.124734
0.0798665
0.0901405
0.150451
0.0729369
0.0204926
0.150068
0.0374003
0.0487715
0.0690643
0.0195951
0.103746
0.113159
0.0331775
0.03575
0.0530428
0.0413274
0.0776158
0.0553481
0.17282
0.113143
0.0399734
0.106099
0.125456
0.0919023
0.0281293
0.082987
0.0636212
0.0433981
0.0295993
0.0530172
0.146256
0.0633755
0.0577423
0.064002
0.109268
0.0644405
0.203937
0.0664753
0.104561
0.0937855
0.0356067
0.0274245
0.146367
0.0435374
0.0652868
0.102705
0.0938414
0.0330282
0.0598372
0.0380378
0.102789
0.0647016
0.160323
0.0375418
0.0620328
0.120568
0.0710956
0.0481511
0.0697855
0.0805167
0.0915102
0.0524842
0.0488682
0.114134
0.120494
0.0265968
0.0663714
0.0437363
0.0766175
0.0410134
0.0249666
0.0369845
0.0372533
0.0983545
0.0354747
0.0729113
0.161159
0.017377
0.0440304
0.0715076
0.0519385
0.197556
0.0730966
0.0531046
0.0602927
0.0599046
0.0555423
0.0864024
0.0511184
0.0484637
0.0729772
0.0309922
0.0513162
0.0308586
0.0304426
0.0523069
0.0784445
0.0740304
0.0342085
0.0442746
0.0264394
0.158324
0.0424128
0.116637
0.0620098
0.0262139
0.0418474
0.158143
0.0785275
0.0529459
0.060124
0.0801874
0.0904633
0.0307279
0.0929906
0.150661
0.0725912
0.0865719
0.0488408
0.0870704
0.0606022
0.176124
0.040836
0.140809
0.0702988
0.200289
0.104219
0.0647534
0.0345602
0.0894634
0.0573408
0.116036
0.0949756
0.0600824
0.0923279
0.079541
0.113522
0.0561192
0.177454
0.025854
0.0496598
0.0242151
0.070213
0.0717228
0.0402022
0.0413897
0.0555827
0.0762844
0.0942636
0.0579955
0.129466
0.0978194
0.168064
0.0553554
0.0450091
0.186927
0.115272
0.0692013
0.107845
0.0408719
0.0333209
0.154155
0.0691153
0.0558925
0.072699
0.113015
0.0972452
0.112693
0.0954165
0.0224379
0.0506154
0.0855714
0.205211
0.202889
0.0307671
0.0915204
0.0485674
0.0366622
0.199635
0.105112
0.0673729
0.0292063
0.0859739
0.0501702
0.11878
0.0500901
0.037473
0.0161661
0.0847089
0.0300969
0.106842
0.0351752
0.0278766
0.046857
0.108352
0.0562688
0.183342
0.140585
0.0407765
0.0652796
0.101945
0.0722507
0.0852031
0.0257443
0.0306318
0.0698106
0.0697899
0.0830067
0.0806755
0.0599112
0.0727599
0.0513801
0.116722
0.0805632
0.0802936
0.0944514
0.0639929
0.0672715
0.0762538
0.0815679
0.0727166
0.058002
0.118276
0.121689
0.0843003
0.0496913
0.179046
0.0587233
0.170228
0.112329
0.0264984
0.0510139
0.0661344
0.0780881
0.0270133
0.0399624
0.0457289
0.0334209
0.0802821
0.0634044
0.107344
0.0750654
0.0294693
0.180411
0.0195381
0.0711946
0.09534
0.105502
0.0931033
0.0809448
0.08455
0.054795
0.196303
0.0607435
0.0398613
0.0773473
0.0755895
0.130797
0.0508859
0.0631456
0.0357959
0.0289072
0.253842
0.0451092
0.0855509
0.0611444
0.0626126
0.0654897
0.0580465
0.107782
0.0422954
0.0274076
0.0820082
0.0310271
0.0556897
0.0302284
0.0617791
0.0464835
0.199172
0.0632425
0.126296
0.0756468
0.0432123
0.162245
0.0582293
0.104047
0.0521085
0.0862187
0.0521859
0.0285236
0.0390171
0.0423275
0.0572828
0.0216401
0.0674058
0.0225204
0.0879236
0.118629
0.0700156
0.0410155
0.0460221
0.0687266
0.0225178
0.122451
0.13515
0.0202132
0.0275449
0.0394544
0.103681
0.050729
0.0546337
0.0644286
0.0799604
0.0385563
0.0995413
0.056532
0.0380319
0.0253434
0.0469857
0.0892594
0.0970406
0.110327
0.0979531
0.209596
0.017611
0.045671
0.0403261
0.0273252
0.179211
0.119172
0.157642
0.0392869
0.0575369
0.0647621
0.0478123
0.0974631
0.0220876
0.0623334
0.0290924
0.115432
0.0263982
0.0547521
0.106639
0.100732
0.0403925
0.0996282
0.0382999
0.0402436
0.0452937
0.0404051
0.0670612
0.0596602
0.0799177
0.0289678
0.200483
0.124866
0.11384
0.0795648
0.0461416
0.0722406
0.0756263
0.110504
0.093363
0.0356312
0.224476
0.0826969
0.048023
0.0333573
0.0627542
0.0627157
0.0344889
0.148921
0.0534224
0.122571
0.0638926
0.0178625
0.0647823
0.065203
0.0464613
0.091713
0.0364137
0.0695625
0.0813821
0.0228759
0.128928
0.18065
0.0217555
0.0464289
0.0189624
0.0538115
0.045427
0.0495627
0.0147959
0.0169208
0.0434768
0.0353145
0.0380215
0.0689679
0.0692738
0.0783964
0.0660582
0.129252
0.0148431
0.148284
0.0376472
0.0384291
0.0528371
0.0560965
0.0410814
0.0432051
0.0964254
0.0266987
0.0425536
0.0329211
0.0562829
0.131435
0.0558118
0.199969
0.0396045
0.0611766
0.0278986
0.0745724
0.119187
0.0982965
0.0724923
0.0441076
0.0795707
0.142032
0.080063
0.101505
0.0832785
0.0742884
0.0379826
0.0915317
0.0452253
0.170269
0.0319797
0.055814
0.0624194
0.0542985
0.0386652
0.0498417
0.137652
0.0310596
0.0732048
0.0988613
0.0143691
0.0667782
0.108313
0.0768507
0.0579149
0.0709002
0.06128
0.0873194
0.0547704
0.0258769
0.0927625
0.0794941
0.0614471
0.0826701
0.0397991
0.0536399
0.0706769
0.0639613
0.0231653
0.0790531
0.099091
0.0731335
0.115261
0.0297713
0.109775
0.0428536
0.103083
0.0143807
0.0449002
0.0684465
0.0545324
0.104307
0.0462363
0.0956773
0.0741657
0.0280231
0.132206
0.0961537
0.153126
0.0286556
0.0637644
0.0599491
0.141984
0.0507502
0.0413772
0.0780163
0.0749349
0.0187525
0.0950914
0.0870223
0.199117
0.034243
0.176267
0.0519765
0.0224889
0.0809269
0.0690096
0.0280389
0.0401017
0.122442
0.0764756
0.0950053
0.148372
0.0324989
0.0933506
0.0757261
0.0366395
0.103584
0.0730258
0.0505557
0.042316
0.18111
0.0799363
0.0302991
0.0807478
0.0351358
0.111649
0.0576369
0.113116
0.0796064
0.204431
0.0985833
0.070231
0.123878
0.170948
0.0489967
0.0643832
0.0821298
0.188119
0.0855676
0.0578269
0.138288
0.0188158
0.0901977
0.064313
0.0434613
0.0322322
0.0420598
0.0319087
0.0480951
0.0386285
0.193883
0.0389875
0.101645
0.0358353
0.0860525
0.0929475
0.100776
0.0144444
0.0433255
0.086859
0.0301625
0.0894888
0.0422161
0.0249263
0.0344956
0.115378
0.0641655
0.0740438
0.0701591
0.139423
0.0229149
0.0583133
0.0527852
0.0634219
0.0634479
0.0717129
0.114844
0.023237
0.0733683
0.08202
0.0714895
0.0784816
0.0400994
0.0377898
0.101635
0.0816073
0.0772191
0.0231289
0.0543564
0.0532896
0.21774
0.0498974
0.0345232
0.176441
0.0331932
0.0703269
0.0969446
0.0440062
0.210709
0.0129781
0.052398
0.0655465
0.232997
0.0663263
0.107699
0.0939284
0.0445916
0.0289862
0.0405755
0.053744
0.103307
0.0514651
0.077145
0.0419983
0.145807
0.212745
0.0611304
0.0609295
0.0121524
0.0434615
0.0698211
0.0403385
0.0234695
0.0712595
0.0930148
0.03334
0.335438
0.0588775
0.072279
0.126743
0.0734924
0.147309
0.0325079
0.17976
0.10806
0.107859
0.196534
0.12468
0.141823
0.0322384
0.0404148
0.0605006
0.0999036
0.0610699
0.140306
0.0865362
0.0747527
0.147752
0.0330992
0.10361
0.0584124
0.0414048
0.119787
0.0560003
0.0495554
0.0502987
0.112773
0.075748
0.0608897
0.148988
0.0671744
0.132565
0.099782
0.0642886
0.0769806
0.112828
0.078946
0.118325
0.0833392
0.1986
0.114243
0.131388
0.143112
0.0407444
0.0557627
0.0379243
0.042986
0.102005
0.0440124
0.0814664
0.120035
0.0878533
0.0743532
0.0546577
0.0980311
0.0877043
0.0620081
0.0862337
0.0520662
0.127875
0.101513
0.0662027
0.0985818
0.0369962
0.0267096
0.103259
0.172871
0.180176
0.0371551
0.0475519
0.0728419
0.0653871
0.123911
0.0499944
0.066931
0.175738
0.0424664
0.0633335
0.0800999
0.0406552
0.0815386
0.0931003
0.19162
0.0743659
0.0471938
0.0808726
0.0673191
0.186723
0.0642961
0.0512157
0.0680521
0.133969
0.107752
0.141946
0.0524389
0.0598081
0.0542176
0.0917274
0.102048
0.13633
0.170894
0.118525
0.133778
0.14148
0.0809093
0.0510075
0.0553078
0.163598
0.0914353
0.150268
0.0856891
0.171421
0.0459792
0.0551018
0.119162
0.103099
0.0853388
0.150233
0.061884
0.038237
0.120553
0.0892221
0.0451159
0.0984113
0.0718192
0.0426354
0.151363
0.111837
0.237748
0.0442141
0.0431514
0.165807
0.0416952
0.0331302
0.0712371
0.0969842
0.156951
0.0503303
0.0408188
0.0380134
0.0570371
0.0935424
0.0722173
0.139279
0.0942139
0.141023
0.0537584
0.0884343
0.0671406
0.0491429
0.126642
0.041169
0.0421545
0.154975
0.124362
0.1083
0.0808847
0.0409082
0.053153
0.179053
0.130402
0.106848
0.13254
0.0983701
0.235528
0.0399548
0.0322189
0.160639
0.0473635
0.0508228
0.0966336
0.0423564
0.138534
0.0767091
0.110759
0.107261
0.0601762
0.0615893
0.0360046
0.159381
0.0526879
0.0736027
0.184632
0.0816392
0.115005
0.0932058
0.192466
0.0584663
0.0651365
0.0307371
0.169084
0.100074
0.144397
0.13247
0.119711
0.0505989
0.0970764
0.0336557
0.132849
0.0715673
0.0846582
0.0892276
0.067302
0.0777741
0.0513683
0.0467963
0.125283
0.141095
0.093245
0.0478924
0.208738
0.053402
0.126983
0.0846688
0.136734
0.0418268
0.0832466
0.0880605
0.080544
0.213265
0.0910603
0.0949575
0.180346
0.112741
0.0361711
0.0533381
0.0391076
0.0396859
0.0607318
0.0263357
0.0831328
0.0519041
0.0516708
0.128826
0.135845
0.0399483
0.0589737
0.0691642
0.0508265
0.143355
0.203207
0.0466359
0.0968575
0.0537352
0.0521024
0.1366
0.110133
0.144466
0.103471
0.0922236
0.0731075
0.149021
0.0782206
0.0291507
0.0341606
0.0459821
0.111021
0.117299
0.18737
0.104831
0.161576
0.0740033
0.103272
0.0762829
0.0418792
0.0589737
0.120469
0.030427
0.110333
0.159599
0.0539824
0.126827
0.106084
0.0878585
0.141185
0.125202
0.0247853
0.0830883
0.147826
0.0898407
0.150709
0.0472528
0.125661
0.178156
0.176758
0.082462
0.0689167
0.0590067
0.0797666
0.0725842
0.120185
0.177134
0.063081
0.0421609
0.108926
0.133364
0.239723
0.10427
0.108931
0.105836
0.0611055
0.0751323
0.0448199
0.0506068
0.160606
0.0307315
0.0299194
0.0500745
0.172716
0.0299708
0.0444744
0.127949
0.0990877
0.0984663
0.0974935
0.096713
0.0554046
0.0120677
0.092318
0.0435296
0.0995411
0.124059
0.0384544
0.0436875
0.0657085
0.0518164
0.0625168
0.0472341
0.107289
0.129161
0.0575465
0.1068
0.0431755
0.0605031
0.0294747
0.0578735
0.064137
0.0847038
0.0971973
0.0464018
0.0475148
0.11673
0.111648
0.129983
0.191107
0.0651445
0.0606624
0.0496468
0.103324
0.0515483
0.0886473
0.163503
0.0603843
0.0398718
0.0726955
0.0161768
0.164149
0.0867412
0.141782
0.0942046
0.161532
0.100103
0.11444
0.171435
0.091472
0.043291
0.0674668
0.119746
0.214717
0.0379259
0.12162
0.0436303
0.0811659
0.0695638
0.0613201
0.0995467
0.137496
0.0400161
0.106293
0.132582
0.0582509
0.0634318
0.0531055
0.103081
0.166664
0.0393364
0.0808221
0.166768
0.0468946
0.0313137
0.0769163
0.133645
0.0949579
0.144581
0.173654
0.0825643
0.0599308
0.147896
0.0553054
0.116717
0.111043
0.175595
0.130098
0.0349284
0.122028
0.0999728
0.173395
0.131918
0.0610936
0.153221
0.102383
0.031887
0.129674
0.0591039
0.174025
0.0365457
0.0540343
0.109924
0.0755365
0.102855
0.075943
0.120173
0.101425
0.136469
0.130633
0.121092
0.0984451
0.0545208
0.0811458
0.127492
0.0588202
0.172074
0.211743
0.133652
0.114124
0.105885
0.0527255
0.143735
0.117817
0.045913
0.059263
0.123801
0.10963
0.1578
0.0725507
0.0531457
0.0679446
0.0427499
0.088042
0.12395
0.102698
0.0365891
0.0455281
0.147253
0.180296
0.0825037
0.211907
0.0567515
0.048282
0.0744603
0.0671955
0.0413763
0.0889619
0.108708
0.0524551
0.0702075
0.0613134
0.0862146
0.065509
0.0920808
0.0531325
0.108215
0.0406304
0.0499845
0.0347467
0.0898946
0.0391565
0.0643892
0.0469182
0.023462
0.0269245
0.0405538
0.0567161
0.0581643
0.159472
0.0438135
0.114363
0.0403235
0.12584
0.0547796
0.0544894
0.0885956
0.0488715
0.0670068
0.0753283
0.0855381
0.14309
0.201548
0.155069
0.148448
0.0970395
0.0483097
0.116541
0.0560914
0.047469
0.0392255
0.130507
0.254836
0.0545461
0.0899856
0.0899696
0.134135
0.064355
0.061256
0.0920093
0.097227
0.157017
0.0588493
0.0407982
0.185711
0.0535585
0.0651864
0.111497
0.12904
0.188166
0.0662788
0.149272
0.0424022
0.194918
0.142315
0.109335
0.118847
0.0523426
0.100755
0.0388655
0.0753257
0.0406485
0.0561125
0.0846639
0.104858
0.0807325
0.0356602
0.0392342
0.0226686
0.103322
0.150126
0.0768324
0.049717
0.0940865
0.0466902
0.1192
0.0826011
0.0370174
0.042996
0.0491999
0.120881
0.0557759
0.0344834
0.0377654
0.108322
0.113015
0.0435616
0.110397
0.0702443
0.240105
0.0523363
0.0277655
0.164385
0.0532973
0.162162
0.0831076
0.0720142
0.139525
0.0451789
0.0613353
0.150234
0.105142
0.146115
0.114886
0.134908
0.0404446
0.0884848
0.0838999
0.135048
0.110889
0.0921998
0.0821171
0.130694
0.0634543
0.107589
0.084282
0.140533
0.0615091
0.0704375
0.140795
0.0452047
0.0845739
0.0550276
0.0745343
0.0701293
0.0644182
0.196239
0.0872696
0.105757
0.0597364
0.0399113
0.0638864
0.0999487
0.0438907
0.0596793
0.057998
0.0907213
0.135082
0.0509386
0.109521
0.108326
0.0658047
0.0358234
0.0875414
0.167498
0.0559434
0.1057
0.0794605
0.11718
0.11708
0.033357
0.085938
0.119849
0.0425249
0.0467088
0.0540905
0.081541
0.13787
0.099258
0.108822
0.0747942
0.216465
0.201282
0.0706815
0.143823
0.0694757
0.0598207
0.0726655
0.0399069
0.0603704
0.0581837
0.0372449
0.0868898
0.118462
0.0564963
0.108466
0.0402264
0.118293
0.0431819
0.0593406
0.0983856
0.575383
0.102159
0.380584
0.223228
0.0710656
0.359726
0.0607733
0.126751
0.310438
0.032143
0.0957967
0.113625
0.197418
0.247437
0.393128
0.115598
0.322202
0.119162
0.0828126
0.293065
0.191306
0.120682
0.256503
0.27849
0.19253
0.0452238
0.133416
0.198451
0.180703
0.235592
0.156112
0.417396
0.291211
0.106609
0.351868
0.235341
0.017643
0.334746
0.293517
0.402702
0.382423
0.284186
0.207684
0.0666024
0.103958
0.206832
0.316365
0.0497891
0.165891
0.186102
0.222579
0.334582
0.177104
0.141166
0.246341
0.0486995
0.175552
0.0961829
0.388781
0.332477
0.187152
0.368658
0.422096
0.236694
0.389497
0.173359
0.226079
0.118691
0.0899457
0.154856
0.0922197
0.325283
0.0363483
0.0769249
0.146535
0.236107
0.0640668
0.222256
0.187626
0.132638
0.133626
0.0717631
0.107373
0.338566
0.228285
0.265832
0.145269
0.132491
0.397284
0.0634834
0.159521
0.201147
0.176898
0.332049
0.211271
0.402085
0.187428
0.0555538
0.316175
0.0765737
0.103702
0.0644504
0.380867
0.0565663
0.176536
0.103334
0.222182
0.203072
0.231964
0.0700439
0.158895
0.172036
0.447158
0.195316
0.0366351
0.146365
0.0910981
0.152752
0.11848
0.221689
0.103199
0.106729
0.171429
0.229944
0.273073
0.376676
0.389327
0.378264
0.150965
0.212018
0.143344
0.180541
0.165701
0.0283752
0.282977
0.143066
0.0699493
0.256599
0.0949595
0.310193
0.242553
0.210184
0.193619
0.18254
0.148069
0.35977
0.265621
0.151133
0.199014
0.181332
0.224383
0.386348
0.126492
0.0759572
0.345674
0.256108
0.13957
0.286032
0.0563017
0.129072
0.130171
0.11357
0.0904874
0.296569
0.099746
0.0886926
0.327383
0.163402
0.356099
0.151842
0.187594
0.376308
0.0693554
0.121378
0.364805
0.264322
0.163112
0.31934
0.169438
0.10907
0.125571
0.133393
0.267726
0.182061
0.181156
0.145913
0.22289
0.270372
0.0324497
0.188492
0.290908
0.160028
0.143415
0.22052
0.366416
0.0690331
0.0572213
0.0183303
0.311298
0.147126
0.25149
0.349787
0.270948
0.195983
0.0439459
0.0607203
0.304191
0.0536381
0.125432
0.303089
0.355455
0.189868
0.15488
0.303339
0.156067
0.406033
0.114556
0.174207
0.190759
0.058689
0.204499
0.180069
0.0994253
0.245873
0.329424
0.316943
0.10607
0.204731
0.183788
0.0539023
0.268554
0.160451
0.310325
0.0832735
0.259811
0.146042
0.114965
0.325771
0.170519
0.157514
0.0180706
0.18013
0.0783684
0.0772986
0.279743
0.217593
0.120065
0.343798
0.151706
0.351273
0.276434
0.22462
0.34619
0.130524
0.161148
0.111126
0.227755
0.373437
0.101393
0.242205
0.305325
0.415788
0.29674
0.0384419
0.195016
0.11925
0.193337
0.134774
0.189761
0.126082
0.208837
0.157896
0.209951
0.38914
0.181359
0.101554
0.224277
0.137021
0.0219472
0.26756
0.202871
0.317527
0.349666
0.0972897
0.178824
0.0973159
0.160284
0.141239
0.0608047
0.178633
0.2129
0.0875074
0.181205
0.0665325
0.159642
0.30721
0.138217
0.161294
0.192726
0.225537
0.139807
0.254908
0.31633
0.0855586
0.114747
0.119138
0.276444
0.163939
0.261936
0.388505
0.386542
0.324465
0.0449135
0.303406
0.269738
0.166499
0.0789445
0.388014
0.242525
0.0306437
0.20963
0.12304
0.365612
0.328432
0.186741
0.0664343
0.192457
0.188039
0.0322369
0.38341
0.128629
0.332861
0.206742
0.119944
0.255744
0.313114
0.252253
0.234167
0.087206
0.358197
0.257588
0.154231
0.244024
0.0135243
0.148223
0.153065
0.126289
0.321901
0.076503
0.15853
0.122162
0.18577
0.260689
0.223534
0.132535
0.223658
0.19009
0.297587
0.180688
0.207642
0.14632
0.108601
0.293094
0.195465
0.111269
0.14512
0.0839115
0.250177
0.0677371
0.108734
0.180838
0.235263
0.151559
0.22843
0.305571
0.059608
0.30445
0.199132
0.0675517
0.311509
0.258972
0.127832
0.0323089
0.128055
0.0978626
0.320114
0.127778
0.164383
0.333685
0.0737677
0.0485002
0.125215
0.187167
0.172078
0.106069
0.252725
0.255293
0.0661449
0.102148
0.0554541
0.119748
0.326476
0.265512
0.123142
0.320247
0.181914
0.138824
0.189683
0.29552
0.256986
0.246706
0.152581
0.252836
0.208458
0.042628
0.199855
0.0930069
0.36126
0.221705
0.237581
0.123782
0.0881578
0.11012
0.214305
0.258667
0.223863
0.178995
0.357251
0.334066
0.136215
0.0944985
0.136508
0.214253
0.33405
0.130032
0.064451
0.339518
0.301493
0.171451
0.12114
0.407471
0.0982206
0.136204
0.0762665
0.0885503
0.223214
0.109324
0.224159
0.0501981
0.194374
0.0639436
0.327017
0.13528
0.207415
0.287083
0.176695
0.144286
0.282396
0.126782
0.207216
0.257282
0.308517
0.215241
0.102583
0.222963
0.172941
0.20819
0.258059
0.375174
0.38768
0.297647
0.149427
0.115986
0.212182
0.201601
0.105014
0.191734
0.30812
0.0416133
0.158098
0.343392
0.0664996
0.130063
0.200717
0.202343
0.103763
0.259901
0.309535
0.179222
0.054994
0.0286966
0.224519
0.285867
0.208657
0.179171
0.155543
0.205034
0.0554072
0.218939
0.25421
0.318072
0.106527
0.301798
0.1199
0.123323
0.273726
0.136479
0.134518
0.150526
0.102915
0.337384
0.270202
0.0311834
0.140107
0.128066
0.0729949
0.228057
0.430367
0.0994416
0.183787
0.203819
0.297421
0.105278
0.110746
0.166982
0.213018
0.30621
0.101597
0.115378
0.168749
0.0463974
0.17246
0.0760651
0.320931
0.395464
0.271054
0.253401
0.161385
0.418776
0.303356
0.118138
0.321585
0.138657
0.197223
0.298662
0.0489303
0.212895
0.147448
0.166977
0.233576
0.0698786
0.333399
0.27497
0.104545
0.026686
0.18294
0.169211
0.109839
0.168573
0.0584328
0.113963
0.149846
0.0555906
0.29958
0.0674994
0.208371
0.25031
0.234271
0.0965177
0.263821
0.120986
0.0531869
0.117756
0.316634
0.0628806
0.128547
0.139027
0.0839919
0.293476
0.376316
0.25236
0.383368
0.386529
0.158409
0.250366
0.235942
0.153052
0.16773
0.414527
0.298727
0.116872
0.309305
0.308641
0.331148
0.156632
0.256221
0.0777472
0.0497406
0.330273
0.0617837
0.13478
0.129669
0.0499745
0.378586
0.248219
0.212369
0.0950557
0.225339
0.222902
0.202087
0.352159
0.402743
0.231175
0.134685
0.178708
0.231527
0.0405996
0.230891
0.113899
0.197427
0.200139
0.43118
0.203102
0.0679923
0.0579196
0.0708143
0.248412
0.199843
0.139784
0.300594
