0.44782
0.265451
0.364256
0.335585
0.234044
0.295792
0.338539
0.253985
0.303927
0.269044
0.344951
0.303284
0.303079
0.297334
0.299202
0.315746
0.310726
0.223396
0.284849
0.328959
0.255021
0.392133
0.286484
0.364955
0.301126
0.27172
0.342572
0.28452
0.368997
0.401371
0.26074
0.26079
0.324607
0.377592
0.329541
0.431477
0.326409
0.248143
0.299411
0.214676
0.358107
0.32968
0.331216
0.247919
0.337122
0.396072
0.32626
0.326091
0.226511
0.418099
0.381443
0.3224
0.227378
0.26755
0.224128
0.353541
0.342057
0.382982
0.252107
0.317196
0.418634
0.358757
0.416093
0.372526
0.31195
0.312953
0.294456
0.30947
0.229112
0.348185
0.264822
0.305949
0.16762
0.410638
0.482169
0.2825
0.301232
0.314531
0.297933
0.351861
0.299127
0.356346
0.341
0.32229
0.342203
0.292001
0.270436
0.328717
0.28391
0.296601
0.278705
0.418681
0.233723
0.295795
0.374571
0.382884
0.43734
0.334175
0.354887
0.368158
0.401081
0.267783
0.31471
0.402078
0.313188
0.345796
0.305567
0.380783
0.236546
0.294505
0.305968
0.316021
0.356249
0.367224
0.368678
0.401901
0.28316
0.322084
0.315555
0.344575
0.318212
0.312316
0.284368
0.388163
0.286086
0.340138
0.289127
0.343557
0.338766
0.302709
0.307511
0.278885
0.343469
0.402373
0.321576
0.457705
0.31372
0.368475
0.308104
0.342377
0.274354
0.30165
0.283271
0.366667
0.270569
0.362319
0.271868
0.342796
0.228012
0.343047
0.345288
0.450663
0.261027
0.417709
0.390575
0.277313
0.297469
0.32608
0.434063
0.391701
0.355171
0.376867
0.296083
0.297029
0.311873
0.307518
0.290452
0.286852
0.371174
0.363741
0.377051
0.415601
0.308709
0.297023
0.351775
0.27124
0.267511
0.341354
0.361031
0.342247
0.267047
0.282429
0.237313
0.327285
0.377892
0.271956
0.256151
0.304835
0.349359
0.191407
0.303597
0.145658
0.307165
0.285599
0.317702
0.381794
0.455066
0.37302
0.355831
0.299446
0.397148
0.335566
0.265234
0.356013
0.336924
0.348477
0.280303
0.33462
0.330285
0.395852
0.25599
0.311624
0.303385
0.283119
0.314392
0.264916
0.366503
0.453368
0.323145
0.344908
0.322324
0.438379
0.36572
0.430254
0.418856
0.425218
0.344127
0.400118
0.378456
0.304908
0.271513
0.344141
0.287584
0.322846
0.346451
0.36645
0.278087
0.344893
0.31253
0.268855
0.316104
0.306602
0.305416
0.33583
0.352051
0.315684
0.26287
0.313859
0.233903
0.337023
0.288432
0.295305
0.41329
0.272824
0.314584
0.248463
0.348004
0.405002
0.320855
0.339002
0.332008
0.326798
0.304183
0.391729
0.401342
0.245335
0.384021
0.358247
0.342296
0.366705
0.342117
0.340862
0.391007
0.255881
0.213123
0.301349
0.273027
0.408605
0.286403
0.351996
0.20276
0.274425
0.309001
0.363681
0.320526
0.354162
0.273193
0.435477
0.377316
0.301219
0.351664
0.303484
0.333745
0.269318
0.339735
0.365244
0.365866
0.257655
0.349423
0.288242
0.338353
0.271754
0.268751
0.362009
0.405524
0.292052
0.30374
0.332693
0.479157
0.334204
0.388275
0.338582
0.361448
0.278374
0.2967
0.283122
0.3789
0.323866
0.26741
0.355748
0.255626
0.232045
0.352348
0.245279
0.360062
0.285344
0.254813
0.355437
0.310132
0.239123
0.304561
0.342468
0.31357
0.287006
0.366296
0.348382
0.269877
0.255131
0.307662
0.284673
0.298445
0.396145
0.258772
0.296539
0.266619
0.273135
0.464418
0.36333
0.30617
0.30075
0.353285
0.390274
0.239094
0.309132
0.273661
0.316978
0.291429
0.244717
0.304682
0.348317
0.335595
0.287857
0.266426
0.339502
0.342356
0.172821
0.301567
0.296331
0.279945
0.300107
0.292173
0.240415
0.326297
0.341206
0.318925
0.286897
0.238904
0.421087
0.335642
0.352851
0.267664
0.281304
0.230256
0.389829
0.28776
0.336471
0.327734
0.29216
0.40244
0.334055
0.30164
0.30202
0.332422
0.326799
0.220814
0.313892
0.291346
0.327271
0.360745
0.342308
0.240147
0.333854
0.346888
0.316838
0.222862
0.255666
0.235031
0.340686
0.375043
0.344516
0.435927
0.279619
0.370484
0.399003
0.311107
0.239625
0.357117
0.246639
0.451326
0.368447
0.316442
0.342641
0.349129
0.304871
0.417139
0.319085
0.288418
0.3004
0.357971
0.353801
0.302857
0.421248
0.329811
0.317588
0.198492
0.248729
0.304555
0.303302
0.341469
0.373328
0.3838
0.379732
0.308694
0.384385
0.391307
0.373556
0.325353
0.296363
0.210043
0.308655
0.279553
0.329333
0.393006
0.336425
0.297887
0.240721
0.213865
0.251988
0.204173
0.371074
0.398989
0.338956
0.281493
0.43323
0.408978
0.245412
0.34502
0.358225
0.295137
0.255732
0.31349
0.363797
0.336689
0.278066
0.231914
0.325201
0.307422
0.318568
0.307811
0.318024
0.231686
0.330158
0.35427
0.293337
0.290641
0.338688
0.381856
0.318891
0.346443
0.327097
0.321261
0.278768
0.318164
0.317556
0.288274
0.406837
0.399891
0.39908
0.279835
0.381038
0.350443
0.591477
0.299129
0.387089
0.335785
0.362518
0.409534
0.375499
0.363808
0.25188
0.397067
0.281059
0.417991
0.419493
0.467669
0.335517
0.415325
0.405012
0.353024
0.429487
0.468404
0.41972
0.393881
0.331485
0.322769
0.428147
0.380142
0.280431
0.264616
0.311908
0.340929
0.338674
0.36724
0.369015
0.491159
0.405031
0.406518
0.42026
0.337404
0.432063
0.34521
0.46262
0.358923
0.427552
0.41891
0.312662
0.367009
0.435706
0.260641
0.333341
0.461282
0.347732
0.34185
0.304248
0.433582
0.356351
0.341545
0.455552
0.342109
0.438109
0.407909
0.3726
0.412302
0.468936
0.293331
0.45969
0.495498
0.427634
0.300603
0.313241
0.336974
0.333971
0.381119
0.329526
0.378012
0.395881
0.343303
0.427653
0.367759
0.397415
0.267292
0.305819
0.38583
0.412356
0.378123
0.399071
0.236977
0.282595
0.350546
0.437207
0.2896
0.305807
0.38441
0.365574
0.351546
0.331627
0.344823
0.32315
0.429813
0.340023
0.446097
0.34661
0.340945
0.312649
0.381229
0.32002
0.428266
0.275724
0.387889
0.44194
0.420694
0.426547
0.26655
0.356004
0.325634
0.403713
0.347277
0.274253
0.360909
0.326363
0.39569
0.472951
0.419226
0.401324
0.383518
0.354987
0.379081
0.332979
0.334071
0.263492
0.353493
0.310161
0.381319
0.386192
0.37564
0.436781
0.336134
0.296457
0.319925
0.272404
0.433054
0.23316
0.384665
0.383712
0.325344
0.238285
0.270379
0.323733
0.320915
0.245431
0.291833
0.40019
0.422857
0.379727
0.361229
0.388161
0.447046
0.280416
0.390918
0.347668
0.346662
0.294344
0.454645
0.385001
0.394989
0.360433
0.219963
0.387855
0.279813
0.382955
0.412361
0.303489
0.358014
0.278518
0.376632
0.411579
0.256141
0.257165
0.247477
0.361024
0.461173
0.400008
0.313571
0.430928
0.389191
0.350027
0.335957
0.358267
0.390251
0.427071
0.46762
0.327454
0.352726
0.374764
0.428888
0.271702
0.313478
0.310116
0.295681
0.451112
0.365886
0.393851
0.399707
0.326455
0.366103
0.430137
0.441656
0.488143
0.440632
0.455316
0.290351
0.405223
0.232276
0.266983
0.341907
0.386033
0.352233
0.358212
0.385531
0.392124
0.3664
0.345631
0.383957
0.479923
0.34572
0.308833
0.354929
0.426899
0.320397
0.409494
0.272048
0.426248
0.351124
0.306865
0.47058
0.351019
0.27807
0.316744
0.25293
0.302511
0.388396
0.44874
0.387474
0.308195
0.303644
0.342145
0.349733
0.306032
0.351228
0.315744
0.341893
0.397149
0.392319
0.423923
0.369849
0.386993
0.42945
0.278312
0.427337
0.403789
0.231171
0.287696
0.455535
0.339067
0.429925
0.387846
0.4099
0.451843
0.377756
0.311273
0.500971
0.406727
0.367354
0.480591
0.336794
0.345354
0.360442
0.398921
0.34633
0.338348
0.340328
0.229562
0.391272
0.464132
0.300522
0.421064
0.414752
0.387293
0.382086
0.360126
0.332061
0.354326
0.351497
0.30492
0.349467
0.338486
0.423983
0.314437
0.392075
0.359773
0.485973
0.333037
0.356169
0.360842
0.438818
0.402349
0.437915
0.441411
0.407877
0.329295
0.431804
0.363658
0.325538
0.468942
0.378026
0.392065
0.356599
0.377491
0.342164
0.445858
0.412519
0.367587
0.394848
0.297009
0.347564
0.240767
0.40807
0.366584
0.500398
0.304461
0.352757
0.411281
0.474421
0.374969
0.394929
0.287133
0.346207
0.396703
0.310071
0.391125
0.446505
0.400473
0.384129
0.449056
0.299811
0.329745
0.333189
0.284638
0.305521
0.313724
0.396833
0.363565
0.414495
0.420736
0.33933
0.419339
0.281218
0.32491
0.437758
0.342729
0.272478
0.284802
0.328266
0.499764
0.358633
0.425756
0.378438
0.396698
0.337708
0.449197
0.348478
0.356494
0.455634
0.323405
0.37653
0.44251
0.427516
0.370123
0.337673
0.401567
0.363739
0.348379
0.384735
0.268709
0.450715
0.237301
0.383726
0.377205
0.325141
0.423456
0.37506
0.365092
0.334337
0.458261
0.392771
0.314918
0.453969
0.451394
0.354922
0.369895
0.393361
0.326011
0.366329
0.366029
0.470919
0.412615
0.33174
0.404535
0.345354
0.471369
0.351547
0.388578
0.34816
0.357624
0.324258
0.338181
0.28495
0.393017
0.479255
0.410858
0.491131
0.459128
0.370814
0.39396
0.397394
0.392015
0.414293
0.29884
0.424835
0.253213
0.333301
0.402862
0.29062
0.261519
0.359989
0.341615
0.325181
0.346487
0.356864
0.362904
0.370768
0.403887
0.385223
0.456656
0.367406
0.344912
0.482098
0.395581
0.34993
0.308286
0.356336
0.4775
0.390075
0.434605
0.373518
0.304535
0.386386
0.35569
0.326487
0.359119
0.315825
0.467639
0.395264
0.340138
0.428133
0.32323
0.423654
0.361482
0.399107
0.31941
0.297973
0.504519
0.291394
0.363014
0.319583
0.457684
0.382851
0.384868
0.337222
0.414833
0.208699
0.412631
0.517308
0.418442
0.342947
0.518709
0.42951
0.451514
0.350911
0.350753
0.360469
0.391598
0.35662
0.345074
0.297156
0.325344
0.462484
0.363003
0.500207
0.254704
0.470885
0.600788
0.490381
0.469432
0.447439
0.472772
0.428032
0.420895
0.443237
0.483495
0.387459
0.470126
0.47488
0.488823
0.38391
0.445268
0.490039
0.463486
0.428845
0.503535
0.540814
0.470884
0.44292
0.464965
0.492661
0.445433
0.36821
0.461304
0.443999
0.502631
0.478383
0.438156
0.348567
0.462229
0.488995
0.436348
0.456325
0.48129
0.450927
0.451973
0.508363
0.444924
0.482205
0.427283
0.496545
0.469577
0.454212
0.409183
0.509728
0.426268
0.492957
0.517249
0.518893
0.45757
0.486952
0.454262
0.414879
0.393815
0.456095
0.381661
0.460715
0.42914
0.448977
0.464297
0.450102
0.484093
0.476773
0.442301
0.482966
0.454595
0.388024
0.555087
0.393398
0.365412
0.526489
0.453707
0.477442
0.409463
0.396473
0.440757
0.400149
0.520306
0.3826
0.485598
0.417887
0.471588
0.463539
0.437511
0.449673
0.447962
0.350319
0.444909
0.4991
0.44633
0.396501
0.423512
0.423575
0.424992
0.4205
0.410013
0.459839
0.38199
0.416975
0.409123
0.443593
0.439647
0.48736
0.529005
0.403606
0.475192
0.482103
0.52655
0.30398
0.369081
0.327937
0.42842
0.331602
0.386931
0.450178
0.509796
0.45444
0.406556
0.503871
0.412986
0.513397
0.450151
0.343002
0.453054
0.401877
0.402697
0.406167
0.47338
0.371897
0.381713
0.461703
0.552893
0.43105
0.409613
0.410129
0.33249
0.45781
0.296449
0.47774
0.488794
0.367194
0.509852
0.460671
0.35168
0.383777
0.440082
0.399131
0.47029
0.422976
0.34752
0.346003
0.493309
0.55973
0.365172
0.417258
0.405481
0.328083
0.35934
0.442799
0.454605
0.424997
0.361114
0.469323
0.455933
0.390686
0.410493
0.45945
0.399051
0.359613
0.397521
0.472448
0.485067
0.471971
0.50215
0.516424
0.492432
0.459543
0.484008
0.308426
0.42796
0.480798
0.464405
0.516305
0.507773
0.425371
0.432252
0.461869
0.451119
0.407439
0.465705
0.445209
0.432843
0.423747
0.4961
0.503446
0.374207
0.520517
0.447347
0.51459
0.449748
0.45287
0.423167
0.508929
0.367582
0.495767
0.4197
0.438298
0.395982
0.543925
0.423618
0.430795
0.378411
0.39022
0.384497
0.437552
0.494257
0.417541
0.519235
0.500698
0.527896
0.367267
0.487504
0.452808
0.423261
0.238686
0.357261
0.388406
0.486427
0.470381
0.485973
0.443216
0.499389
0.454068
0.464495
0.484104
0.457192
0.399683
0.474551
0.441142
0.46499
0.470253
0.442772
0.466283
0.438697
0.368112
0.522574
0.420985
0.495526
0.347243
0.452074
0.504638
0.437214
0.313199
0.432167
0.330735
0.437389
0.45929
0.482084
0.481697
0.436079
0.446554
0.465333
0.407573
0.407663
0.368376
0.534633
0.413251
0.506951
0.318925
0.421471
0.505992
0.497183
0.523749
0.455877
0.469076
0.356411
0.383982
0.550298
0.442091
0.560728
0.379393
0.472765
0.462276
0.449959
0.39505
0.412336
0.396841
0.357265
0.385857
0.531197
0.482954
0.304616
0.464464
0.406152
0.429784
0.454063
0.517013
0.461122
0.484095
0.381851
0.439134
0.416541
0.513298
0.444089
0.416144
0.522993
0.46848
0.466911
0.423911
0.513048
0.42191
0.314545
0.331977
0.503854
0.480778
0.428208
0.413724
0.487554
0.407176
0.429162
0.380465
0.456992
0.39404
0.45325
0.485069
0.451392
0.388408
0.422686
0.557055
0.503406
0.443801
0.509178
0.517918
0.464697
0.510682
0.377435
0.365698
0.334012
0.519748
0.430359
0.468324
0.488412
0.465858
0.444263
0.434818
0.396641
0.455848
0.521408
0.542177
0.455413
0.443054
0.510922
0.404403
0.406168
0.450312
0.473459
0.391926
0.39914
0.435843
0.44199
0.492306
0.458202
0.431155
0.419364
0.480083
0.488351
0.500367
0.460509
0.450758
0.480398
0.479963
0.516289
0.385326
0.446215
0.444758
0.453797
0.419261
0.404026
0.494642
0.458587
0.468059
0.428594
0.418895
0.411806
0.423186
0.443622
0.505007
0.481275
0.462705
0.458963
0.340423
0.336103
0.460449
0.469133
0.38208
0.362577
0.473632
0.453073
0.447168
0.504877
0.437302
0.421741
0.469727
0.439914
0.441902
0.465042
0.47402
0.423546
0.440692
0.467545
0.521302
0.330833
0.444321
0.445663
0.390032
0.387334
0.427447
0.454067
0.514002
0.397406
0.381676
0.402879
0.396378
0.419403
0.458181
0.422916
0.470146
0.490551
0.378934
0.46212
0.478155
0.437681
0.428111
0.497534
0.442752
0.337556
0.395028
0.384276
0.451235
0.435337
0.404286
0.314581
0.443353
0.392472
0.434171
0.460197
0.286089
0.405167
0.429608
0.413686
0.422703
0.497211
0.516713
0.461077
0.386273
0.433126
0.417071
0.386068
0.399807
0.418991
0.510608
0.39575
0.447599
0.388078
0.446855
0.390353
0.443081
0.482359
0.453696
0.495912
0.425216
0.482545
0.465769
0.494436
0.333387
0.465999
0.446799
0.42354
0.511212
0.441078
0.472664
0.402452
0.316643
0.377536
0.39729
0.438611
0.342453
0.40367
0.458125
0.448782
0.412918
0.451131
0.423868
0.469099
0.477787
0.396807
0.462709
0.411547
0.417453
0.511671
0.519238
0.497071
0.507063
0.406303
0.261516
0.491783
0.43327
0.563334
0.507519
0.49938
0.541028
0.52608
0.353737
0.496555
0.535496
0.462318
0.494554
0.491773
0.478839
0.478259
0.503261
0.509155
0.525998
0.431694
0.452574
0.403206
0.537272
0.542087
0.353815
0.551611
0.453402
0.565494
0.531449
0.533242
0.46911
0.499453
0.577668
0.580896
0.423294
0.495639
0.517424
0.448561
0.407637
0.52783
0.563691
0.550727
0.465235
0.549738
0.379322
0.36415
0.550283
0.544093
0.50611
0.557267
0.529479
0.59288
0.467629
0.536507
0.404064
0.533596
0.553541
0.384403
0.519181
0.443306
0.381754
0.411717
0.446185
0.487061
0.419452
0.394813
0.489322
0.372247
0.430543
0.369847
0.473219
0.451771
0.555918
0.420658
0.388821
0.516029
0.501628
0.566333
0.581988
0.536052
0.503574
0.453419
0.401445
0.467672
0.467062
0.469918
0.426626
0.51576
0.465327
0.535928
0.513289
0.542987
0.544122
0.431145
0.34547
0.521814
0.486149
0.509787
0.427706
0.412642
0.320802
0.523245
0.530011
0.567837
0.564605
0.541317
0.483564
0.401024
0.461455
0.481393
0.541665
0.499184
0.328233
0.494696
0.493518
0.438138
0.478519
0.473804
0.543544
0.48846
0.570165
0.524923
0.507889
0.507604
0.318927
0.51623
0.504404
0.466975
0.560268
0.502381
0.489083
0.432941
0.47241
0.562832
0.52982
0.334455
0.471272
0.546127
0.480631
0.503352
0.495017
0.356096
0.400042
0.527991
0.408433
0.538465
0.338295
0.517649
0.558174
0.460115
0.501695
0.590278
0.491095
0.486833
0.525548
0.489701
0.550478
0.468505
0.516615
0.37884
0.493858
0.519133
0.552329
0.427362
0.432584
0.537
0.510187
0.500197
0.439686
0.542648
0.540086
0.380642
0.51644
0.466834
0.420054
0.461421
0.495898
0.370898
0.461067
0.453728
0.444366
0.547879
0.550021
0.492196
0.459268
0.430724
0.302281
0.531289
0.525296
0.485122
0.302852
0.505221
0.51622
0.542135
0.469641
0.417795
0.536962
0.210623
0.601017
0.484901
0.332757
0.260121
0.458514
0.50922
0.485962
0.47456
0.340941
0.337118
0.366332
0.475077
0.500178
0.370399
0.556502
0.40927
0.289162
0.478114
0.543503
0.470485
0.333986
0.498006
0.429947
0.385326
0.529141
0.466028
0.424015
0.307416
0.552196
0.514396
0.472687
0.484953
0.481608
0.410528
0.417137
0.5298
0.449961
0.438297
0.437749
0.485946
0.503952
0.35748
0.495823
0.563763
0.421668
0.3432
0.52512
0.401525
0.523069
0.536519
0.444421
0.497037
0.393055
0.543558
0.488422
0.442331
0.551492
0.510674
0.362893
0.518355
0.460626
0.533234
0.494538
0.49611
0.536473
0.540643
0.515598
0.522663
0.471947
0.511928
0.398707
0.311096
0.486412
0.444254
0.525404
0.484999
0.354174
0.404281
0.351136
0.511591
0.449033
0.503172
0.427375
0.528297
0.504131
0.528664
0.41274
0.515384
0.529345
0.545701
0.509461
0.49201
0.28208
0.487548
0.574345
0.453678
0.536947
0.477308
0.45294
0.334404
0.446618
0.508866
0.52079
0.383282
0.403654
0.253775
0.521941
0.43352
0.405878
0.394049
0.545851
0.463478
0.320646
0.464158
0.442373
0.534243
0.530331
0.517341
0.589322
0.342994
0.366645
0.49429
0.534699
0.397212
0.503223
0.557527
0.554848
0.445935
0.529634
0.511082
0.523906
0.554683
0.297512
0.509174
0.540375
0.464976
0.480837
0.429472
0.503383
0.298834
0.486591
0.51019
0.503081
0.582771
0.487294
0.381289
0.501017
0.483662
0.504162
0.445109
0.487245
0.468389
0.346969
0.467036
0.500631
0.571214
0.484982
0.540765
0.451624
0.504825
0.505587
0.554003
0.478728
0.372259
0.544534
0.573956
0.511681
0.53826
0.555511
0.511901
0.481933
0.527065
0.436393
0.342433
0.549694
0.513272
0.468665
0.494511
0.447001
0.538504
0.406797
0.526367
0.399742
0.507536
0.421862
0.562043
0.547607
0.269938
0.564199
0.577829
0.522486
0.525371
0.455555
0.524329
0.419022
0.46909
0.332739
0.401137
0.47613
0.574028
0.469242
0.495065
0.501188
0.467431
0.329046
0.452011
0.56089
0.518521
0.513237
0.553782
0.446648
0.47729
0.417413
0.551607
0.526498
0.544349
0.53825
0.490574
0.363532
0.590667
0.541442
0.569741
0.433187
0.479467
0.53563
0.521237
0.443827
0.582492
0.499987
0.491493
0.479694
0.528614
0.507822
0.497891
0.314939
0.505821
0.515179
0.571185
0.385339
0.414459
0.492009
0.44044
0.532776
0.588362
0.428528
0.545988
0.500718
0.520711
0.556185
0.52321
0.549317
0.52419
0.435087
0.506978
0.539802
0.506499
0.522784
0.520365
0.526649
0.430791
0.534511
0.479909
0.537859
0.483399
0.574431
0.544449
0.544055
0.568844
0.542516
0.390244
0.530868
0.559037
0.286862
0.448138
0.428273
0.456344
0.408032
0.328633
0.522601
0.450062
0.50735
0.462762
0.46387
0.522782
0.457604
0.583881
0.359474
0.480604
0.449931
0.508929
0.535254
0.482877
0.604128
0.426697
0.433156
0.513716
0.559896
0.6476
0.550932
0.587212
0.617904
0.401197
0.55959
0.540842
0.454656
0.207062
0.50779
0.309334
0.461749
0.559887
0.540638
0.429046
0.583634
0.551093
0.575571
0.568317
0.563968
0.567941
0.447017
0.497895
0.463372
0.482032
0.539941
0.474693
0.432673
0.485691
0.540463
0.532146
0.548199
0.576293
0.584489
0.209329
0.50816
0.58756
0.455084
0.517612
0.434318
0.497616
0.457195
0.387809
0.59519
0.534986
0.537612
0.493235
0.475401
0.600985
0.407485
0.589148
0.272321
0.567036
0.363483
0.355318
0.507501
0.507287
0.569259
0.579533
0.298403
0.404524
0.359664
0.594448
0.522766
0.568029
0.536055
0.433741
0.492634
0.215796
0.532118
0.498187
0.502199
0.517747
0.537824
0.444596
0.554047
0.453069
0.521734
0.464412
0.372116
0.598804
0.61015
0.536588
0.263708
0.442802
0.576419
0.487247
0.524563
0.494744
0.496457
0.56509
0.458423
0.55963
0.444565
0.507501
0.569902
0.47707
0.543675
0.333766
0.285434
0.279762
0.485998
0.498888
0.517216
0.511395
0.500664
0.389805
0.558024
0.549231
0.518962
0.504631
0.391144
0.507867
0.366842
0.552091
0.498846
0.554232
0.599151
0.61042
0.515377
0.406284
0.58865
0.502116
0.417546
0.56926
0.389524
0.487874
0.555691
0.446376
0.666248
0.458182
0.522182
0.493787
0.400535
0.512229
0.434079
0.57705
0.526073
0.507179
0.52907
0.397914
0.542909
0.434067
0.452226
0.427666
0.359153
0.573737
0.449033
0.435876
0.429037
0.38116
0.482931
0.550635
0.347907
0.506379
0.488991
0.486715
0.560722
0.478367
0.274544
0.592856
0.487039
0.421276
0.434581
0.527751
0.475649
0.50988
0.52329
0.339175
0.514137
0.458408
0.591013
0.533507
0.512756
0.562333
0.519509
0.253058
0.473099
0.418156
0.300328
0.546472
0.608124
0.438063
0.56733
0.420976
0.575516
0.502513
0.530232
0.494987
0.418804
0.516494
0.52629
0.47426
0.413608
0.524048
0.417318
0.599771
0.525019
0.443652
0.501361
0.545754
0.453034
0.535505
0.390335
0.479252
0.507941
0.536673
0.391218
0.274439
0.415498
0.541581
0.530335
0.538692
0.485213
0.533742
0.33978
0.397957
0.524676
0.391105
0.562984
0.364718
0.489944
0.441891
0.473073
0.511656
0.577754
0.479814
0.545725
0.578173
0.53105
0.470471
0.313661
0.449092
0.338483
0.601998
0.568672
0.614142
0.537107
0.525832
0.519554
0.499501
0.50808
0.559145
0.315487
0.561808
0.462465
0.374803
0.504801
0.404056
0.471486
0.402272
0.414107
0.508045
0.434739
0.58028
0.427693
0.598914
0.498528
0.492015
0.469057
0.526239
0.559337
0.410191
0.532102
0.537725
0.489175
0.519757
0.585911
0.39186
0.616238
0.416695
0.508787
0.506988
0.433306
0.434237
0.586868
0.501108
0.457925
0.589575
0.496786
0.592272
0.577444
0.560889
0.551543
0.557044
0.570493
0.274733
0.51691
0.426106
0.493796
0.548386
0.401376
0.500264
0.484695
0.542897
0.527676
0.556103
0.396454
0.407466
0.59215
0.609209
0.582184
0.453929
0.450833
0.474366
0.545664
0.485067
0.359872
0.403396
0.437804
0.266214
0.325983
0.575734
0.447814
0.482929
0.436396
0.443474
0.370809
0.596807
0.476001
0.435287
0.473076
0.425826
0.342337
0.484254
0.526485
0.426159
0.430571
0.418228
0.431915
0.47018
0.413062
0.451662
0.364005
0.410232
0.403967
0.435071
0.399039
0.388357
0.431887
0.355826
0.45756
0.432383
0.473211
0.393662
0.318706
0.437231
0.465857
0.228755
0.371536
0.457764
0.514133
0.38763
0.420883
0.520239
0.462127
0.445365
0.253864
0.433116
0.483455
0.288589
0.440134
0.431822
0.244821
0.087997
0.387605
0.464502
0.466564
0.46658
0.384563
0.406217
0.589923
0.577741
0.43243
0.418072
0.430504
0.51182
0.443349
0.564195
0.44937
0.38289
0.463553
0.380005
0.434993
0.461667
0.452408
0.460976
0.425124
0.426772
0.48271
0.510457
0.38874
0.148613
0.558268
0.386685
0.530581
0.488186
0.386451
0.382871
0.446455
0.456962
0.322476
0.14163
0.404024
0.575547
0.402404
0.419652
0.458626
0.351409
0.497183
0.578347
0.501129
0.502682
0.442172
0.475593
0.493749
0.574255
0.469526
0.439479
0.548569
0.293751
0.569717
0.466929
0.578274
0.456611
0.396037
0.415029
0.476167
0.423535
0.376198
0.393051
0.478516
0.278901
0.466771
0.364029
0.430289
0.463475
0.308528
0.364267
0.424444
0.374844
0.395472
0.404053
0.543712
0.382401
0.236077
0.201552
0.565824
0.569512
0.420586
0.402016
0.512973
0.564162
0.491546
0.45986
0.563961
0.55141
0.467547
0.584212
0.357507
0.344557
0.207944
0.472519
0.282642
0.434123
0.419919
0.433314
0.5238
0.458807
0.433937
0.250086
0.416355
0.454299
0.291048
0.38913
0.374175
0.463768
0.392556
0.470704
0.34688
0.477093
0.461619
0.209283
0.359663
0.509047
0.489369
0.443686
0.474007
0.558623
0.455955
0.410151
0.443394
0.175239
0.248347
0.40902
0.424503
0.318249
0.249752
0.511815
0.411364
0.392153
0.558719
0.56967
0.44978
0.37929
0.486646
0.50318
0.443589
0.412051
0.322453
0.116902
0.551257
0.393861
0.536517
0.352179
0.533584
0.19662
0.549436
0.489751
0.577124
0.268321
0.411483
0.476977
0.352
0.437092
0.575391
0.403663
0.43527
0.431512
0.567313
0.4043
0.289348
0.456669
0.488761
0.429052
0.46073
0.35879
0.429936
0.366791
0.454063
0.573479
0.591103
0.380151
0.354628
0.453885
0.33214
0.577636
0.215233
0.383845
0.428515
0.589233
0.452703
0.39567
0.459357
0.419634
0.400247
0.389543
0.487853
0.577282
0.335655
0.356391
0.575239
0.323372
0.285975
0.443808
0.544848
0.405332
0.335117
0.418583
0.472467
0.400147
0.477657
0.525305
0.462203
0.427623
0.413416
0.364387
0.489026
0.492701
0.379668
0.531328
0.434956
0.434363
0.558251
0.43941
0.465817
0.492319
0.467776
0.496208
0.227853
0.431294
0.515484
0.41599
0.483678
0.414628
0.424565
0.44344
0.414723
0.501916
0.385622
0.477625
0.501059
0.489232
0.245451
0.135914
0.107615
0.276514
0.355373
0.103175
0.230949
0.164986
0.107163
0.388679
0.277754
0.25967
0.217191
0.334201
0.35795
0.129885
0.078379
0.368623
0.115237
0.316278
0.244989
0.381214
0.407894
0.414307
0.358873
0.211686
0.337651
0.119835
0.295357
0.201602
0.250516
0.130729
0.376431
0.190729
0.426969
0.314972
0.329051
0.220227
0.302112
0.23066
0.175973
0.235937
0.250931
0.421103
0.41585
0.400971
0.169191
0.224093
0.281293
0.286485
0.277047
0.225146
0.108383
0.148667
0.318234
0.240185
0.101245
0.400303
0.0764965
0.40706
0.150028
0.420635
0.276557
0.147204
0.375546
0.390399
0.324379
0.297737
0.341663
0.128547
0.181419
0.1954
0.285391
0.306974
0.238193
0.320172
0.265233
0.408853
0.264338
0.309118
0.426034
0.261057
0.238291
0.219048
0.421033
0.311473
0.311696
0.108133
0.401829
0.173554
0.196179
0.311136
0.416473
0.268807
0.298142
0.22573
0.312681
0.144357
0.287289
0.128524
0.136155
0.158819
0.339274
0.227107
0.350078
0.215449
0.104801
0.361387
0.169899
0.260542
0.295139
0.267998
0.323157
0.225062
0.260274
0.221745
0.236512
0.319565
0.100722
0.250655
0.143117
0.162059
0.339983
0.200331
0.295224
0.229619
0.132984
0.27178
0.262212
0.182401
0.302113
0.281799
0.30862
0.416187
0.113634
0.337417
0.234863
0.305287
0.327273
0.239913
0.311529
0.082446
0.199162
0.185077
0.294351
0.269926
0.354057
0.100271
0.336406
0.340469
0.275546
0.250944
0.124686
0.138079
0.272036
0.217041
0.0723219
0.248517
0.088337
0.195565
0.312184
0.196326
0.388736
0.245405
0.298879
0.20911
0.247951
0.243153
0.358919
0.363332
0.23979
0.324143
0.109621
0.171744
0.259583
0.193882
0.184703
0.375093
0.186857
0.273608
0.346699
0.201176
0.384014
0.292417
0.320801
0.216256
0.159456
0.393557
0.0986851
0.0794397
0.262004
0.136799
0.0920265
0.184695
0.319985
0.179589
0.107202
0.260363
0.348415
0.194486
0.282925
0.319241
0.424587
0.222014
0.240418
0.27674
0.236285
0.305507
0.0865519
0.405354
0.264779
0.388115
0.324649
0.262283
0.298873
0.298889
0.276331
0.179385
0.188402
0.394962
0.198263
0.1612
0.113782
0.383887
0.408612
0.255628
0.346634
0.269975
0.318035
0.246006
0.273234
0.391387
0.104911
0.174469
0.396933
0.134602
0.296388
0.293999
0.217321
0.383352
0.259531
0.125367
0.131155
0.317211
0.284747
0.271853
0.270736
0.308161
0.414695
0.261257
0.287975
0.118811
0.193521
0.24702
0.228321
0.294613
0.212764
0.381033
0.167315
0.285725
0.367142
0.308121
0.407462
0.223629
0.0948087
0.204878
0.276997
0.292396
0.327752
0.267111
0.261632
0.201907
0.20991
0.277805
0.251005
0.242141
0.247343
0.409651
0.272122
0.319188
0.180697
0.311255
0.425971
0.276944
0.384346
0.373509
0.23476
0.238366
0.108184
0.238716
0.202331
0.268391
0.362638
0.208726
0.107023
0.271157
0.197073
0.312783
0.0897493
0.102781
0.564657
0.548805
0.565489
0.496884
0.41365
0.4614
0.533164
0.494583
0.528109
0.550142
0.552166
0.144614
0.517341
0.393796
0.536251
0.497444
0.53616
0.441636
0.52838
0.501434
0.174111
0.504928
0.392289
0.55929
0.466994
0.449112
0.395168
0.519019
0.399979
0.540607
0.585813
0.568143
0.570874
0.381
0.47554
0.506941
0.575269
0.525215
0.535162
0.536895
0.454276
0.454276
0.501311
0.479823
0.19805
0.51997
0.468466
0.506349
0.520647
0.404315
0.480335
0.50013
0.505885
0.396954
0.517887
0.40223
0.488696
0.516744
0.426639
0.520647
0.0978341
0.425032
0.378359
0.378381
0.411262
0.188671
0.412087
0.398922
0.41482
0.514908
0.53046
0.505075
0.39707
0.529621
0.52377
0.527359
0.52377
0.447904
0.409716
0.528446
0.49944
0.436961
0.493153
0.511348
0.396902
0.477647
0.436972
0.543117
0.31093
0.406982
0.456965
0.376491
0.480379
0.50038
0.456668
0.472286
0.536526
0.456118
0.145663
0.436545
0.553905
0.400923
0.545099
0.452848
0.513732
0.508098
0.494994
0.601068
0.472847
0.312363
0.503501
0.500922
0.437322
0.52755
0.49944
0.507421
0.403299
0.529722
0.437145
0.543082
0.497915
0.21455
0.431977
0.50042
0.287953
0.206534
0.262797
0.450518
0.440133
0.488069
0.506312
0.559134
0.469387
0.430873
0.572081
0.46054
0.458797
0.53711
0.504544
0.50042
0.504928
0.511987
0.517887
0.562662
0.475854
0.486955
0.42367
0.477647
0.560233
0.590551
0.53616
0.560657
0.53222
0.302034
0.167568
0.484653
0.524379
0.419079
0.522036
0.384837
0.564508
0.408897
0.506412
0.513732
0.549886
0.471163
0.501311
0.472291
0.476588
0.167568
0.555585
0.402261
0.514601
0.54509
0.375733
0.430376
0.444934
0.499076
0.602924
0.31093
0.5924
0.545099
0.602677
0.297361
0.504169
0.481325
0.567451
0.518754
0.517634
0.487268
0.503696
0.517164
0.514715
0.531088
0.537786
0.492693
0.487074
0.413784
0.412953
0.536828
0.460874
0.569653
0.227376
0.413793
0.18066
0.4148
0.454253
0.568861
0.465015
0.441453
0.490266
0.428745
0.551788
0.426223
0.466946
0.522148
0.560754
0.439132
0.464706
0.285152
0.531693
0.531171
0.506412
0.437552
0.532941
0.557904
0.480379
0.558895
0.515249
0.436972
0.60203
0.514063
0.497729
0.428203
0.173747
0.279922
0.216872
0.429753
0.40748
0.515249
0.369711
0.543117
0.51677
0.541697
0.420064
0.526242
0.532151
0.407329
0.30892
0.180766
0.521096
0.498073
0.398386
0.528495
0.529621
0.465772
0.415219
0.528495
0.500854
0.516215
0.540984
0.534652
0.431129
0.552137
0.50389
0.440306
0.540902
0.52585
0.398922
0.479649
0.502588
0.491099
0.432024
0.505722
0.550142
0.454801
0.614066
0.465072
0.528446
0.553739
0.486955
0.385249
0.51677
0.502339
0.567714
0.41107
0.560708
0.540984
0.414476
0.541269
0.429757
0.145663
0.538004
0.49251
0.484363
0.516215
0.604871
0.419134
0.410432
0.18066
0.400771
0.29532
0.0790684
0.103628
0.13938
0.119223
0.0534607
0.0992141
0.0910896
0.103662
0.0585389
0.0966142
0.142893
0.140757
0.0397792
0.0858994
0.113302
0.0574056
0.162038
0.0570121
0.142747
0.0725929
0.101299
0.0617168
0.141812
0.133145
0.0711154
0.0877617
0.0911432
0.128292
0.0912106
0.0967979
0.0518467
0.054557
0.101549
0.0600357
0.0621117
0.0905917
0.144827
0.0865543
0.144905
0.0266561
0.0360975
0.0742252
0.0407166
0.0805169
0.074987
0.0645535
0.113366
0.121196
0.088454
0.10877
0.092648
0.113944
0.0740722
0.120259
0.031479
0.0652363
0.0502989
0.0905649
0.103677
0.114728
0.083921
0.11822
0.0572562
0.103506
0.0784796
0.0897539
0.144497
0.10622
0.176258
0.0716477
0.0951352
0.12334
0.0909764
0.140943
0.0871488
0.194559
0.148649
0.109037
0.0744549
0.136003
0.0573599
0.153802
0.0986924
0.0913468
0.142442
0.129647
0.0546826
0.164842
0.0887013
0.11784
0.0825826
0.0588635
0.0862258
0.132268
0.113473
0.0512119
0.104632
0.101924
0.0655997
0.0698019
0.0988003
0.0671678
0.137625
0.110428
0.0443396
0.0966202
0.142611
0.0692396
0.139067
0.0568774
0.134633
0.0801579
0.0872555
0.0757141
0.0207472
0.0416801
0.0952735
0.0887455
0.146016
0.103606
0.0905055
0.134374
0.0536365
0.0460948
0.0504344
0.0209786
0.246279
0.0527478
0.153714
0.0706598
0.0481107
0.159314
0.117445
0.0883638
0.0893551
0.125514
0.104228
0.131422
0.107028
0.134108
0.0494164
0.0884293
0.140485
0.064904
0.135403
0.0991058
0.113128
0.0483133
0.0967442
0.0501634
0.0527784
0.0715365
0.094687
0.18368
0.0464446
0.0862147
0.131716
0.0898152
0.113509
0.109201
0.120657
0.17511
0.0851727
0.0498527
0.0574097
0.123265
0.0965021
0.141927
0.035562
0.120984
0.037577
0.0851528
0.170303
0.114442
0.131196
0.0749683
0.0671994
0.0414571
0.121004
0.0625746
0.0298568
0.133211
0.0720702
0.0627612
0.130005
0.0907569
0.0595731
0.0710527
0.0806918
0.0709386
0.128078
0.078276
0.154704
0.14591
0.100202
0.0876754
0.0453131
0.132908
0.0513246
0.0743222
0.0718166
0.0674795
0.140402
0.0225155
0.1058
0.038363
0.0157596
0.0533802
0.0655239
0.110132
0.0416317
0.128903
0.111986
0.111491
0.195109
0.0558048
0.0303334
0.155316
0.0944153
0.0877496
0.0482098
0.0991284
0.0335989
0.0835264
0.128393
0.0807913
0.141633
0.130955
0.0347388
0.105776
0.135628
0.10861
0.130995
0.085903
0.0815727
0.123096
0.108003
0.156956
0.0969862
0.113412
0.0404102
0.066097
0.0520321
0.171975
0.0944875
0.051938
0.100856
0.170157
0.117703
0.122354
0.100528
0.0406441
0.0891206
0.0446189
0.0600206
0.140416
0.143253
0.126381
0.0780681
0.113044
0.161104
0.0581255
0.178774
0.142909
0.135397
0.017914
0.141104
0.115401
0.124823
0.112682
0.0698861
0.0902022
0.0665788
0.119915
0.0551095
0.0892007
0.0504532
0.0551891
0.100846
0.0437802
0.162337
0.032277
0.0565892
0.106912
0.0939332
0.0952016
0.063919
0.120178
0.100846
0.117999
0.103728
0.0641402
0.0773589
0.121063
0.132009
0.0876737
0.0817298
0.0768122
0.136505
0.0902285
0.0657466
0.096146
0.0893203
0.104677
0.0300809
0.0734795
0.0916865
0.0562094
0.0941147
0.112011
0.124817
0.0459807
0.0944854
0.0331408
0.177147
0.118193
0.14705
0.082835
0.112093
0.113198
0.070941
0.0811561
0.127474
0.102911
0.0837118
0.0768662
0.0628369
0.0894674
0.0748972
0.11092
0.0406923
0.0491545
0.038051
0.0665228
0.0378616
0.11105
0.0689301
0.158539
0.0705943
0.04017
0.111929
0.0560053
0.161541
0.113082
0.155395
0.0357317
0.138703
0.133514
0.128645
0.0810568
0.114485
0.120756
0.112934
0.119624
0.0925145
0.193925
0.0452078
0.169984
0.119976
0.0268368
0.0319219
0.0818697
0.128193
0.0262475
0.0977189
0.0501244
0.145998
0.0354113
0.0463802
0.0663058
0.146455
0.131689
0.0339851
0.0981773
0.0908887
0.0829837
0.0545074
0.0297321
0.037699
0.0987606
0.112099
0.0397191
0.0886905
0.17993
0.133534
0.0890177
0.0977446
0.0972533
0.082765
0.0893838
0.157385
0.0721714
0.160588
0.0776277
0.0989665
0.147134
0.0603652
0.0708035
0.0366672
0.0570877
0.0744474
0.0758135
0.0477581
0.131421
0.0789501
0.0726994
0.0992455
0.110273
0.0816916
0.104698
0.0695116
0.0464982
0.113364
0.0904501
0.0255979
0.102651
0.0764767
0.121796
0.0920471
0.113742
0.0565133
0.0421226
0.071461
0.0849507
0.0388105
0.141707
0.0814037
0.213587
0.0891526
0.0625326
0.112998
0.180879
0.0466702
0.131718
0.08008
0.114736
0.024874
0.15096
0.0507336
0.080116
0.107451
0.0971852
0.072747
0.0550113
0.0287268
0.0716763
0.0534942
0.0371723
0.0939178
0.0923939
0.090668
0.0547217
0.0792396
0.134921
0.104851
0.0795055
0.171636
0.0321105
0.0543374
0.0568908
0.108643
0.0915101
0.0336863
0.113786
0.0892856
0.0417985
0.168933
0.0994234
0.121675
0.0684395
0.0700817
0.119385
0.0744382
0.0812625
0.168842
0.0856305
0.086407
0.121979
0.120157
0.10933
0.12125
0.033296
0.0328307
0.154538
0.091099
0.0284988
0.14797
0.0618063
0.138607
0.08926
0.120048
0.139568
0.149972
0.0522789
0.138116
0.0968752
0.0742975
0.0393678
0.114351
0.091534
0.0785733
0.115063
0.0629801
0.0771455
0.0761165
0.124008
0.078129
0.152053
0.109281
0.192602
0.120115
0.138042
0.111703
0.119785
0.0469693
0.0606363
0.0894966
0.0593078
0.0360929
0.098091
0.0713785
0.0970306
0.127347
0.08697
0.185886
0.108274
0.0465445
0.130595
0.134186
0.190378
0.102871
0.120907
0.0591888
0.0875512
0.144783
0.0649595
0.113382
0.0659997
0.107802
0.0865421
0.0854101
0.0587834
0.0723086
0.13093
0.0945281
0.0529423
0.0732624
0.0321891
0.143966
0.13065
0.0519543
0.130045
0.0328305
0.101521
0.134599
0.150495
0.047509
0.041368
0.0584252
0.0826298
0.0257072
0.101515
0.0957636
0.055807
0.112309
0.132375
0.123888
0.137505
0.0813267
0.0614745
0.112534
0.119051
0.0424542
0.137783
0.193227
0.0772916
0.0425886
0.107572
0.0672081
0.115554
0.0663754
0.153071
0.0803235
0.0549722
0.0873841
0.0638622
0.0817124
0.102978
0.107787
0.111564
0.092486
0.0779654
0.0440509
0.0719643
0.15056
0.0628962
0.144218
0.105696
0.0528343
0.10075
0.068026
0.0603351
0.0935298
0.104066
0.0386035
0.10666
0.0827922
0.106444
0.1569
0.101756
0.11399
0.0463484
0.0351128
0.0561446
0.0315549
0.0670397
0.156534
0.127902
0.0773499
0.0789934
0.156597
0.193704
0.0408561
0.155478
0.0774487
0.0502592
0.118235
0.1091
0.0691268
0.125626
0.110736
0.0297632
0.0910963
0.0681157
0.0336674
0.144427
0.060478
0.0330649
0.0811665
0.0808528
0.0319851
0.027923
0.0471056
0.0710401
0.041791
0.0900087
0.156849
0.0597951
0.144476
0.115648
0.095032
0.0646752
0.118086
0.0930588
0.0413629
0.108541
0.116269
0.0418203
0.0267285
0.111402
0.111559
0.122744
0.0721154
0.0593385
0.127142
0.0519445
0.0314043
0.101472
0.0753812
0.035745
0.073571
0.0919353
0.196251
0.0592721
0.204791
0.0550679
0.104551
0.0468932
0.0337398
0.0386966
0.0634519
0.0709848
0.0807613
0.156916
0.111901
0.593569
0.111688
0.453053
0.162203
0.396659
0.201714
0.149067
0.504598
0.202707
0.285561
0.43023
0.100444
0.237065
0.120616
0.360152
0.371192
0.18915
0.183742
0.123218
0.170228
0.110267
0.465969
0.0774034
0.118991
0.179991
0.0401174
0.181134
0.0927929
0.369706
0.47562
0.0774587
0.317546
0.452997
0.399519
0.152336
0.333652
0.347507
0.349956
0.24469
0.287511
0.06524
0.0771098
0.246079
0.176633
0.238082
0.501266
0.382891
0.226891
0.409949
0.318576
0.142284
0.239692
0.137109
0.384906
0.184255
0.20782
0.259344
0.294334
0.256261
0.17688
0.221912
0.184129
0.221329
0.145036
0.0989922
0.229579
0.485795
0.37558
0.360032
0.128367
0.160397
0.183749
0.144573
0.306685
0.260776
0.352896
0.111673
0.333684
0.330596
0.112772
0.168404
0.203972
0.115056
0.489212
0.192939
0.0736034
0.223452
0.15435
0.478255
0.446902
0.179772
0.139753
0.309888
0.0568216
0.214958
0.468039
0.202902
0.253105
0.296428
0.0749294
0.0777875
0.310974
0.245716
0.212682
0.0395216
0.334567
0.150282
0.250077
0.468783
0.219428
0.129951
0.108536
0.346729
0.412506
0.184188
0.231742
0.261248
0.197189
0.399857
0.22353
0.0749878
0.0432083
0.371937
0.425303
0.160641
0.193542
0.153575
0.138276
0.514489
0.275883
0.0912953
0.0908944
0.193713
0.259304
0.224431
0.0816962
0.124963
0.444723
0.239718
0.472518
0.0909009
0.520867
0.331751
0.43244
0.180295
0.293343
0.378201
0.30645
0.185879
0.204113
0.486762
0.18378
0.407136
0.253719
0.244675
0.3515
0.101634
0.51161
0.405631
0.124316
0.115898
0.145956
0.204201
0.0480663
0.12249
0.191926
0.522683
0.245653
0.158904
0.0962042
0.250517
0.144714
0.1538
0.462206
0.111581
0.1851
0.393091
0.0300119
0.0941915
0.138473
0.282122
0.0629393
0.252421
0.366594
0.30556
0.365526
0.298598
0.392544
0.262846
0.170956
0.424377
0.0932784
0.0749608
0.110908
0.242844
0.314652
0.218618
0.448436
0.111868
0.223993
0.267299
0.312898
0.0931419
0.311665
0.217844
0.0370337
0.372535
0.195128
0.185217
0.0757589
0.528297
0.123788
0.190341
0.353198
0.195478
0.147446
0.117714
0.120441
0.228716
0.138467
0.116336
0.430777
0.192387
0.501782
0.231778
0.252451
0.217472
0.151532
0.231848
0.113925
0.141063
0.094206
0.23075
0.434724
0.0803501
0.514958
0.0944969
0.139238
0.372935
0.42109
0.177863
0.281962
0.32008
0.160983
0.370097
0.337794
0.445001
0.188707
0.377441
0.292968
0.515481
0.500972
0.117214
0.137788
0.271951
0.49719
0.406759
0.500188
0.280835
0.058886
0.320314
0.0914745
0.19066
0.490454
0.167224
0.30424
0.323863
0.0557832
0.406425
0.359907
0.1407
0.207945
0.366015
0.381593
0.14637
0.21224
0.431641
0.152668
0.257709
0.382891
0.16969
0.508199
0.193986
0.404026
0.231776
0.257263
0.108825
0.311933
0.380162
0.134267
0.280607
0.0454679
0.176981
0.0413855
0.0470772
0.0728178
0.148526
0.163885
0.170641
0.464813
0.105511
0.11355
0.20818
0.105486
0.0596735
0.0630054
0.361373
0.0809643
0.280043
0.162401
0.203436
0.0930517
0.200391
0.170019
0.491696
0.0610612
0.354436
0.258795
0.409899
0.0936866
0.0531065
0.224411
0.108569
0.128598
0.188623
0.239325
0.343837
0.0526077
0.216456
0.175281
0.234003
0.294276
0.262838
0.208193
0.264956
0.425965
0.534114
0.17072
0.135492
0.267223
0.467778
0.447439
0.13354
0.292361
0.0511073
0.0581212
0.191227
0.332
0.481998
0.461053
0.180905
0.161867
0.0739443
0.137762
0.409255
0.316968
0.547747
0.0912343
0.297712
0.254306
0.182215
0.0738023
0.242882
0.0537688
0.530843
0.496537
0.309783
0.414125
0.143395
0.320199
0.276694
0.185385
0.313553
0.484926
0.473343
0.111592
0.232597
0.301617
0.429399
0.200846
0.0703608
0.0500069
0.163252
0.465126
0.119149
0.413727
0.245839
0.0617124
0.166423
0.185361
0.331446
0.101686
0.216845
0.241972
0.2498
0.258864
0.0795422
0.145377
0.194011
0.0457179
0.283787
0.265281
0.232634
0.102527
0.222901
0.161293
0.325418
0.0876602
0.207541
0.131948
0.0810777
0.0834751
0.276232
0.0574963
0.0873691
0.414432
0.214327
0.240116
0.426437
0.118592
0.253193
0.156669
0.362366
0.133264
0.329523
0.488399
0.105833
0.0716674
0.345048
0.150869
0.163636
0.283361
0.500389
0.0283109
0.276345
0.480744
0.240437
0.297147
0.361356
0.0839781
0.175627
0.556201
0.435525
0.148937
0.213049
0.482262
0.146033
0.394738
0.171775
0.0489774
0.459395
0.0928963
0.0809657
0.10123
0.325539
0.147615
0.230166
0.257131
0.126236
0.094278
0.0782776
0.35897
0.319648
0.130344
0.249424
0.308159
0.276316
0.408068
0.28559
0.0320095
0.201844
0.16493
0.172424
0.22495
0.358241
0.0536404
0.134422
0.089605
0.120891
0.179941
0.265899
0.155671
0.453043
0.40531
0.265929
0.043792
0.14517
0.349846
0.399575
0.115636
0.240029
0.429326
0.267555
0.203726
0.0803084
0.124528
0.25169
0.187576
0.144501
0.425693
0.0808489
0.323234
0.317378
0.111326
0.122723
0.291023
0.210171
0.105737
0.177478
0.418793
0.0556859
0.245651
0.151645
0.280583
0.274562
0.167835
0.337753
0.234542
0.352878
0.18069
0.129451
0.468863
0.223047
0.108788
0.157142
0.197644
0.134859
0.478169
0.202906
0.374903
0.146779
0.35326
0.179514
0.11438
0.281635
0.245807
0.256346
0.142663
0.127717
0.412888
0.233521
0.191038
0.0653609
0.200886
0.152798
0.268858
0.415784
0.0915389
0.0479085
0.423644
0.399618
0.20292
0.250341
0.0630524
0.150816
0.127018
0.188657
0.339395
0.440914
0.258349
0.100803
0.289202
0.110432
0.233797
0.256656
0.231331
0.475112
0.0472284
0.423168
0.0958143
0.113698
0.195607
0.131495
0.487901
0.538425
0.146836
0.468084
0.0673153
0.497962
0.106113
0.319394
0.18653
0.467761
0.416109
0.224715
0.161022
0.159265
0.237616
0.24107
0.378134
0.176493
0.292762
0.187293
0.168214
0.321156
0.150314
0.191978
0.487686
0.491617
0.477893
0.333529
0.448447
0.471475
0.173677
0.199641
0.164811
0.11112
0.0517236
0.30052
0.038069
0.330462
0.531405
0.242186
0.22315
0.48849
0.440544
0.110913
0.252158
0.357268
0.106448
0.444471
0.329857
0.249337
0.271192
0.227221
0.155475
0.133464
0.211829
0.209375
0.41515
0.320449
0.23099
0.114494
0.191109
0.185357
0.16323
0.196764
0.100373
0.125298
0.287476
0.376666
0.145543
0.459763
0.224616
0.145118
0.0699243
0.167334
0.470152
0.0813442
0.223242
0.269703
0.164795
0.459595
0.379451
0.591268
0.215572
0.411111
0.217886
0.135861
0.284798
0.174059
0.167192
0.117243
0.104898
0.394366
0.0683609
0.0680749
0.305746
0.204754
0.225113
0.147962
0.104583
0.0848754
0.0344024
0.258647
0.234532
0.190068
0.0850127
0.237206
0.357668
0.276003
0.0985037
0.43048
0.158571
0.223433
0.0676442
0.194618
0.1741
0.10524
0.0834588
0.186222
0.232807
0.250817
0.099065
0.322806
0.318731
0.113772
0.100996
0.159068
0.29209
0.456925
0.207599
0.0616084
0.150427
0.216755
0.147754
0.0675969
0.265185
0.0967526
0.334966
0.101175
0.101348
0.221148
0.251119
0.0871253
0.265326
0.0902039
0.2485
0.308492
0.312517
0.184563
0.128554
0.299026
0.239762
0.217038
0.257532
0.0917013
0.115446
0.402913
0.290328
0.23659
0.104618
0.153232
0.176278
0.107711
0.160071
0.152509
0.207755
0.169974
0.218971
0.230641
0.285767
0.171069
0.217699
0.155927
0.28379
0.035437
0.192314
0.368613
0.313589
0.297422
0.140876
0.258086
0.125076
0.14154
0.0831494
0.118683
0.284455
0.295357
0.240417
0.127769
0.23937
0.139658
0.155602
0.163469
0.146552
0.0719794
0.45287
0.437307
0.197513
0.116168
0.208484
0.123189
0.267892
0.227342
0.24306
0.131142
0.127595
0.182401
0.219284
0.460167
0.136646
0.104534
0.0632889
0.387944
0.151648
0.218889
0.147473
0.0861816
0.0696753
0.264954
0.0486937
0.187323
0.275953
0.177215
0.241271
0.216339
0.0834599
0.244751
0.184216
0.196817
0.30547
0.248958
0.346777
0.194108
0.239606
0.260254
0.394222
0.137843
0.163879
0.0847005
0.0847459
0.116423
0.0851645
0.140749
0.111337
0.0708056
0.244968
0.0434801
0.297393
0.215982
0.0676154
0.169438
0.0973083
0.280663
0.0981873
0.23429
0.197426
0.190956
0.418998
0.273543
0.236824
0.230797
0.17807
0.190865
0.167291
0.19966
0.0991334
0.108941
0.396572
0.151581
0.179755
0.15925
0.393639
0.355624
0.153828
0.119342
0.287806
0.100725
0.137231
0.114033
0.0373619
0.283791
0.227011
0.234686
0.276553
0.235934
0.110778
0.102239
0.147672
0.15165
0.301538
0.387054
0.331781
0.0898827
0.0796462
0.109612
0.162088
0.166894
0.129022
0.0948663
0.301612
0.0417749
0.206401
0.361579
0.125804
0.291536
0.117989
0.120491
0.299139
0.2401
0.0279436
0.0959631
0.358588
0.233654
0.0987802
0.134008
0.319455
0.25781
0.0959434
0.203544
0.155646
0.261042
0.18617
0.398249
0.247694
0.31381
0.16757
0.0891918
0.0635817
0.203459
0.121412
0.193768
0.140507
0.204374
0.0897748
0.122371
0.0956758
0.34081
0.338881
0.0964753
0.11269
0.108752
0.281392
0.212115
0.355823
0.0589382
0.0947409
0.0949202
0.253245
0.262756
0.256863
0.213415
0.0786923
0.256807
0.187847
0.228845
0.0416295
0.150121
0.320511
0.0922273
0.108444
0.411155
0.0569877
0.257022
0.0950504
0.106707
0.0848182
0.191608
0.113168
0.141295
0.133885
0.314471
0.261246
0.24945
0.199431
0.0776766
0.232129
0.0466185
0.155477
0.380342
0.25449
0.228496
0.0876849
0.373661
0.0839956
0.167524
0.126714
0.155136
0.26366
0.290156
0.0808899
0.14468
0.250918
0.0728887
0.057266
0.141639
0.152426
0.11589
0.168548
0.139273
0.400001
0.10137
0.0715797
0.285837
0.161915
0.264728
0.286113
0.422544
0.0443581
0.455051
0.289012
0.0354335
0.105016
0.07302
0.203144
0.222366
0.375649
0.091435
0.0693107
0.152271
0.340039
0.181989
0.213784
0.0155432
0.131522
0.101829
0.0937559
0.182718
0.0856819
0.217564
0.211371
0.327278
0.233409
0.215412
0.0503239
0.154284
0.0892449
0.276836
0.189317
0.193602
0.445324
0.238307
0.246117
0.3905
0.106531
0.324121
0.109461
0.188059
0.229619
0.0381694
0.0993705
0.178592
0.18947
0.257487
0.113693
0.212453
0.0524361
0.251122
0.20916
0.223147
0.158096
0.266798
0.14449
0.102625
0.283049
0.239468
0.0597971
0.252811
0.21092
0.139274
0.327931
0.367665
0.218888
0.250735
0.24847
0.325337
0.3835
0.257892
0.0936755
0.278292
0.0544699
0.15796
0.173232
0.119162
0.22348
0.183718
0.10386
0.0615731
0.247063
0.276609
0.338459
0.0704271
0.178019
0.178242
0.069222
0.291911
0.18449
0.268593
0.0706414
0.105372
0.170754
0.163682
0.072988
0.215415
0.238772
0.336647
0.181774
0.0619914
0.123361
0.075526
0.153366
0.421865
0.288728
0.0780544
0.264041
0.142827
0.0969089
0.304126
0.236786
0.278413
0.416305
0.123268
0.0475441
0.105352
0.0646984
0.0986056
0.202502
0.121656
0.222128
0.142518
0.184776
0.369659
0.249278
0.137333
0.280066
0.149646
0.035173
0.151282
0.396612
0.332552
0.11363
0.124753
0.176815
0.278515
0.175527
0.130953
0.137287
0.236754
0.393438
0.223456
0.215534
0.147452
0.318657
0.151834
0.0848142
0.241017
0.123266
0.227841
0.0549483
0.157286
0.218135
0.308448
0.183887
0.152832
0.0691749
0.199486
0.0844656
0.16867
0.215412
0.236082
0.116614
0.154526
0.0573096
0.16336
0.165784
0.234229
0.206922
0.444034
0.247298
0.244816
0.278214
0.192979
0.13648
0.0919422
0.367211
0.095481
0.187962
0.267557
0.182457
0.293129
0.0848701
0.326921
0.23598
0.120696
0.142134
0.202549
0.083217
0.280046
0.0927438
0.272918
0.109509
0.0777253
0.121592
0.240308
0.121103
0.153959
0.197124
0.262373
0.221044
0.338813
0.39397
0.12748
0.189691
0.276665
0.292529
0.13541
0.221001
0.353133
0.183308
0.201932
0.161767
0.18333
0.131414
0.247646
0.171425
0.122235
0.252768
0.140288
0.246229
0.136426
0.0925885
0.460366
0.160269
0.17596
0.0703369
0.36896
0.220065
0.339968
0.367473
0.0611511
0.13693
0.200948
0.358404
0.114965
0.113994
0.258753
0.217617
0.0474348
0.195596
0.0713992
0.0973687
0.23917
0.407849
0.130754
0.335858
0.0858531
0.117494
0.109579
0.315803
0.08306
0.154419
0.129424
0.117873
0.253253
0.195017
0.0311103
0.0768852
0.125785
0.225499
0.290151
0.206392
0.250162
0.133626
0.0787943
0.102806
0.0807212
0.138091
0.240872
0.154508
0.164684
0.167346
0.165885
0.255978
0.0882267
0.236877
0.241018
0.291558
0.0937329
0.175442
0.239045
0.1464
0.186182
0.245774
0.194377
0.249941
0.162999
0.353383
0.13367
0.158427
0.107924
0.424116
0.27205
0.183602
0.217173
0.292911
0.0965763
0.267272
0.0952538
0.188568
0.182593
0.155532
0.150998
0.130156
0.195928
0.188304
0.327045
0.211463
0.0722007
0.18979
0.241122
0.119459
0.254474
0.199314
0.219492
0.337123
0.15187
0.243199
0.117587
0.114194
0.34682
0.322352
0.0445215
0.0652674
0.246351
0.0502722
0.18519
0.135797
0.149178
0.351193
0.271691
0.26664
0.366822
0.169827
0.364599
0.213697
0.0891705
0.117205
0.104716
0.168312
0.417471
0.0411534
0.100298
0.0763625
0.36327
0.130746
0.178237
0.190375
0.0475047
0.33343
0.44782
0.166381
0.197187
0.125772
0.0716904
0.0343532
0.324175
0.277027
0.0848728
0.0821003
0.110394
0.167844
0.305178
0.277475
0.184447
0.132116
0.26794
0.279075
0.102005
0.0818812
0.176752
0.183567
0.103095
0.163147
0.113414
0.218433
0.0719693
0.107406
0.115543
0.167711
0.109026
0.139841
0.134566
0.141548
0.219425
0.184319
0.134062
0.159981
0.0979269
0.194189
0.256617
0.271441
0.215416
0.208806
0.110612
0.16734
0.149216
0.247414
0.0805516
0.254739
0.242778
0.166131
0.239629
0.0878603
0.113688
0.0821437
0.0908304
0.124094
0.0725389
0.179513
0.106287
0.104824
0.18276
0.121113
0.168152
0.170305
0.268869
0.0931651
0.0429371
0.0355059
0.0352754
0.265158
0.0738058
0.212125
0.231067
0.169853
0.150729
0.2127
0.378837
0.367929
0.0558362
0.148259
0.173428
0.106365
0.0747497
0.0403097
0.286034
0.311406
0.150708
0.188078
0.177474
0.19457
0.130334
0.23075
0.0828767
0.181838
0.0314466
0.248388
0.155432
0.236245
0.109776
0.136994
0.0822302
0.236652
0.117383
0.294712
0.13571
0.389387
0.128258
0.231386
0.119761
0.138514
0.0718881
0.0862407
0.0674301
0.10994
0.238803
0.123233
0.178739
0.112987
0.19138
0.207107
0.0984035
0.0997187
0.146189
0.0619524
0.082514
0.20169
0.156736
0.287977
0.203335
0.0663391
0.21802
0.240196
0.186112
0.0895191
0.232926
0.0326529
0.26773
0.151634
0.116596
0.0348035
0.217461
0.206493
0.215378
0.13619
0.101291
0.0624837
0.200351
0.236532
0.18506
0.125095
0.0581366
0.141184
0.153007
0.192845
0.128634
0.14393
0.237597
0.223341
0.145696
0.0984088
0.107863
0.144692
0.0568905
0.21527
0.161423
0.18283
0.215229
0.0815875
0.211189
0.225095
0.174822
0.112241
0.0849542
0.237513
0.108234
0.179163
0.0358897
0.212613
0.267234
0.131901
0.13222
0.282503
0.164415
0.206127
0.149957
0.0974376
0.186156
0.100653
0.188511
0.082071
0.165641
0.192778
0.126478
0.0745935
0.0723338
0.192832
0.293531
0.208534
0.0849013
0.108555
0.102623
0.131085
0.211655
0.281188
0.205878
0.320103
0.191316
0.201719
0.156663
0.169456
0.26334
0.128497
0.261597
0.179613
0.289942
0.0450913
0.312098
0.252817
0.240015
0.186377
0.163071
0.261976
0.221971
0.188164
0.14654
0.0677366
0.187124
0.293482
0.142845
0.0920585
0.0983322
0.148723
0.278854
0.0649437
0.319272
0.0946404
0.067312
0.123507
0.23533
0.173278
0.123179
0.220895
0.357354
0.261072
0.200586
0.145857
0.0886903
0.0755838
0.110107
0.084617
0.349914
0.182149
0.2326
0.253329
0.0570698
0.179343
0.250424
0.1255
0.261387
0.204758
0.0991726
0.0892416
0.254108
0.102471
0.0723694
0.357523
0.156959
0.146376
0.275727
0.0922164
0.272747
0.174538
0.127566
0.224103
0.0788719
0.136295
0.300229
0.0716768
0.263645
0.203658
0.13711
0.0584875
0.243823
0.12367
0.0751279
0.197863
0.223959
0.122586
0.135837
0.115912
0.112665
0.132314
0.295821
0.327696
0.121132
0.10769
0.339714
0.190033
0.246362
0.257226
0.305878
0.0341261
0.321265
0.0828214
0.043499
0.0891406
0.166758
0.196614
0.209145
0.282724
0.319827
0.269758
0.201961
0.215921
0.214475
0.34904
0.284701
0.298334
0.0740985
0.164459
0.0376757
0.234822
0.0466363
0.178547
0.166421
0.13176
0.0788651
0.225982
0.0949391
0.0845549
0.240205
0.236901
0.0846019
0.323402
0.0729041
0.187136
0.18609
0.110451
0.0857501
0.122297
0.214774
0.292469
0.282721
0.139808
0.126531
0.202575
0.137764
0.254363
0.335605
0.342288
0.12448
0.120034
0.290409
0.304671
0.311314
0.0641141
0.121686
0.180003
0.124054
0.250748
0.335168
0.176753
0.0778799
0.156113
0.345791
0.18404
0.242566
0.130957
0.0860841
0.203117
0.14646
0.325839
0.151411
0.282227
0.133084
0.212536
0.213992
0.113497
0.280121
0.133693
0.225672
0.106599
0.130932
0.223396
0.290488
0.150109
0.211681
0.0832695
0.211355
0.0654154
0.13346
0.0537017
0.180326
0.183915
0.0965768
0.126026
0.0570661
0.0655123
0.174379
0.0497348
0.336413
0.151463
0.0743958
0.173232
0.0583294
0.0460803
0.130662
0.214803
0.056263
0.0645338
0.103618
0.106509
0.181979
0.138551
0.357564
0.257514
0.236829
0.172983
0.117131
0.0448497
0.256251
0.0478529
0.166019
0.205788
0.0425023
0.125742
0.0740758
0.0819474
0.277555
0.173172
0.133127
0.313903
0.179702
0.254084
0.180216
0.142262
0.180629
0.114535
0.25035
0.157984
0.0923414
0.212218
0.212052
0.0941886
0.230894
0.0890171
0.119455
0.04389
0.158323
0.206419
0.0813827
0.131206
0.195917
0.151521
0.181678
0.0875614
0.120712
0.16546
0.0669836
0.0932452
0.137996
0.103629
0.185677
0.202617
0.203454
0.0579832
0.184707
0.105729
0.289754
0.256938
0.127877
0.0854099
0.131805
0.0924918
0.104495
0.0925892
0.145601
0.0924124
0.271165
0.141685
0.144895
0.283207
0.06171
0.144329
0.0681475
0.145372
0.111821
0.147502
0.0470807
0.0655497
0.0974545
0.291164
0.0917962
0.141615
0.112432
0.235096
0.0976758
0.151896
0.0853373
0.14642
0.158689
0.156424
0.233407
0.138664
0.0460351
0.127185
0.159083
0.327548
0.19068
0.2401
0.135404
0.197914
0.226528
0.235523
0.123828
0.0768897
0.202329
0.335822
0.274155
0.154466
0.0716713
0.238994
0.0949649
0.261743
0.0610027
0.236137
0.1597
0.109145
0.123239
0.0669855
0.251356
0.0617797
0.195707
0.19684
0.0517441
0.339622
0.139785
0.128812
0.264302
0.271181
0.2234
0.107989
0.229849
0.248793
0.0809868
0.146203
0.240733
0.280396
0.0642653
0.292255
0.209028
0.182295
0.0455505
0.0929837
0.0924204
0.253845
0.294053
0.0647794
0.109594
0.191511
0.194465
0.228469
0.161676
0.185647
0.112514
0.0627708
0.323579
0.167264
0.132293
0.180671
0.168254
0.139273
0.262341
0.134295
0.299007
0.0655212
0.062622
0.286429
0.093111
0.243123
0.107799
0.229549
0.040983
0.052528
0.197206
0.14007
0.230652
0.172245
0.191234
0.262769
0.195532
0.0757752
0.154952
0.241633
0.114537
0.250871
0.0707283
0.0692336
0.192536
0.0674768
0.217245
0.214456
0.332742
0.208744
0.226955
0.0945185
0.186385
0.264795
0.293683
0.224998
0.202314
0.153827
0.123255
0.281728
0.154251
0.127757
0.226183
0.293703
0.0523506
0.106363
0.243238
0.120599
0.0509297
0.277512
0.150944
0.203172
0.0605737
0.21387
0.0636587
0.210566
0.0519618
0.100755
0.166478
0.0988929
0.193825
0.131324
0.194524
0.226992
0.0530383
0.0230944
0.111265
0.11901
0.192039
0.293002
0.13624
0.0665206
0.259043
0.269123
0.297081
0.24574
0.272693
0.191009
0.135647
0.174467
0.231499
0.156976
0.0827225
0.0523869
0.0789281
0.165331
0.0640899
0.102116
0.177124
0.0652416
0.177518
0.202804
0.069709
0.0667536
0.283687
0.17791
0.249709
0.377433
0.0721778
0.0335676
0.021464
0.0753376
0.046146
0.0955266
0.194304
0.109036
0.048324
0.114052
0.0562755
0.0779991
0.0607491
0.0647558
0.0788097
0.123639
0.0185507
0.0503096
0.0396044
0.0970731
0.0287715
0.025455
0.0748498
0.0353335
0.0784835
0.0294054
0.0368686
0.0162781
0.0681348
0.199612
0.103158
0.147879
0.132478
0.0413872
0.0507922
0.0718417
0.0490774
0.0386574
0.0641429
0.151425
0.187516
0.153291
0.0574227
0.157058
0.10921
0.0665516
0.095031
0.038958
0.0992513
0.105506
0.0337927
0.0520423
0.141866
0.0909253
0.102312
0.16637
0.08322
0.0182492
0.169427
0.0315914
0.0608204
0.070224
0.0145034
0.110033
0.119731
0.0318307
0.0298014
0.0618686
0.0385659
0.0715981
0.0602446
0.185816
0.104673
0.0401445
0.125833
0.127933
0.0873716
0.0253943
0.0849561
0.0651197
0.047572
0.0273512
0.0524261
0.16176
0.069049
0.0667337
0.0642177
0.120962
0.0592148
0.204749
0.0741058
0.0998266
0.100319
0.0403149
0.0362068
0.164006
0.0564314
0.0726066
0.0984684
0.103492
0.040991
0.057617
0.0387562
0.0990853
0.0668795
0.169757
0.0331701
0.0762547
0.125749
0.0751782
0.0383715
0.0803405
0.0871174
0.102485
0.0499088
0.0574752
0.115043
0.11274
0.0270176
0.0652746
0.0441229
0.0806255
0.0454062
0.0228176
0.0352819
0.035127
0.111645
0.0359313
0.0699837
0.177995
0.0148363
0.0368714
0.0749965
0.0548607
0.184952
0.0673619
0.0548853
0.090036
0.0680525
0.061186
0.106806
0.0515931
0.0520909
0.074154
0.0250836
0.0486816
0.034897
0.0344687
0.0526954
0.0699491
0.0767571
0.0337757
0.0507432
0.0291514
0.157312
0.0437109
0.128718
0.0716944
0.0364049
0.0410809
0.17334
0.0735033
0.0547061
0.058989
0.0783909
0.0940562
0.0322392
0.0986415
0.152315
0.069624
0.095719
0.0547356
0.0961284
0.0570735
0.203892
0.0461503
0.151807
0.0612804
0.229485
0.121749
0.0658195
0.0297977
0.100754
0.0673079
0.113038
0.096877
0.0707639
0.102701
0.109145
0.125474
0.0617861
0.201703
0.0250856
0.0520174
0.0219429
0.0712022
0.080249
0.0397266
0.0468465
0.0508846
0.0882898
0.113647
0.0540662
0.139458
0.118501
0.16934
0.05163
0.047648
0.196289
0.123396
0.0763997
0.117812
0.0544184
0.0311823
0.165951
0.0682061
0.0541334
0.0858932
0.117261
0.0953338
0.131359
0.0970898
0.0266696
0.0410665
0.0976052
0.215904
0.212007
0.0297539
0.100017
0.0528447
0.0340246
0.214885
0.116384
0.0605533
0.025753
0.0995822
0.0534514
0.112162
0.0591102
0.0329215
0.015813
0.0822536
0.0331176
0.120506
0.0309527
0.0231818
0.0498998
0.120455
0.0518063
0.20014
0.150056
0.041185
0.0639184
0.1064
0.0800833
0.09586
0.0221447
0.0336844
0.0729058
0.0858105
0.0831094
0.0902895
0.0480856
0.0829664
0.0720272
0.113319
0.0799635
0.0715725
0.0984731
0.0582963
0.0693285
0.0847314
0.0841627
0.0740329
0.06354
0.109982
0.130762
0.0933541
0.0443331
0.17789
0.0491804
0.192278
0.132429
0.0247957
0.0507358
0.0588729
0.0847024
0.0220806
0.0413471
0.048711
0.0336275
0.0881909
0.0642705
0.106902
0.0688766
0.0252809
0.195599
0.01596
0.0796287
0.0982212
0.119154
0.105547
0.0943975
0.0775228
0.050992
0.218368
0.0589419
0.0495432
0.0718311
0.075002
0.135804
0.054848
0.0601436
0.0310382
0.0303172
0.271244
0.0342381
0.0888553
0.0625881
0.0667505
0.0733303
0.0762777
0.118446
0.0497135
0.0222715
0.080639
0.032531
0.069568
0.0243862
0.065133
0.0457662
0.230392
0.0526993
0.138572
0.0825855
0.0443141
0.168253
0.0603896
0.0996694
0.055395
0.09275
0.0551987
0.0249101
0.0400838
0.0457415
0.0627643
0.0167892
0.0789543
0.0223794
0.081468
0.125729
0.0675423
0.0435755
0.044558
0.0798111
0.020586
0.139788
0.150029
0.0209478
0.0232802
0.0379357
0.133899
0.0510793
0.0619474
0.0652183
0.0840918
0.0427917
0.106616
0.054774
0.0585621
0.0252174
0.0383843
0.101704
0.10094
0.11804
0.107794
0.230214
0.0172847
0.0439235
0.0342618
0.0296557
0.186937
0.134803
0.153977
0.0386829
0.065759
0.0741381
0.0423948
0.0895736
0.0264751
0.072499
0.0405903
0.121683
0.0267438
0.0612969
0.124769
0.110081
0.0469502
0.107305
0.0337459
0.0410149
0.0428069
0.0472669
0.05993
0.0636635
0.0829403
0.0252969
0.219995
0.127596
0.117744
0.081971
0.0460533
0.0811466
0.0878865
0.125461
0.0917774
0.0368125
0.224576
0.0748637
0.0420119
0.0252766
0.0684731
0.068357
0.0393049
0.16806
0.0488809
0.12563
0.0743325
0.0172842
0.0731235
0.0651372
0.0482188
0.0870132
0.0328615
0.074169
0.0937366
0.0245618
0.137787
0.205227
0.0190282
0.0595255
0.0179677
0.0538833
0.0459142
0.0455409
0.0124113
0.0127734
0.0460094
0.0326111
0.0433524
0.0733625
0.0838011
0.0868637
0.0632036
0.132164
0.0120108
0.165689
0.0357006
0.0317943
0.050609
0.0575456
0.0350176
0.0436881
0.094111
0.0237921
0.048452
0.0280556
0.0577646
0.136312
0.0479311
0.20376
0.0484553
0.0419
0.0308824
0.0807687
0.139768
0.101262
0.0817647
0.0453858
0.086913
0.134225
0.0961936
0.101151
0.0976187
0.0752558
0.0296319
0.103271
0.0431013
0.168493
0.0394025
0.0579256
0.0647867
0.0599331
0.0418698
0.048222
0.160865
0.0304263
0.0828318
0.105015
0.0120808
0.0846895
0.113035
0.0769626
0.0561578
0.0732217
0.0624813
0.0969392
0.048902
0.0222846
0.0912454
0.0852735
0.0634852
0.0721752
0.0335562
0.0526083
0.0649246
0.070549
0.0221892
0.071115
0.095506
0.0778199
0.110391
0.0296996
0.113498
0.0440102
0.104995
0.0157624
0.0438273
0.0658973
0.0668702
0.105384
0.0405374
0.0898431
0.08441
0.027277
0.165629
0.0920298
0.178369
0.0286558
0.0620551
0.0731936
0.150787
0.058081
0.0436644
0.0911728
0.0835711
0.0176408
0.0926759
0.0856972
0.203022
0.0305597
0.204786
0.052742
0.0258133
0.0900179
0.0636155
0.0259957
0.0440798
0.148905
0.071753
0.091666
0.164153
0.0353083
0.0947697
0.0854114
0.0291537
0.11789
0.0848507
0.0637052
0.0456805
0.183398
0.0850945
0.0263783
0.101626
0.0308503
0.121321
0.06386
0.107206
0.0773099
0.217289
0.105189
0.0716031
0.135081
0.184128
0.0367653
0.0604121
0.0849613
0.202522
0.0873418
0.0563593
0.161261
0.0184613
0.0945909
0.0650908
0.0496053
0.0338488
0.0417924
0.0314263
0.0491812
0.0399143
0.233066
0.0371815
0.115988
0.0409886
0.0917768
0.104944
0.107985
0.0139404
0.0436871
0.0840966
0.0259036
0.099779
0.0453675
0.0240317
0.0292517
0.130324
0.0771591
0.073824
0.0716414
0.172554
0.0199528
0.0664104
0.0593913
0.0745407
0.0720409
0.0737922
0.125938
0.0329888
0.0821492
0.0883047
0.0650048
0.0839288
0.0420291
0.0342205
0.117147
0.073439
0.0855796
0.0210972
0.062058
0.041669
0.218615
0.0488629
0.03052
0.181086
0.0367884
0.0708476
0.0967333
0.0469659
0.217969
0.0134571
0.0569201
0.0732143
0.256177
0.0699907
0.105554
0.0881365
0.0424504
0.0319346
0.0355622
0.0631919
0.112808
0.0509164
0.0744965
0.0426081
0.145152
0.240563
0.0651307
0.0738947
0.0113019
0.0527305
0.0699372
0.0486738
0.0201382
0.074717
0.0907012
0.0323843
0.335556
0.0548911
0.0688714
0.123814
0.0651451
0.126892
0.0258019
0.164385
0.0955504
0.0906365
0.190696
0.10759
0.106473
0.0296732
0.0332494
0.0575754
0.0939112
0.0530648
0.137045
0.0795715
0.0737421
0.136624
0.0273441
0.0929095
0.0476988
0.0391634
0.107676
0.0521776
0.0445243
0.0474936
0.0883401
0.0680711
0.0485712
0.14332
0.0520435
0.122668
0.0900695
0.0600461
0.0670918
0.102724
0.0702737
0.104547
0.0798984
0.191757
0.102023
0.116834
0.123395
0.0349094
0.0441391
0.0316269
0.0329324
0.0956514
0.0359939
0.0762343
0.10715
0.0836053
0.063616
0.0478574
0.0870711
0.0777912
0.0539177
0.0876927
0.0550556
0.120793
0.092241
0.0608509
0.0847104
0.0329363
0.0279536
0.089129
0.155135
0.175322
0.0355925
0.0367101
0.0634151
0.0614275
0.109326
0.0449107
0.0609319
0.173216
0.0352287
0.0595574
0.0654066
0.0365658
0.0761291
0.0824081
0.180888
0.0745935
0.0393564
0.0701534
0.0552653
0.182712
0.0568477
0.0433399
0.0630196
0.120978
0.0919219
0.12838
0.0535877
0.0552759
0.0504552
0.0832018
0.087559
0.126436
0.156912
0.110948
0.121845
0.138275
0.077837
0.0478943
0.0527184
0.164359
0.0876009
0.128988
0.0708436
0.175168
0.0467062
0.0499205
0.118763
0.10238
0.0803707
0.144962
0.0600911
0.0267416
0.103233
0.0822888
0.0418516
0.0953887
0.0679336
0.0375095
0.142784
0.0941345
0.208993
0.0372392
0.0336635
0.153688
0.0377772
0.025042
0.0681266
0.0875412
0.151685
0.045304
0.0319779
0.0336619
0.0528588
0.0810737
0.05328
0.130087
0.0826068
0.137852
0.0501541
0.0732162
0.0544387
0.039102
0.126845
0.0358502
0.0328802
0.150455
0.108073
0.10161
0.0687378
0.0394884
0.0410924
0.162775
0.123432
0.0929823
0.112888
0.0833779
0.206154
0.0419143
0.0258935
0.142535
0.0408921
0.0458955
0.0902793
0.0390112
0.125297
0.0690384
0.100302
0.0970872
0.0546293
0.0475104
0.0300273
0.148223
0.0392552
0.0706222
0.168574
0.0741531
0.100922
0.0792264
0.180834
0.050672
0.0590063
0.0293344
0.161051
0.0881198
0.12474
0.123257
0.101841
0.0399137
0.0942056
0.0273479
0.106894
0.0597905
0.0796749
0.0772008
0.06582
0.0657953
0.042422
0.0399958
0.117248
0.126769
0.0752395
0.0445691
0.198649
0.0441431
0.104414
0.0748456
0.124874
0.0349693
0.0757489
0.0826204
0.0712789
0.193866
0.0845795
0.080573
0.17981
0.107976
0.0362664
0.0451356
0.0350215
0.0314563
0.0523182
0.0237634
0.074267
0.0442833
0.0400128
0.123011
0.118283
0.0364945
0.0546459
0.0572187
0.0452355
0.132454
0.204006
0.0369837
0.0916724
0.048201
0.0413067
0.117616
0.10236
0.131142
0.0947366
0.0883629
0.0672797
0.141636
0.0732762
0.0265308
0.0301777
0.0399057
0.101014
0.114682
0.174999
0.0848023
0.161559
0.0635885
0.100351
0.0664194
0.0438439
0.0547159
0.110226
0.0253123
0.0990284
0.153815
0.0512417
0.126858
0.0939455
0.0730821
0.126599
0.11229
0.022024
0.0755092
0.135207
0.0833474
0.141352
0.0383894
0.112956
0.16182
0.166956
0.077315
0.0593489
0.0611951
0.0658065
0.0618355
0.106181
0.184384
0.0544403
0.0398899
0.0874021
0.120886
0.213835
0.0816502
0.102651
0.0949329
0.0525103
0.0656196
0.0382875
0.0448864
0.164147
0.032285
0.0296526
0.0516801
0.170776
0.0291303
0.0412892
0.110057
0.0967661
0.0922801
0.0894879
0.0780376
0.0476791
0.0104243
0.0787497
0.038789
0.0865027
0.11907
0.034659
0.0388964
0.0594335
0.0416297
0.0662887
0.0437521
0.107946
0.122577
0.0528434
0.0928869
0.0375923
0.0546857
0.0267618
0.059846
0.0509991
0.0852788
0.089922
0.0352728
0.0407734
0.096103
0.0985712
0.126704
0.171486
0.0547797
0.0571271
0.0488266
0.0920465
0.0395844
0.0853678
0.153878
0.0564823
0.036278
0.0695461
0.0133984
0.156417
0.073631
0.136758
0.0855207
0.152774
0.09742
0.108807
0.165827
0.0838987
0.0372021
0.0614551
0.111063
0.206783
0.0360963
0.112235
0.038064
0.0710726
0.0589069
0.059143
0.0937306
0.131055
0.0336578
0.099885
0.129141
0.0492832
0.058776
0.045567
0.0881803
0.15891
0.0350459
0.080358
0.163114
0.0398761
0.033358
0.0694858
0.136201
0.0830757
0.136543
0.16593
0.0773653
0.0568959
0.124323
0.046415
0.107748
0.0940536
0.163336
0.122927
0.0302707
0.104259
0.0978773
0.15968
0.106325
0.0584874
0.142147
0.0878332
0.0332917
0.125759
0.0537435
0.166063
0.0346356
0.0456517
0.101309
0.0704467
0.0922842
0.0626321
0.10757
0.0957973
0.120019
0.12073
0.11319
0.088944
0.0473403
0.0788449
0.113638
0.051373
0.167597
0.207097
0.132507
0.104562
0.0935913
0.0462565
0.139336
0.110234
0.0448151
0.0577298
0.10999
0.10208
0.149197
0.0594792
0.0463787
0.068612
0.037317
0.0820566
0.107511
0.095575
0.0360311
0.038327
0.139751
0.171141
0.073689
0.18779
0.0456962
0.0433785
0.0668744
0.0647955
0.0362933
0.0792482
0.093772
0.0426407
0.0587636
0.0606621
0.0800497
0.0533415
0.0878672
0.043261
0.0959489
0.0344516
0.0420711
0.0249092
0.0913491
0.0353874
0.0549534
0.0403313
0.0185892
0.0230847
0.0387457
0.0524743
0.0575031
0.145726
0.0401477
0.101657
0.0357503
0.117145
0.0455828
0.047973
0.0811793
0.0415132
0.0545209
0.0622559
0.0741274
0.129757
0.193429
0.143463
0.133088
0.0867083
0.0402647
0.106722
0.0457654
0.0386765
0.0359361
0.118537
0.244354
0.0459326
0.0867568
0.0797762
0.132462
0.0563471
0.0527452
0.0838077
0.0951106
0.151104
0.0556061
0.0347077
0.18063
0.051047
0.0607084
0.0943202
0.123024
0.169559
0.056296
0.133225
0.0414188
0.186451
0.142546
0.0966478
0.112997
0.0429064
0.0923758
0.0383571
0.0705839
0.0348607
0.043082
0.0781411
0.0912908
0.0701738
0.0361049
0.0377046
0.0243763
0.0954935
0.124106
0.0730881
0.0451872
0.0843488
0.0406283
0.10438
0.0791185
0.0287026
0.0470698
0.0440339
0.11345
0.0422029
0.0305967
0.0342927
0.0964213
0.107705
0.0371244
0.104405
0.0700906
0.236912
0.046421
0.0243088
0.155669
0.0424893
0.15119
0.0721249
0.0693818
0.130144
0.0417518
0.0635353
0.145664
0.102393
0.139186
0.107221
0.132344
0.0377467
0.0795731
0.0822983
0.142324
0.0998345
0.0891739
0.0830849
0.125979
0.0555126
0.111728
0.0760991
0.128142
0.0546607
0.0634978
0.115799
0.0418988
0.0778746
0.0518251
0.0655829
0.0660079
0.0574619
0.186314
0.0800188
0.089795
0.0556786
0.0345002
0.0556936
0.085635
0.0341165
0.0555843
0.0517448
0.0739233
0.119827
0.0446644
0.0912801
0.103813
0.0624218
0.0291482
0.0837235
0.156588
0.0482008
0.105497
0.0715589
0.114342
0.106442
0.0325612
0.082731
0.116709
0.0312976
0.0435748
0.0456714
0.0582073
0.133484
0.0926603
0.100697
0.0690363
0.206296
0.18227
0.0599497
0.129997
0.0629834
0.0550068
0.0654964
0.0307534
0.0623651
0.0468996
0.0338781
0.0748462
0.117677
0.0520428
0.095807
0.0350305
0.114018
0.0312172
0.0525299
0.0847979
0.5585
0.0892172
0.368386
0.205929
0.0688107
0.352396
0.0528137
0.124087
0.29203
0.0273858
0.0848764
0.10166
0.187265
0.240435
0.381802
0.105595
0.31423
0.111168
0.0822222
0.290776
0.189709
0.112658
0.236566
0.26625
0.188517
0.0371846
0.126748
0.182734
0.176192
0.228348
0.151227
0.391081
0.274357
0.104704
0.336295
0.227436
0.0134717
0.3255
0.28078
0.385509
0.354836
0.275207
0.195511
0.0607711
0.103755
0.198389
0.309396
0.0435431
0.164091
0.185567
0.208033
0.323813
0.153689
0.131516
0.2398
0.0453816
0.161335
0.0895315
0.386269
0.3332
0.183574
0.361003
0.418499
0.2333
0.370289
0.166879
0.212788
0.108525
0.0775136
0.148211
0.084677
0.298873
0.0320187
0.0679133
0.142138
0.223472
0.0599516
0.206625
0.185467
0.131037
0.129024
0.0677738
0.109241
0.325435
0.221456
0.257552
0.145397
0.118537
0.382515
0.0598039
0.153125
0.181393
0.171911
0.319519
0.214572
0.390442
0.180677
0.0489271
0.318022
0.0701974
0.0959853
0.0567438
0.373308
0.0521884
0.168507
0.0947403
0.209965
0.196652
0.222486
0.0648597
0.157007
0.164573
0.421408
0.174041
0.032596
0.136421
0.0893161
0.139928
0.111107
0.214856
0.0995699
0.0997777
0.157467
0.224371
0.264602
0.371824
0.363581
0.368416
0.148852
0.210635
0.138236
0.171784
0.15127
0.0189284
0.276648
0.146372
0.0624329
0.253548
0.0914297
0.293337
0.231708
0.202309
0.178893
0.173816
0.133772
0.345855
0.258711
0.141081
0.193889
0.179869
0.219981
0.382225
0.127056
0.0726719
0.328896
0.260607
0.138586
0.276884
0.0535797
0.122667
0.120812
0.110957
0.0928942
0.280834
0.0922029
0.0740559
0.318825
0.156837
0.352195
0.145144
0.169403
0.367314
0.0594864
0.114524
0.349433
0.246735
0.157935
0.301262
0.157117
0.0947344
0.118397
0.128021
0.249803
0.173442
0.167717
0.135178
0.208146
0.253744
0.0277164
0.179565
0.288727
0.147859
0.136244
0.214106
0.348135
0.0679173
0.0568908
0.0120969
0.306987
0.134077
0.249682
0.330442
0.259068
0.19018
0.0349321
0.0522928
0.284818
0.0427771
0.122038
0.289212
0.342547
0.182177
0.153101
0.292311
0.145667
0.402376
0.106717
0.167243
0.188616
0.0494665
0.204788
0.174698
0.0913099
0.235381
0.317952
0.308511
0.10078
0.196513
0.180494
0.0506726
0.258877
0.147355
0.296283
0.0763548
0.24971
0.140092
0.108224
0.317707
0.156516
0.142971
0.0151505
0.164651
0.0676641
0.0667809
0.267143
0.208701
0.114681
0.330815
0.146151
0.341355
0.265425
0.223764
0.340732
0.125481
0.152028
0.103869
0.224364
0.37835
0.0962682
0.241653
0.289565
0.412982
0.295499
0.0319215
0.201143
0.112474
0.190457
0.126109
0.178421
0.115037
0.200767
0.148879
0.19843
0.37654
0.177086
0.096844
0.213832
0.13135
0.0170171
0.259119
0.183675
0.301369
0.335345
0.086012
0.154273
0.0839743
0.152129
0.135988
0.0526159
0.171887
0.206174
0.0806578
0.179427
0.0592979
0.144924
0.305566
0.132025
0.152903
0.189618
0.215155
0.127881
0.247183
0.305968
0.0737512
0.113872
0.107738
0.281227
0.162531
0.234022
0.380309
0.384061
0.307336
0.042169
0.298684
0.264759
0.15279
0.0686988
0.378667
0.23608
0.0266859
0.206999
0.115317
0.356907
0.301436
0.179567
0.0601074
0.19042
0.179782
0.0255521
0.360425
0.118138
0.319321
0.203958
0.107119
0.242119
0.312218
0.239575
0.229039
0.0805975
0.338619
0.25462
0.153404
0.233745
0.00997207
0.14019
0.146756
0.113504
0.3062
0.0691953
0.154586
0.124469
0.184819
0.259936
0.219758
0.123459
0.223141
0.184943
0.292351
0.174833
0.206318
0.133468
0.0967721
0.281209
0.180205
0.105998
0.137386
0.0732878
0.242326
0.0595722
0.102384
0.175941
0.229724
0.145192
0.207584
0.296347
0.0547583
0.296263
0.187004
0.0639487
0.296879
0.257527
0.12072
0.0295549
0.110095
0.088063
0.316962
0.121848
0.156489
0.325458
0.0737606
0.0351965
0.115303
0.183597
0.157963
0.093423
0.250793
0.244705
0.0605498
0.0889704
0.0482308
0.104903
0.3221
0.255509
0.111574
0.311151
0.182303
0.135542
0.189053
0.293884
0.242991
0.248924
0.143726
0.24312
0.201792
0.0367328
0.187123
0.0841099
0.355659
0.205455
0.21832
0.1164
0.0841465
0.102658
0.204809
0.247611
0.216622
0.174704
0.343752
0.321553
0.127858
0.0854357
0.125537
0.217352
0.32492
0.126917
0.0528794
0.322457
0.292124
0.164454
0.104583
0.399404
0.0928409
0.136474
0.0740438
0.0774079
0.215597
0.1012
0.211223
0.0428556
0.18818
0.0515984
0.316579
0.127092
0.205029
0.27687
0.158757
0.138862
0.272627
0.124381
0.195232
0.256834
0.294816
0.201828
0.0980464
0.216685
0.167118
0.207439
0.247631
0.366444
0.389464
0.286661
0.143049
0.107065
0.201547
0.193519
0.0983695
0.171564
0.292508
0.0392978
0.150223
0.336951
0.0652404
0.124191
0.196306
0.177074
0.0917184
0.251089
0.293654
0.175159
0.05124
0.0246144
0.2152
0.283773
0.199976
0.164033
0.138633
0.199735
0.0490775
0.217263
0.242417
0.306669
0.0871229
0.299869
0.11284
0.113293
0.262317
0.128923
0.129704
0.143321
0.0958868
0.337062
0.262809
0.0289054
0.128256
0.11678
0.0642276
0.216777
0.410581
0.0960804
0.181761
0.193793
0.285681
0.0999029
0.106469
0.163595
0.201871
0.291603
0.093337
0.108388
0.16052
0.0472047
0.16654
0.07125
0.30568
0.391383
0.265122
0.240916
0.159511
0.410279
0.296037
0.114445
0.307329
0.140837
0.194766
0.29059
0.0451731
0.201905
0.144679
0.168355
0.218568
0.0654512
0.329555
0.269771
0.0979718
0.0222072
0.178642
0.163527
0.109864
0.16232
0.0551043
0.109123
0.143277
0.0481738
0.291848
0.0601883
0.199896
0.234737
0.229242
0.0895546
0.263106
0.10749
0.0460115
0.113761
0.300653
0.0586823
0.120532
0.135822
0.0713888
0.270729
0.360485
0.244062
0.378101
0.372866
0.150591
0.241818
0.2308
0.13834
0.163996
0.392909
0.29501
0.108179
0.30308
0.296305
0.3271
0.152054
0.244207
0.070826
0.0429054
0.334048
0.0608194
0.128488
0.122368
0.0425587
0.355935
0.230215
0.209855
0.087913
0.214165
0.215144
0.197117
0.340944
0.390787
0.223355
0.129524
0.1661
0.219175
0.0350653
0.225605
0.11357
0.189625
0.185419
0.413419
0.194797
0.0627038
0.0498962
0.0639816
0.236745
0.194645
0.132546
0.291229
