0.432672
0.238955
0.328981
0.330367
0.227219
0.297585
0.337265
0.232528
0.308236
0.285374
0.331818
0.293788
0.307934
0.297262
0.295349
0.297104
0.277085
0.220072
0.291715
0.316977
0.235541
0.433758
0.296928
0.351199
0.327444
0.249356
0.334322
0.277845
0.328458
0.405629
0.272133
0.258932
0.327772
0.384852
0.330368
0.411594
0.308999
0.267502
0.284273
0.190772
0.337471
0.327837
0.334483
0.258278
0.314702
0.382694
0.328619
0.314765
0.261973
0.414202
0.360042
0.320122
0.221041
0.233193
0.232221
0.337516
0.343796
0.424229
0.256516
0.287838
0.430057
0.364733
0.393693
0.375572
0.288524
0.309249
0.29425
0.293754
0.202103
0.334999
0.251661
0.279113
0.192059
0.377519
0.473167
0.296541
0.267661
0.334259
0.268098
0.364556
0.301272
0.354126
0.35063
0.292984
0.32971
0.269194
0.272296
0.310041
0.279534
0.266125
0.276788
0.425768
0.271236
0.306424
0.340424
0.386208
0.420685
0.30518
0.324175
0.345926
0.378277
0.268612
0.316276
0.418419
0.303163
0.335464
0.299287
0.388961
0.222392
0.279859
0.298731
0.308266
0.314027
0.348303
0.346895
0.426631
0.272885
0.311459
0.284095
0.303631
0.321632
0.301885
0.291368
0.388723
0.28004
0.300645
0.274485
0.316883
0.332158
0.29616
0.29509
0.287683
0.329029
0.379965
0.314365
0.432305
0.308717
0.321618
0.281556
0.350362
0.284704
0.335759
0.264738
0.356262
0.283181
0.32869
0.264284
0.323464
0.212027
0.322532
0.334338
0.446627
0.247875
0.405585
0.383374
0.271225
0.303398
0.319091
0.413964
0.36377
0.349816
0.383154
0.323636
0.265583
0.3115
0.29994
0.282601
0.302386
0.349545
0.337752
0.347929
0.386743
0.283182
0.282056
0.342998
0.262117
0.260906
0.355633
0.353297
0.31966
0.271599
0.305577
0.248248
0.313455
0.37283
0.261961
0.257674
0.289506
0.345733
0.219122
0.29458
0.153453
0.300534
0.285565
0.305651
0.37339
0.449471
0.361082
0.32274
0.294408
0.401782
0.323385
0.256134
0.346741
0.349766
0.349719
0.263383
0.332961
0.304305
0.38331
0.253884
0.301073
0.30115
0.269696
0.301893
0.273991
0.361869
0.451379
0.326686
0.345695
0.322208
0.427555
0.334576
0.393406
0.422793
0.43239
0.35238
0.384532
0.345816
0.293397
0.259609
0.329786
0.249767
0.342824
0.328018
0.343811
0.313174
0.350014
0.319111
0.251544
0.300718
0.287986
0.318307
0.303445
0.332487
0.310812
0.272242
0.309588
0.228517
0.361697
0.267564
0.296972
0.396184
0.287216
0.313381
0.246558
0.369225
0.411468
0.319132
0.288931
0.35262
0.316244
0.312791
0.371881
0.407177
0.256537
0.368113
0.361384
0.340296
0.358822
0.348679
0.325139
0.368882
0.245349
0.246248
0.285867
0.265148
0.405269
0.273448
0.345551
0.216261
0.302186
0.311615
0.340685
0.339536
0.378408
0.282607
0.445467
0.359566
0.269986
0.363192
0.325181
0.325837
0.224819
0.314473
0.354944
0.340934
0.233343
0.344469
0.25882
0.317694
0.234026
0.241868
0.342851
0.402363
0.278342
0.282551
0.320465
0.468496
0.287356
0.381253
0.348083
0.360747
0.296821
0.272442
0.25664
0.343148
0.329973
0.273324
0.347531
0.224819
0.212809
0.34086
0.218305
0.343259
0.270431
0.260013
0.360196
0.293835
0.229901
0.300146
0.325007
0.30334
0.267764
0.361305
0.358956
0.219705
0.264711
0.305374
0.262483
0.285049
0.396831
0.241734
0.305799
0.259529
0.267392
0.461336
0.35783
0.273798
0.266954
0.337174
0.361673
0.222295
0.323551
0.282712
0.304149
0.283108
0.239657
0.307216
0.357613
0.320082
0.27619
0.248923
0.333811
0.352501
0.177389
0.282533
0.287583
0.283453
0.328783
0.260915
0.272119
0.290632
0.341153
0.312215
0.28209
0.225484
0.409383
0.337753
0.335645
0.246573
0.263003
0.232577
0.359101
0.284443
0.37579
0.278759
0.267205
0.395318
0.319963
0.281823
0.258394
0.321543
0.307716
0.23294
0.289723
0.275185
0.32425
0.337304
0.311255
0.250233
0.326414
0.350523
0.331129
0.217673
0.245663
0.243433
0.348195
0.34702
0.324694
0.44188
0.280377
0.377686
0.392745
0.306449
0.233028
0.382025
0.240306
0.425633
0.34384
0.330522
0.336359
0.342386
0.321321
0.391259
0.31251
0.283931
0.28636
0.359831
0.351629
0.283406
0.418623
0.343779
0.305795
0.218821
0.281875
0.296342
0.283804
0.315032
0.343376
0.383935
0.349537
0.288588
0.366924
0.384975
0.33749
0.317326
0.269584
0.191507
0.292578
0.27377
0.344307
0.364712
0.335589
0.285247
0.228703
0.219758
0.243496
0.219118
0.377795
0.375339
0.310612
0.254833
0.427918
0.394054
0.258279
0.357022
0.321672
0.274153
0.24414
0.328333
0.342277
0.292609
0.278593
0.247542
0.310227
0.314327
0.320233
0.28186
0.300338
0.221264
0.33941
0.371637
0.269796
0.28634
0.316158
0.377721
0.311424
0.354465
0.348909
0.316349
0.260795
0.300876
0.318774
0.290984
0.376526
0.382391
0.418147
0.264312
0.38732
0.310941
0.535885
0.263594
0.340689
0.283663
0.288068
0.391889
0.348219
0.292709
0.21119
0.354239
0.222963
0.362882
0.366336
0.441108
0.306368
0.338044
0.376075
0.318021
0.38809
0.448217
0.367653
0.345367
0.291165
0.260615
0.383896
0.325965
0.230708
0.200541
0.271859
0.302894
0.277156
0.31967
0.352627
0.413617
0.352672
0.362743
0.37564
0.31019
0.39579
0.32704
0.451757
0.325313
0.371138
0.363535
0.276887
0.313668
0.398357
0.203775
0.287327
0.393044
0.294782
0.284611
0.24657
0.382198
0.290035
0.298244
0.422211
0.36352
0.419878
0.374297
0.317281
0.372682
0.407788
0.255803
0.42107
0.463504
0.414169
0.271747
0.251095
0.274813
0.302577
0.30618
0.262968
0.360042
0.372345
0.319809
0.378315
0.317106
0.371517
0.216395
0.257422
0.311738
0.362708
0.313332
0.354145
0.208834
0.235853
0.295894
0.390708
0.264113
0.249536
0.348198
0.298264
0.319199
0.271174
0.289954
0.290968
0.379613
0.320864
0.424295
0.29686
0.301391
0.259339
0.322208
0.290873
0.343919
0.221085
0.357958
0.389418
0.361899
0.357685
0.231643
0.317512
0.316616
0.351094
0.293406
0.233232
0.334009
0.260688
0.3273
0.428836
0.347507
0.370183
0.345929
0.296474
0.330644
0.274996
0.284201
0.203776
0.312398
0.246349
0.320241
0.353496
0.3225
0.401234
0.274262
0.245263
0.254976
0.237228
0.380778
0.204073
0.350796
0.322973
0.270519
0.226802
0.263719
0.264014
0.302634
0.200715
0.248034
0.343282
0.403815
0.305371
0.335505
0.305459
0.384035
0.233405
0.37079
0.290846
0.329186
0.282447
0.410981
0.351319
0.35718
0.360332
0.16955
0.382422
0.224511
0.345381
0.360296
0.267696
0.315317
0.217816
0.343631
0.36699
0.242286
0.198227
0.195693
0.317396
0.425765
0.340293
0.270513
0.402425
0.337924
0.298014
0.317641
0.325601
0.325238
0.357786
0.399634
0.269835
0.30972
0.325381
0.382214
0.234721
0.289258
0.232106
0.24898
0.364791
0.292507
0.367666
0.365828
0.300515
0.304486
0.365447
0.399099
0.44753
0.379276
0.407899
0.232618
0.365595
0.183659
0.239266
0.307317
0.333831
0.32378
0.29862
0.317979
0.349138
0.343521
0.325865
0.350698
0.454858
0.275439
0.247766
0.299771
0.383401
0.285082
0.379247
0.196034
0.384719
0.311194
0.254817
0.423984
0.289232
0.239343
0.258224
0.211004
0.246448
0.32636
0.385406
0.367156
0.255515
0.260282
0.289428
0.289863
0.250186
0.313924
0.252572
0.281305
0.340874
0.329558
0.372744
0.316329
0.332049
0.403737
0.231576
0.333599
0.337861
0.198123
0.234531
0.414922
0.272856
0.375046
0.336932
0.384288
0.403303
0.349155
0.272057
0.44815
0.345289
0.346973
0.432019
0.298848
0.294609
0.300994
0.359681
0.284003
0.291108
0.266674
0.186391
0.367844
0.411055
0.249623
0.360674
0.383197
0.325267
0.329509
0.309927
0.275593
0.301965
0.303053
0.243092
0.296556
0.287322
0.348101
0.27819
0.336917
0.284624
0.465994
0.283413
0.320428
0.329057
0.370591
0.356744
0.37721
0.394713
0.364095
0.297802
0.39716
0.31521
0.280144
0.421148
0.334403
0.333269
0.350034
0.348067
0.280502
0.367454
0.348049
0.315929
0.367212
0.242124
0.279864
0.215368
0.353147
0.320313
0.472875
0.255968
0.286111
0.345565
0.425621
0.302185
0.347558
0.242863
0.310534
0.349801
0.25602
0.351435
0.402376
0.367389
0.318731
0.406857
0.254813
0.291976
0.296865
0.243939
0.249979
0.284252
0.356528
0.30249
0.399488
0.364824
0.298896
0.347185
0.252804
0.291172
0.393727
0.301719
0.218914
0.260257
0.316025
0.445407
0.329201
0.36413
0.337948
0.351253
0.29432
0.412822
0.294968
0.326877
0.409207
0.294647
0.347453
0.387302
0.369122
0.346185
0.274219
0.353306
0.312628
0.319398
0.338984
0.251702
0.416621
0.211059
0.349001
0.324624
0.276257
0.406848
0.351616
0.319714
0.278794
0.41071
0.340376
0.270499
0.37666
0.433031
0.303314
0.284929
0.354174
0.26738
0.337412
0.335258
0.400908
0.359729
0.262637
0.382863
0.27635
0.421027
0.318216
0.356216
0.296755
0.32701
0.273043
0.280132
0.247095
0.30882
0.407912
0.390032
0.426098
0.407194
0.341675
0.336474
0.369692
0.352677
0.384912
0.250622
0.399063
0.22434
0.264444
0.362222
0.231757
0.214982
0.351268
0.270066
0.289678
0.311366
0.329868
0.308942
0.335761
0.344898
0.310552
0.416331
0.291251
0.320097
0.431184
0.329003
0.291391
0.270477
0.277932
0.396868
0.37805
0.386159
0.331961
0.272716
0.330864
0.321303
0.285348
0.328065
0.277793
0.396665
0.340441
0.272318
0.385475
0.265607
0.349691
0.328754
0.345617
0.286483
0.2425
0.452229
0.238838
0.31868
0.278749
0.404907
0.34112
0.318473
0.284341
0.383608
0.165596
0.371588
0.460365
0.37965
0.293736
0.46266
0.36189
0.383601
0.299792
0.303317
0.308438
0.357271
0.296038
0.286339
0.250959
0.256716
0.416538
0.280805
0.458699
0.208502
0.44009
0.585694
0.462548
0.46552
0.395341
0.411635
0.377151
0.376003
0.403707
0.446978
0.38291
0.433106
0.453372
0.479361
0.355345
0.426772
0.480549
0.446955
0.374975
0.443979
0.489179
0.437249
0.40448
0.430914
0.449873
0.423037
0.319916
0.432244
0.403042
0.436088
0.412592
0.398589
0.321759
0.423152
0.438204
0.420729
0.396173
0.448831
0.397044
0.4251
0.469242
0.418224
0.440788
0.403278
0.471216
0.448265
0.445362
0.396992
0.484774
0.394399
0.479277
0.483401
0.483034
0.446142
0.444499
0.406856
0.364299
0.365086
0.45383
0.342905
0.444267
0.39392
0.416592
0.399498
0.45868
0.425151
0.409614
0.389665
0.459417
0.43045
0.352751
0.530053
0.355654
0.315741
0.470138
0.40406
0.432373
0.383113
0.348893
0.404969
0.377858
0.482582
0.342175
0.448138
0.395783
0.42689
0.405927
0.39286
0.428158
0.409193
0.308593
0.397949
0.481492
0.435339
0.377366
0.368001
0.374561
0.38846
0.374797
0.359266
0.418432
0.346926
0.363505
0.358198
0.391936
0.408698
0.436955
0.482533
0.366559
0.452732
0.447592
0.496301
0.302075
0.326977
0.349868
0.384128
0.3088
0.380602
0.414985
0.482421
0.401758
0.382556
0.460661
0.368224
0.479805
0.412542
0.354692
0.442706
0.389799
0.359105
0.389446
0.436396
0.35577
0.344971
0.453909
0.5245
0.404686
0.38298
0.385435
0.288301
0.445579
0.2884
0.436615
0.436177
0.326029
0.455978
0.423188
0.335489
0.331467
0.382454
0.371947
0.443466
0.377853
0.321587
0.310016
0.442495
0.520247
0.336192
0.403682
0.353309
0.333865
0.309926
0.397046
0.391554
0.369766
0.369753
0.408089
0.418527
0.356127
0.401375
0.431782
0.354945
0.329598
0.380684
0.427511
0.486216
0.429941
0.458802
0.50698
0.462284
0.441798
0.443098
0.313426
0.398787
0.450124
0.424943
0.494012
0.48803
0.374087
0.36884
0.426181
0.419245
0.350368
0.437416
0.428976
0.382995
0.395658
0.43177
0.460142
0.344675
0.490077
0.408243
0.477101
0.408225
0.398821
0.392997
0.472338
0.339053
0.436104
0.38684
0.396273
0.341988
0.497009
0.359768
0.397135
0.375162
0.354761
0.333236
0.375538
0.474404
0.389931
0.497244
0.454786
0.49235
0.334128
0.444951
0.414901
0.379121
0.217219
0.363488
0.338904
0.438377
0.436043
0.449323
0.400267
0.432292
0.387674
0.435123
0.455376
0.43193
0.37627
0.418701
0.424046
0.42125
0.434763
0.400319
0.403898
0.37757
0.322791
0.495814
0.379215
0.467254
0.337778
0.428096
0.462938
0.389971
0.277449
0.387666
0.317106
0.39931
0.402702
0.466521
0.406946
0.391642
0.375549
0.383684
0.369838
0.363648
0.334494
0.504243
0.381187
0.455838
0.29971
0.382466
0.458771
0.449635
0.488574
0.413648
0.415345
0.337861
0.354011
0.510806
0.398397
0.565415
0.347726
0.43939
0.394945
0.409204
0.370548
0.391976
0.36951
0.327335
0.356357
0.505248
0.464724
0.303053
0.425252
0.385213
0.407647
0.396774
0.486563
0.399775
0.426757
0.351289
0.400868
0.367816
0.454733
0.404615
0.366165
0.49939
0.434162
0.456144
0.3924
0.457313
0.375188
0.309509
0.297323
0.475954
0.448516
0.382104
0.378222
0.430885
0.359746
0.375578
0.346611
0.413255
0.364693
0.409356
0.430848
0.411478
0.357042
0.355729
0.541648
0.477136
0.402572
0.463763
0.464083
0.438723
0.476701
0.346256
0.329669
0.329048
0.486196
0.367023
0.422617
0.469218
0.421352
0.413597
0.417594
0.359831
0.413196
0.485694
0.5213
0.378657
0.397737
0.458937
0.36113
0.355539
0.413094
0.419899
0.34243
0.387563
0.367241
0.397329
0.446886
0.382329
0.391681
0.403571
0.443249
0.430053
0.477014
0.415678
0.423559
0.418896
0.439603
0.479301
0.325825
0.417498
0.457471
0.410779
0.371391
0.335117
0.44862
0.409917
0.427156
0.382689
0.400876
0.371457
0.368208
0.400973
0.457943
0.449961
0.477062
0.380902
0.312484
0.324965
0.408436
0.460502
0.371521
0.317275
0.449439
0.388806
0.402014
0.460788
0.403896
0.391769
0.412118
0.402255
0.412123
0.438884
0.446799
0.389202
0.397625
0.411888
0.503905
0.318939
0.386756
0.408397
0.335864
0.358044
0.381785
0.410298
0.485516
0.39076
0.351474
0.3687
0.342517
0.398571
0.41368
0.372678
0.457186
0.456481
0.354823
0.430213
0.406637
0.393761
0.398832
0.470249
0.383698
0.31736
0.351677
0.3656
0.401433
0.407587
0.401506
0.295249
0.392485
0.367073
0.394808
0.413301
0.253162
0.378077
0.393713
0.36817
0.38983
0.432364
0.481518
0.430538
0.374436
0.361106
0.376324
0.32861
0.365626
0.401943
0.460735
0.362809
0.401262
0.34697
0.422296
0.375641
0.3992
0.423664
0.418352
0.474833
0.401162
0.44118
0.407509
0.450144
0.322749
0.398673
0.413763
0.38827
0.469705
0.388435
0.41903
0.368341
0.316668
0.334877
0.408265
0.397167
0.338601
0.386086
0.409317
0.392651
0.360706
0.415977
0.394488
0.412408
0.429178
0.366226
0.40944
0.372775
0.398334
0.491901
0.486279
0.455599
0.454828
0.378746
0.294039
0.445493
0.411013
0.545793
0.469112
0.474357
0.513173
0.482472
0.337645
0.431179
0.50078
0.443469
0.452857
0.432973
0.451546
0.44271
0.495057
0.495958
0.496539
0.399418
0.421292
0.344188
0.519896
0.49235
0.318161
0.506589
0.424689
0.531095
0.496941
0.50404
0.437393
0.466423
0.531577
0.547971
0.390059
0.456974
0.467474
0.41848
0.382149
0.512202
0.531625
0.553041
0.455339
0.519995
0.322745
0.341406
0.503134
0.519534
0.498825
0.535455
0.480617
0.552721
0.426076
0.503008
0.39727
0.510589
0.516396
0.362206
0.483509
0.418494
0.331325
0.403281
0.406027
0.462631
0.377965
0.332596
0.450733
0.351534
0.40526
0.32229
0.434091
0.411433
0.520935
0.411816
0.386131
0.47362
0.452811
0.534683
0.549405
0.517183
0.490061
0.404174
0.354867
0.448732
0.429006
0.433415
0.444321
0.486629
0.405895
0.516699
0.515867
0.522058
0.514554
0.392573
0.316461
0.486731
0.455025
0.484304
0.374059
0.379175
0.317509
0.486845
0.505363
0.537124
0.531831
0.495713
0.444204
0.39853
0.434009
0.43123
0.538885
0.465614
0.29328
0.485329
0.504517
0.400144
0.424063
0.431492
0.51063
0.450937
0.53171
0.498903
0.488906
0.473085
0.337231
0.490772
0.470075
0.432506
0.528153
0.471544
0.44481
0.419217
0.430313
0.521095
0.508448
0.302505
0.483346
0.521548
0.430925
0.476272
0.452163
0.333653
0.373016
0.499839
0.396388
0.525361
0.310517
0.491572
0.528185
0.445447
0.468757
0.570707
0.462397
0.453605
0.494977
0.468669
0.545988
0.434229
0.52003
0.364592
0.486381
0.486046
0.523749
0.387834
0.431053
0.519991
0.47745
0.490064
0.390393
0.51414
0.513125
0.371681
0.500471
0.461906
0.387368
0.414847
0.45239
0.353914
0.425177
0.409569
0.385969
0.515797
0.495077
0.449289
0.443777
0.410407
0.276551
0.492746
0.490533
0.464469
0.322137
0.492581
0.47124
0.510938
0.433036
0.398115
0.526278
0.208404
0.553917
0.466683
0.342028
0.262704
0.411571
0.493462
0.433929
0.429149
0.315341
0.318252
0.344588
0.447779
0.481233
0.368618
0.534338
0.421252
0.287941
0.460142
0.5105
0.431159
0.343853
0.469967
0.394963
0.359
0.499185
0.429489
0.392943
0.326757
0.543526
0.473202
0.441285
0.457139
0.437857
0.37785
0.416024
0.503001
0.410227
0.41983
0.431822
0.46814
0.450032
0.348554
0.45354
0.549665
0.396638
0.329439
0.518934
0.366466
0.479827
0.504316
0.41864
0.471685
0.362363
0.505911
0.459076
0.411223
0.543226
0.475543
0.320841
0.491236
0.417017
0.496024
0.451265
0.465753
0.526012
0.515041
0.477535
0.463872
0.449819
0.478499
0.331618
0.268374
0.439365
0.405619
0.506888
0.469987
0.327603
0.374318
0.331603
0.482862
0.408711
0.463381
0.410392
0.519479
0.464215
0.501963
0.396519
0.493303
0.509848
0.518888
0.485513
0.451991
0.272839
0.426401
0.559138
0.416326
0.533225
0.447556
0.447526
0.279431
0.403755
0.468914
0.496817
0.337049
0.369774
0.194572
0.49616
0.409337
0.383153
0.374341
0.511667
0.451586
0.320805
0.423854
0.393588
0.516647
0.490273
0.484979
0.558
0.320309
0.32052
0.46326
0.512813
0.364578
0.473814
0.534228
0.538445
0.437974
0.497399
0.494447
0.486594
0.517186
0.312715
0.479521
0.518828
0.427178
0.429475
0.419547
0.4628
0.309546
0.448202
0.470345
0.487912
0.555037
0.46432
0.336945
0.488479
0.469799
0.45984
0.404535
0.482157
0.449116
0.33049
0.460841
0.466999
0.544393
0.438057
0.526417
0.402782
0.468327
0.472082
0.53816
0.462043
0.377806
0.50212
0.547109
0.484841
0.522689
0.529585
0.484353
0.435261
0.488603
0.420837
0.329169
0.514187
0.467734
0.42241
0.47044
0.418829
0.499829
0.36668
0.489731
0.360254
0.473234
0.354244
0.532604
0.503441
0.25371
0.520363
0.542383
0.500258
0.481276
0.42294
0.500146
0.377734
0.440723
0.320861
0.367417
0.472824
0.547225
0.46223
0.455976
0.498226
0.431315
0.338881
0.440715
0.532953
0.474341
0.512871
0.518578
0.413315
0.455572
0.364007
0.524344
0.524975
0.503454
0.518599
0.472322
0.337777
0.556798
0.504397
0.542668
0.412152
0.467993
0.51376
0.471942
0.396214
0.576092
0.462815
0.470206
0.460128
0.50557
0.472232
0.468136
0.291411
0.475217
0.487959
0.542726
0.378827
0.405068
0.457943
0.406604
0.484751
0.555616
0.418309
0.527218
0.476708
0.493283
0.521381
0.503154
0.52126
0.497019
0.432844
0.458584
0.522306
0.480637
0.479586
0.499575
0.478059
0.435363
0.527628
0.459752
0.492331
0.467843
0.554493
0.506556
0.502645
0.537557
0.51365
0.397047
0.506901
0.542484
0.300374
0.420578
0.357601
0.42043
0.371441
0.311072
0.473667
0.428773
0.492123
0.436639
0.426554
0.488595
0.423719
0.561175
0.344727
0.449897
0.41356
0.491458
0.524206
0.458051
0.574573
0.393223
0.390018
0.460659
0.529799
0.604464
0.555233
0.595208
0.625111
0.46257
0.567418
0.580583
0.457029
0.282267
0.537711
0.360301
0.485498
0.573633
0.560197
0.419361
0.589771
0.572045
0.607977
0.586421
0.543352
0.572132
0.444803
0.577541
0.476791
0.561863
0.562213
0.535874
0.385414
0.453531
0.568265
0.559128
0.581976
0.575851
0.63027
0.276668
0.53601
0.608307
0.436879
0.58312
0.435631
0.478909
0.547175
0.43562
0.616403
0.581096
0.571632
0.478234
0.471717
0.596853
0.440967
0.616438
0.299598
0.592642
0.416575
0.406452
0.545429
0.479251
0.574972
0.591401
0.353905
0.453993
0.417879
0.606911
0.543787
0.583759
0.575992
0.377999
0.572641
0.265718
0.580991
0.463113
0.542527
0.568585
0.575144
0.485306
0.576469
0.503835
0.58937
0.493155
0.440057
0.59948
0.626329
0.551087
0.309726
0.408337
0.586137
0.470518
0.476771
0.521555
0.536457
0.574874
0.452546
0.57974
0.491108
0.568458
0.574156
0.451552
0.552143
0.356945
0.372307
0.331398
0.543306
0.551711
0.570801
0.541199
0.475221
0.434108
0.588823
0.597529
0.552458
0.52001
0.470655
0.579152
0.37101
0.567811
0.4886
0.569513
0.61613
0.595745
0.520729
0.442799
0.624101
0.473263
0.373102
0.57819
0.435395
0.520286
0.566139
0.429417
0.67157
0.489671
0.593581
0.464449
0.47527
0.536012
0.471461
0.590027
0.568927
0.546321
0.568647
0.450145
0.581178
0.484618
0.425175
0.361791
0.421434
0.593407
0.518549
0.519249
0.457176
0.364863
0.473934
0.594917
0.338441
0.569764
0.505479
0.52325
0.580029
0.529539
0.314298
0.572942
0.511229
0.474464
0.453968
0.559691
0.448124
0.574735
0.609922
0.408116
0.572082
0.441382
0.613963
0.556621
0.504638
0.570186
0.539524
0.312939
0.519945
0.457842
0.361446
0.558823
0.61064
0.445736
0.608273
0.49536
0.571402
0.552608
0.541513
0.442193
0.376943
0.571843
0.570179
0.509641
0.454573
0.564342
0.480445
0.575897
0.558999
0.438064
0.53524
0.577891
0.468274
0.529452
0.42102
0.459912
0.568303
0.604001
0.448155
0.298046
0.465542
0.562103
0.56791
0.559021
0.582037
0.564629
0.379257
0.410694
0.532474
0.443806
0.583201
0.401694
0.511986
0.496827
0.518765
0.54123
0.587202
0.551858
0.547824
0.556242
0.529506
0.494031
0.370825
0.466536
0.387482
0.600914
0.59996
0.599957
0.598077
0.570939
0.578315
0.542371
0.571102
0.590887
0.356921
0.596892
0.456408
0.44348
0.542748
0.41642
0.471541
0.460271
0.488717
0.530099
0.451866
0.559615
0.480026
0.612512
0.511272
0.490864
0.522036
0.571322
0.59229
0.444802
0.490303
0.558791
0.486424
0.556312
0.595509
0.392073
0.609322
0.464877
0.529021
0.502777
0.468514
0.480663
0.588397
0.522324
0.440612
0.58986
0.535958
0.565907
0.58629
0.587226
0.55995
0.602169
0.586951
0.325144
0.573383
0.500164
0.519906
0.554237
0.464745
0.490565
0.558546
0.543785
0.579834
0.574081
0.422189
0.374052
0.63856
0.636832
0.505397
0.45405
0.4706
0.468124
0.52709
0.531417
0.354642
0.397745
0.469588
0.27458
0.259367
0.550995
0.407769
0.474365
0.419777
0.464249
0.350556
0.545639
0.441458
0.43127
0.470255
0.435858
0.356046
0.527916
0.503947
0.4009
0.391739
0.40832
0.433334
0.484245
0.386726
0.414895
0.365433
0.407874
0.396909
0.431485
0.401595
0.407747
0.443008
0.352619
0.509067
0.428897
0.463104
0.380908
0.359829
0.473231
0.486972
0.25738
0.422342
0.455166
0.520857
0.315852
0.462293
0.509024
0.498623
0.471573
0.286696
0.443423
0.489492
0.330631
0.502232
0.4214
0.290426
0.0989189
0.427024
0.485932
0.476688
0.492609
0.431465
0.370194
0.542461
0.560948
0.420871
0.436933
0.448915
0.516001
0.440093
0.527284
0.436658
0.41299
0.455673
0.386439
0.475254
0.496613
0.475365
0.476535
0.418346
0.391926
0.471233
0.539522
0.387184
0.17666
0.537749
0.402158
0.467567
0.510981
0.382093
0.40748
0.426002
0.469001
0.285874
0.21386
0.420787
0.555524
0.405751
0.427383
0.455348
0.356177
0.4802
0.549785
0.487262
0.506496
0.460685
0.45994
0.485584
0.562162
0.459293
0.474564
0.499537
0.261799
0.513658
0.491467
0.524467
0.458921
0.420257
0.443797
0.48403
0.43019
0.412504
0.416117
0.507503
0.277222
0.441518
0.312277
0.461617
0.451164
0.275788
0.365756
0.437014
0.384229
0.405404
0.384977
0.527759
0.397997
0.277501
0.267776
0.523494
0.526274
0.367934
0.453334
0.503099
0.551257
0.484192
0.485425
0.533207
0.512872
0.483215
0.553318
0.377736
0.387641
0.259853
0.481493
0.306149
0.478032
0.46283
0.450798
0.496229
0.495254
0.459502
0.289386
0.447999
0.471281
0.336784
0.36615
0.417609
0.467176
0.39636
0.482766
0.397213
0.49092
0.484168
0.277316
0.37851
0.4841
0.468597
0.466532
0.450619
0.52992
0.44188
0.4256
0.359982
0.210722
0.172066
0.413436
0.446822
0.30976
0.233958
0.480512
0.440046
0.379463
0.508274
0.552378
0.475088
0.408729
0.485193
0.510369
0.446224
0.441171
0.363181
0.162208
0.529442
0.358342
0.523283
0.386184
0.50603
0.220247
0.524937
0.51641
0.542032
0.295653
0.454102
0.440518
0.315467
0.430805
0.548917
0.43422
0.459645
0.446226
0.530735
0.381071
0.360744
0.475035
0.479495
0.404052
0.444752
0.291787
0.455056
0.319209
0.47917
0.541855
0.544234
0.412704
0.302727
0.431869
0.330091
0.536704
0.235921
0.377979
0.432742
0.551132
0.468712
0.394009
0.479757
0.381419
0.386417
0.425696
0.51617
0.52831
0.37145
0.347321
0.538226
0.34225
0.274068
0.451417
0.494367
0.394363
0.412941
0.440751
0.42255
0.409041
0.464352
0.484956
0.470024
0.449825
0.446616
0.378935
0.451212
0.498468
0.368107
0.529011
0.438467
0.485182
0.524552
0.455333
0.495309
0.506643
0.438551
0.496803
0.273038
0.428326
0.502185
0.438742
0.486298
0.409967
0.425913
0.486991
0.389313
0.506558
0.391651
0.459445
0.469045
0.479057
0.26043
0.1881
0.157352
0.320308
0.365831
0.147736
0.263938
0.23523
0.15563
0.4129
0.296798
0.294286
0.254172
0.403939
0.388214
0.146376
0.1288
0.410947
0.151954
0.335669
0.296472
0.402547
0.422824
0.433891
0.366389
0.256405
0.387115
0.144551
0.323101
0.21422
0.291804
0.156559
0.421418
0.236516
0.448996
0.382497
0.373361
0.261023
0.333917
0.241055
0.222964
0.262857
0.269267
0.425157
0.441496
0.41394
0.214522
0.255317
0.304017
0.300376
0.305589
0.255827
0.149011
0.203652
0.353772
0.274795
0.137467
0.412427
0.105486
0.416598
0.210725
0.433339
0.330153
0.191313
0.398643
0.416623
0.368056
0.345029
0.39011
0.18788
0.220708
0.216298
0.313217
0.340473
0.259661
0.362437
0.306985
0.427837
0.303924
0.350525
0.452667
0.297118
0.259621
0.250328
0.425352
0.361671
0.369072
0.169791
0.42125
0.193293
0.274477
0.337345
0.438008
0.307374
0.348488
0.26398
0.362016
0.181622
0.290117
0.180571
0.181881
0.215609
0.364147
0.256169
0.361669
0.230627
0.146315
0.40728
0.240517
0.29752
0.34901
0.319842
0.330098
0.258011
0.309254
0.250257
0.284185
0.356647
0.149406
0.310902
0.197553
0.201437
0.376262
0.238578
0.344709
0.277154
0.177
0.295895
0.302899
0.232188
0.314873
0.298349
0.367279
0.400281
0.177601
0.363825
0.26079
0.357871
0.335908
0.270323
0.358261
0.114556
0.236862
0.245859
0.330998
0.301079
0.370452
0.13988
0.365
0.349445
0.325431
0.293058
0.162926
0.187978
0.305542
0.25519
0.11344
0.295204
0.131762
0.240323
0.375508
0.274992
0.373349
0.276477
0.335736
0.233549
0.262845
0.277511
0.395458
0.382964
0.271229
0.37697
0.126904
0.222947
0.287392
0.225565
0.256067
0.357363
0.261389
0.291642
0.353728
0.242145
0.406138
0.319618
0.337072
0.240361
0.198705
0.369097
0.136474
0.122557
0.296889
0.185552
0.135826
0.239346
0.352672
0.211579
0.145046
0.294926
0.397734
0.22526
0.320486
0.38273
0.442196
0.242103
0.258955
0.296708
0.27318
0.336481
0.124438
0.438474
0.297694
0.422273
0.382331
0.305859
0.333374
0.310869
0.299968
0.208395
0.217218
0.404278
0.23951
0.233674
0.1902
0.369395
0.439267
0.287956
0.377012
0.325337
0.387579
0.26543
0.314677
0.401634
0.161908
0.219411
0.415315
0.201919
0.336568
0.360946
0.257619
0.366994
0.309821
0.154284
0.153689
0.365755
0.322671
0.287418
0.281828
0.32426
0.429544
0.276793
0.33401
0.172207
0.247098
0.29386
0.260059
0.342888
0.277264
0.368127
0.194059
0.330661
0.370784
0.315852
0.429425
0.276021
0.134167
0.246044
0.310436
0.320173
0.337218
0.289171
0.29725
0.23593
0.262829
0.307797
0.298581
0.281869
0.278204
0.430211
0.301968
0.363679
0.231613
0.362363
0.437143
0.294162
0.39731
0.39984
0.26283
0.249119
0.13861
0.262407
0.285199
0.311115
0.363623
0.238112
0.143955
0.31535
0.246808
0.360285
0.122397
0.145181
0.543553
0.549275
0.562765
0.49732
0.46801
0.502154
0.548921
0.53688
0.524762
0.52623
0.513144
0.192104
0.513283
0.413308
0.538982
0.485809
0.540367
0.44056
0.538726
0.492416
0.218939
0.502251
0.443369
0.565728
0.500598
0.497411
0.432425
0.546937
0.44225
0.555281
0.57478
0.578088
0.54786
0.3667
0.463491
0.521707
0.577346
0.538208
0.526772
0.572058
0.464003
0.464003
0.524796
0.481439
0.250584
0.536998
0.485917
0.489518
0.508504
0.42617
0.512599
0.530399
0.521527
0.450731
0.517601
0.398901
0.530446
0.550631
0.447855
0.508504
0.145781
0.488001
0.407233
0.364385
0.46226
0.227844
0.462602
0.439595
0.408005
0.494559
0.533494
0.510305
0.442403
0.507996
0.52039
0.533697
0.52039
0.467858
0.431824
0.533405
0.479268
0.457455
0.521857
0.516943
0.448605
0.528786
0.442974
0.542102
0.326082
0.397706
0.470488
0.409549
0.487476
0.509492
0.463232
0.516827
0.536321
0.473883
0.204973
0.461183
0.571861
0.433111
0.535361
0.475115
0.526542
0.502769
0.512446
0.609626
0.501938
0.366193
0.481074
0.523329
0.462978
0.526117
0.479268
0.531906
0.438746
0.557008
0.41729
0.540155
0.500723
0.263755
0.456684
0.510193
0.340346
0.24042
0.306984
0.489294
0.455426
0.490274
0.524159
0.570587
0.498007
0.427915
0.563486
0.494871
0.47513
0.555969
0.523657
0.510193
0.502251
0.539948
0.517601
0.546512
0.491762
0.494872
0.449345
0.528786
0.532621
0.582247
0.540367
0.551731
0.556284
0.363043
0.209341
0.517437
0.507848
0.444492
0.539976
0.409406
0.569753
0.438213
0.528957
0.526542
0.551341
0.510157
0.524796
0.498154
0.537534
0.209341
0.567112
0.472532
0.536668
0.536703
0.402538
0.457378
0.463837
0.489908
0.625583
0.326082
0.606293
0.535361
0.575187
0.326485
0.509094
0.508637
0.556497
0.519721
0.511862
0.520682
0.51867
0.542428
0.529293
0.540356
0.541868
0.506779
0.501477
0.435393
0.437224
0.572614
0.486253
0.573257
0.281411
0.455936
0.221824
0.421164
0.470149
0.534053
0.481501
0.450361
0.511683
0.445855
0.571516
0.473751
0.508067
0.536537
0.567985
0.497736
0.497233
0.367226
0.537065
0.53167
0.528957
0.459837
0.570385
0.541747
0.487476
0.53942
0.49728
0.442974
0.612756
0.528904
0.521539
0.443434
0.23114
0.338614
0.294791
0.4625
0.408514
0.49728
0.394999
0.542102
0.538885
0.541068
0.468948
0.532271
0.5679
0.46799
0.353258
0.258407
0.538911
0.50622
0.449866
0.535995
0.507996
0.488063
0.455726
0.535995
0.505081
0.509402
0.518224
0.563794
0.432818
0.55995
0.534696
0.454297
0.543557
0.581021
0.439595
0.506345
0.500435
0.487473
0.44817
0.512344
0.52623
0.489297
0.604245
0.472201
0.533405
0.545667
0.494872
0.415528
0.538885
0.524421
0.589896
0.458389
0.549617
0.518224
0.453974
0.56897
0.463845
0.204973
0.541683
0.513704
0.477415
0.509402
0.591172
0.455154
0.40533
0.221824
0.41377
0.318983
0.0908052
0.113316
0.158478
0.115782
0.0620748
0.109676
0.113908
0.10218
0.0697376
0.114266
0.168316
0.148045
0.0555016
0.100573
0.12126
0.0518276
0.182849
0.0788214
0.168545
0.0837788
0.126337
0.0749613
0.153897
0.136482
0.0779219
0.0894468
0.101756
0.117975
0.0936074
0.120574
0.0689126
0.0698341
0.118718
0.0548512
0.0703035
0.0972421
0.181626
0.0825919
0.159018
0.0335216
0.0406411
0.0821864
0.0633381
0.0945094
0.0828776
0.0764453
0.121717
0.119178
0.0889944
0.0941626
0.089686
0.137114
0.0734552
0.130675
0.0478732
0.0534654
0.0533652
0.0987392
0.114992
0.121725
0.0787126
0.120101
0.0608077
0.107589
0.0859683
0.0774769
0.163754
0.122257
0.18721
0.0873429
0.127027
0.135493
0.11101
0.16449
0.0860644
0.212339
0.162617
0.118651
0.103939
0.144416
0.0630896
0.187141
0.100381
0.0928448
0.154952
0.141763
0.0540541
0.170753
0.0964325
0.125825
0.0815376
0.0680577
0.100041
0.134606
0.115217
0.0602396
0.114773
0.100744
0.07335
0.0928528
0.097402
0.0722881
0.147045
0.124697
0.0589605
0.106788
0.134565
0.077025
0.139868
0.0676385
0.139608
0.0793491
0.0815509
0.0959022
0.0288614
0.0695643
0.125871
0.116828
0.158511
0.1366
0.0903962
0.142962
0.0498296
0.0457637
0.0778766
0.0272153
0.260898
0.0726977
0.160596
0.0736341
0.0637031
0.157475
0.143803
0.0976312
0.09809
0.132951
0.124021
0.149143
0.117972
0.146218
0.053719
0.0862623
0.175482
0.0723179
0.136092
0.09232
0.128142
0.0487855
0.0895528
0.0596819
0.0616962
0.0855293
0.120973
0.191949
0.0612135
0.105522
0.150176
0.102711
0.12482
0.125229
0.126944
0.177131
0.112707
0.0620801
0.0692292
0.13488
0.107933
0.163768
0.0368922
0.137139
0.0473708
0.0801094
0.211156
0.12979
0.136299
0.089763
0.0790823
0.0538035
0.130002
0.061805
0.0403935
0.129917
0.0772006
0.0585058
0.13319
0.0958905
0.0745725
0.0783918
0.085097
0.0976245
0.149597
0.081326
0.162459
0.156204
0.087068
0.0955793
0.0741155
0.132937
0.06645
0.0744752
0.0837099
0.0786389
0.152136
0.02224
0.115801
0.0593762
0.0220202
0.0625435
0.0685793
0.139665
0.0446258
0.143051
0.125739
0.130164
0.215626
0.0638031
0.0435858
0.162165
0.0965456
0.0931007
0.0550247
0.104822
0.0546702
0.102706
0.123168
0.0952788
0.152677
0.160814
0.0381757
0.129026
0.136367
0.13229
0.145046
0.0813388
0.0813891
0.139646
0.121387
0.174217
0.0931322
0.126099
0.0550895
0.0789313
0.0584095
0.233981
0.106748
0.060393
0.122652
0.151262
0.118899
0.112533
0.0959079
0.0574394
0.104118
0.0658365
0.0833329
0.157304
0.178467
0.142243
0.0875199
0.150074
0.156599
0.060397
0.201647
0.152519
0.153707
0.0240686
0.167009
0.122183
0.130236
0.115981
0.0785972
0.101416
0.0666237
0.129465
0.0888756
0.0911414
0.0714281
0.0756914
0.0965606
0.0629226
0.177364
0.0381885
0.0754331
0.0964648
0.113487
0.0919861
0.0605816
0.147449
0.108341
0.124143
0.128439
0.0716053
0.0915207
0.125411
0.153088
0.121011
0.104361
0.0829315
0.157497
0.105136
0.0732332
0.0946637
0.0884794
0.106681
0.0517375
0.0810236
0.0991631
0.0654407
0.0889319
0.129169
0.118376
0.0562019
0.100163
0.0414617
0.183736
0.140452
0.14776
0.0877373
0.124405
0.11648
0.0698903
0.0708283
0.125447
0.10718
0.0986532
0.0912503
0.0645867
0.108243
0.110145
0.110638
0.0509186
0.0463763
0.0523357
0.0774685
0.0634155
0.123046
0.0693123
0.16157
0.0940911
0.0497308
0.123735
0.064863
0.198292
0.135549
0.159145
0.0385713
0.127943
0.138474
0.153553
0.0897565
0.114413
0.0978053
0.12179
0.130746
0.0927228
0.218577
0.0524307
0.171669
0.139101
0.0327524
0.045596
0.0868842
0.142508
0.0399993
0.102109
0.064411
0.171182
0.0440608
0.0777211
0.0787852
0.158254
0.14132
0.0545299
0.123603
0.109462
0.0996092
0.0686892
0.0328545
0.0542774
0.141967
0.105418
0.0566213
0.0884126
0.189835
0.153192
0.0998945
0.112041
0.0984894
0.0927131
0.0868771
0.17293
0.0845182
0.168196
0.072415
0.0940155
0.152517
0.0681805
0.0924169
0.0355595
0.0652258
0.0759466
0.0725525
0.0602868
0.144067
0.0720883
0.0720809
0.107841
0.143041
0.100656
0.120603
0.0962108
0.0583353
0.110523
0.112578
0.0241493
0.113522
0.0962219
0.144241
0.0992288
0.122369
0.0580697
0.0655862
0.0866275
0.0941714
0.0518043
0.180168
0.0893278
0.241364
0.0999272
0.0784034
0.116948
0.186826
0.0561141
0.130564
0.0881025
0.127625
0.045199
0.167981
0.0589837
0.0826136
0.128063
0.0954784
0.0954479
0.0705086
0.0349664
0.0759465
0.0774085
0.0435176
0.104514
0.113892
0.103548
0.0864096
0.105262
0.15678
0.105219
0.0885564
0.183972
0.0338922
0.0796307
0.067003
0.129091
0.0968201
0.0493462
0.126049
0.0961381
0.0584128
0.202861
0.130362
0.117295
0.0811722
0.0660855
0.127663
0.0828894
0.0839124
0.188204
0.10888
0.095283
0.136837
0.144634
0.131147
0.121765
0.0573878
0.0414145
0.160458
0.107955
0.0428827
0.164424
0.0701846
0.160107
0.10985
0.136283
0.140709
0.155706
0.0542095
0.147566
0.100566
0.0864557
0.047033
0.138059
0.112364
0.0811222
0.116993
0.0776339
0.0873306
0.0942165
0.118035
0.0729075
0.175991
0.11265
0.200707
0.121939
0.142633
0.124255
0.117553
0.0533556
0.0552192
0.118347
0.0641846
0.0490035
0.088248
0.0983748
0.100536
0.126723
0.114735
0.223306
0.105135
0.0705858
0.13078
0.148941
0.204898
0.118625
0.127913
0.0777958
0.0757873
0.171091
0.0682172
0.132213
0.0852472
0.124728
0.0998696
0.0902641
0.0702125
0.0736524
0.13093
0.101963
0.058316
0.0886063
0.041721
0.150133
0.140339
0.0627081
0.137219
0.0494997
0.116011
0.143117
0.160686
0.0699539
0.0600304
0.0820064
0.0774457
0.0349311
0.112895
0.0900565
0.0772153
0.115958
0.15362
0.130627
0.137869
0.0936507
0.0713891
0.140489
0.136123
0.0469034
0.153147
0.202856
0.101959
0.0591206
0.113013
0.0718213
0.111481
0.0777878
0.151733
0.0911083
0.0702015
0.084815
0.0798012
0.106474
0.109155
0.122623
0.121905
0.106597
0.0866257
0.0541997
0.0782665
0.173067
0.079798
0.153562
0.107886
0.052128
0.117245
0.0739591
0.0782403
0.0912108
0.127236
0.0608778
0.106382
0.084344
0.112254
0.162446
0.0960517
0.118692
0.054631
0.0474825
0.0573032
0.0437735
0.0699359
0.178693
0.12683
0.0746412
0.100554
0.15019
0.209424
0.039276
0.164563
0.107591
0.0712855
0.11701
0.11127
0.0930455
0.13926
0.107254
0.0344017
0.0811697
0.0752139
0.0416481
0.168329
0.0815353
0.0450867
0.100237
0.0928637
0.0364655
0.0359808
0.0705408
0.0798628
0.0586043
0.0954748
0.15915
0.0610402
0.163541
0.126154
0.0977511
0.0709838
0.145495
0.093412
0.0591483
0.11485
0.126291
0.0560107
0.0411882
0.149275
0.124412
0.14756
0.074051
0.0674446
0.153793
0.0636661
0.041556
0.104905
0.092293
0.0403815
0.074104
0.0842884
0.229414
0.0636905
0.21598
0.0587317
0.107896
0.0569762
0.0649331
0.0477844
0.0647941
0.0706484
0.0992712
0.178502
0.132053
0.5521
0.121542
0.427993
0.15006
0.346082
0.191337
0.146285
0.461516
0.178352
0.243296
0.420756
0.0974682
0.210548
0.100813
0.317888
0.320356
0.166729
0.163834
0.0907405
0.167011
0.0850911
0.428143
0.0626618
0.123673
0.157268
0.0450363
0.151671
0.0709448
0.326139
0.473493
0.0723767
0.2767
0.420384
0.335672
0.134812
0.270309
0.296315
0.311612
0.211721
0.262984
0.0661837
0.0812946
0.195894
0.155258
0.241303
0.481658
0.323622
0.202536
0.348031
0.271909
0.14548
0.208793
0.156576
0.347185
0.167299
0.182277
0.205218
0.259541
0.235314
0.156196
0.205778
0.166674
0.202997
0.157939
0.0851761
0.195423
0.45771
0.327575
0.316352
0.11983
0.174347
0.159544
0.156917
0.288976
0.201207
0.310654
0.100289
0.294945
0.270279
0.141232
0.130893
0.171502
0.0885201
0.428966
0.181697
0.0715222
0.168561
0.123965
0.425807
0.403404
0.152355
0.117351
0.256268
0.0591429
0.201575
0.424779
0.16943
0.222845
0.282002
0.0651354
0.0491419
0.291949
0.198309
0.200256
0.0444975
0.281155
0.134464
0.205439
0.410807
0.192487
0.129152
0.108197
0.312768
0.346426
0.148133
0.205152
0.246635
0.195076
0.359239
0.215861
0.0623336
0.0392878
0.33447
0.39707
0.150151
0.162637
0.128912
0.127206
0.462159
0.20615
0.0710741
0.0871144
0.167203
0.197127
0.240407
0.0695906
0.134117
0.44329
0.218492
0.433189
0.0760619
0.5016
0.289115
0.393609
0.186461
0.253218
0.372608
0.283934
0.1639
0.172312
0.431099
0.181063
0.3845
0.250034
0.219088
0.334076
0.0667522
0.452269
0.363473
0.127657
0.108714
0.127407
0.163232
0.0413465
0.0846636
0.177579
0.500783
0.202208
0.136103
0.0827131
0.235168
0.109241
0.159208
0.432787
0.104717
0.168691
0.351088
0.0310981
0.104676
0.106781
0.269817
0.0779452
0.254795
0.329759
0.284907
0.342433
0.235424
0.321864
0.257871
0.164745
0.372228
0.0817196
0.0865037
0.0920325
0.23161
0.286893
0.184375
0.404639
0.0826496
0.198441
0.253009
0.271402
0.0779347
0.259482
0.197408
0.0396249
0.355517
0.167266
0.178182
0.0785881
0.465096
0.106504
0.149791
0.348908
0.180537
0.139383
0.117389
0.0862384
0.213408
0.146575
0.107322
0.405094
0.196829
0.460479
0.229864
0.22703
0.208153
0.146285
0.214229
0.104056
0.136415
0.103103
0.213025
0.384326
0.0634078
0.47642
0.0770622
0.116259
0.353567
0.375784
0.157973
0.232883
0.264175
0.163381
0.342032
0.284717
0.384644
0.174443
0.334196
0.241635
0.496086
0.456939
0.0993346
0.116227
0.244628
0.44684
0.328211
0.435338
0.256886
0.0563008
0.255065
0.105914
0.178898
0.46317
0.14583
0.250446
0.276568
0.0556927
0.361538
0.306537
0.13733
0.178005
0.33045
0.378527
0.115334
0.186324
0.382831
0.143771
0.235663
0.361369
0.138708
0.474516
0.170983
0.366258
0.202957
0.224333
0.0826379
0.283849
0.362484
0.124047
0.248002
0.0325603
0.131049
0.0327974
0.0605885
0.0679296
0.119899
0.137172
0.146743
0.430315
0.0799691
0.0989576
0.186788
0.119833
0.0544111
0.0528662
0.340816
0.0807815
0.247614
0.132647
0.180284
0.0888426
0.16576
0.152885
0.476401
0.0573628
0.338367
0.247164
0.368639
0.0962633
0.0509695
0.200256
0.0968335
0.114548
0.181859
0.180648
0.313396
0.0498338
0.199674
0.173665
0.206201
0.233909
0.209486
0.192356
0.236176
0.392978
0.5101
0.140978
0.125277
0.210889
0.420583
0.406998
0.143558
0.275966
0.05841
0.0486161
0.151079
0.293101
0.424261
0.4356
0.140022
0.167764
0.0636532
0.116442
0.363938
0.265075
0.497957
0.0969628
0.273444
0.198728
0.153557
0.0805901
0.234565
0.0515328
0.47792
0.455969
0.257803
0.383177
0.095338
0.303145
0.271056
0.183706
0.300253
0.460895
0.444498
0.106135
0.202515
0.280986
0.397746
0.168269
0.0778285
0.050789
0.134384
0.429504
0.108116
0.368682
0.21126
0.088967
0.128129
0.18836
0.305917
0.11658
0.191688
0.205953
0.197074
0.223494
0.0689591
0.134355
0.157864
0.0490462
0.239355
0.255218
0.219396
0.0847449
0.201517
0.134898
0.286346
0.0608639
0.183384
0.118812
0.0724759
0.0547629
0.235109
0.0719276
0.0955214
0.38321
0.214386
0.224907
0.361599
0.0919881
0.194098
0.160941
0.32592
0.146999
0.304093
0.457843
0.089539
0.0433764
0.271669
0.149258
0.150458
0.216493
0.477252
0.0312821
0.252033
0.429072
0.220625
0.253611
0.321538
0.0963123
0.135462
0.506533
0.395265
0.118924
0.176036
0.463092
0.160152
0.338976
0.164003
0.0478088
0.417342
0.0732153
0.0810752
0.0719225
0.300771
0.129273
0.196127
0.286888
0.12559
0.0650767
0.0667258
0.332733
0.244351
0.092402
0.228439
0.287626
0.24296
0.345613
0.241595
0.030524
0.182525
0.144716
0.129337
0.169626
0.320947
0.0489069
0.135451
0.0739735
0.128413
0.191348
0.27309
0.139941
0.435045
0.364915
0.240135
0.057342
0.145058
0.307746
0.351653
0.115951
0.223691
0.376654
0.242043
0.197167
0.0879424
0.107791
0.207327
0.184877
0.124982
0.380923
0.0844646
0.284129
0.29889
0.0977799
0.142297
0.27281
0.186494
0.109704
0.168761
0.402286
0.0675798
0.235863
0.145125
0.26367
0.227496
0.170479
0.287862
0.198076
0.310995
0.170722
0.103995
0.423449
0.190985
0.0950495
0.150608
0.182388
0.109084
0.406128
0.207683
0.343922
0.153251
0.294021
0.136984
0.08469
0.237968
0.230923
0.253229
0.150729
0.101916
0.361051
0.191053
0.153403
0.0595836
0.170304
0.138571
0.227544
0.377929
0.0763254
0.0496845
0.398535
0.378542
0.197381
0.207947
0.0502236
0.1235
0.134147
0.194432
0.310565
0.389059
0.224501
0.115662
0.264386
0.0802401
0.211314
0.249765
0.209424
0.43688
0.0482183
0.372342
0.0936161
0.110226
0.176587
0.111721
0.431636
0.482924
0.148551
0.394544
0.0588441
0.46851
0.0957652
0.267995
0.152881
0.44241
0.398631
0.197149
0.127059
0.143856
0.184679
0.210535
0.363759
0.160527
0.297399
0.150671
0.177174
0.301222
0.130968
0.170433
0.431805
0.437412
0.398773
0.306444
0.418493
0.428256
0.163017
0.174713
0.195022
0.0691124
0.0516986
0.263144
0.0416312
0.307305
0.485261
0.193642
0.207344
0.436763
0.386662
0.091138
0.267803
0.337227
0.108353
0.423941
0.307646
0.233176
0.239894
0.208569
0.143202
0.16211
0.168828
0.201577
0.362099
0.297809
0.218976
0.103921
0.184645
0.163337
0.146533
0.174632
0.08298
0.125896
0.308185
0.340046
0.122841
0.438613
0.20008
0.148472
0.0731972
0.153167
0.435621
0.0832529
0.226216
0.271203
0.144365
0.388106
0.334659
0.563433
0.176991
0.404585
0.190773
0.133202
0.287938
0.172467
0.176705
0.0915044
0.116868
0.398736
0.0619097
0.0577765
0.270184
0.199412
0.209289
0.172252
0.105602
0.0933435
0.0357629
0.24557
0.226449
0.172431
0.092538
0.228274
0.354928
0.265813
0.130665
0.397326
0.135687
0.193901
0.0706685
0.178262
0.175231
0.0875237
0.107399
0.193253
0.247996
0.262009
0.101049
0.300254
0.312515
0.114872
0.110253
0.167568
0.27253
0.429083
0.204816
0.0604446
0.148936
0.200389
0.147842
0.0861286
0.278855
0.097817
0.321239
0.105111
0.102164
0.214603
0.231638
0.0862614
0.271053
0.110139
0.24206
0.290246
0.282886
0.167149
0.14239
0.301674
0.246519
0.202271
0.291192
0.0903453
0.125331
0.354993
0.263628
0.249164
0.120572
0.155921
0.200332
0.112179
0.181158
0.15819
0.212588
0.15492
0.215517
0.214648
0.298003
0.142923
0.260629
0.164093
0.268642
0.0384195
0.180302
0.370691
0.290685
0.293856
0.140273
0.266774
0.147022
0.150915
0.0946068
0.154501
0.245611
0.266427
0.278194
0.143087
0.225828
0.15668
0.153673
0.147098
0.159043
0.0903875
0.414431
0.40337
0.196138
0.11626
0.198692
0.0965657
0.249442
0.194764
0.23294
0.115465
0.135453
0.184741
0.201019
0.438507
0.161762
0.128063
0.0705376
0.371628
0.166209
0.1931
0.166789
0.0658863
0.0743434
0.256587
0.0601775
0.171976
0.26038
0.183807
0.230889
0.184611
0.106485
0.259067
0.176948
0.243475
0.263435
0.247446
0.336098
0.18001
0.2289
0.249044
0.384017
0.131285
0.156701
0.0910093
0.104505
0.11623
0.105368
0.127582
0.100177
0.0706343
0.2543
0.048019
0.285818
0.213572
0.0714613
0.15042
0.0942253
0.243712
0.108715
0.272435
0.189569
0.186474
0.402686
0.213283
0.246042
0.208494
0.171521
0.193032
0.166155
0.179325
0.10185
0.121491
0.37762
0.145745
0.169845
0.156439
0.38295
0.341486
0.150196
0.117933
0.273944
0.0999503
0.14804
0.0939978
0.0446918
0.304983
0.210725
0.242786
0.268469
0.213224
0.112164
0.104982
0.13363
0.152379
0.253784
0.354013
0.334501
0.111899
0.0840636
0.110598
0.164317
0.155419
0.115326
0.0864862
0.289629
0.0553409
0.216628
0.348615
0.119236
0.305599
0.0895284
0.117796
0.295574
0.232594
0.0250846
0.0976338
0.364427
0.223882
0.120868
0.128818
0.326135
0.244702
0.0971011
0.193944
0.169841
0.22533
0.172031
0.389881
0.250067
0.325694
0.150876
0.107424
0.0776734
0.182455
0.145208
0.182213
0.129943
0.191615
0.102284
0.109314
0.109403
0.327114
0.331912
0.102593
0.125449
0.108653
0.275284
0.211921
0.334489
0.0623971
0.095231
0.0989194
0.244612
0.249551
0.23006
0.210787
0.0783577
0.243848
0.172258
0.226895
0.0544388
0.156045
0.312113
0.097326
0.110396
0.362455
0.0568464
0.230763
0.093437
0.126841
0.0841745
0.202814
0.0906596
0.151767
0.129791
0.27843
0.228072
0.24157
0.206479
0.0768826
0.218713
0.0501234
0.169251
0.398401
0.232302
0.215036
0.0979124
0.358898
0.0805219
0.164836
0.129643
0.174627
0.260299
0.248652
0.0817145
0.142105
0.232078
0.0741412
0.0607663
0.140375
0.139345
0.0896572
0.148276
0.136673
0.388613
0.108258
0.0576387
0.279898
0.166306
0.2844
0.27668
0.416151
0.0583317
0.419471
0.285902
0.0407632
0.121407
0.0775792
0.19523
0.210448
0.359346
0.097491
0.0864316
0.171717
0.352521
0.169131
0.209755
0.026846
0.136473
0.119649
0.0839645
0.145087
0.0839235
0.228178
0.190891
0.315152
0.221813
0.219792
0.0615818
0.155454
0.10021
0.277632
0.170864
0.158058
0.417305
0.227372
0.248843
0.372053
0.120366
0.262354
0.106191
0.168419
0.229595
0.0444261
0.0947279
0.177105
0.224822
0.244351
0.101547
0.19702
0.0625502
0.240492
0.219836
0.195277
0.153966
0.235589
0.150167
0.104613
0.281518
0.224286
0.0712216
0.271865
0.226974
0.148872
0.308332
0.341144
0.20219
0.231941
0.226722
0.332458
0.369333
0.269068
0.0834269
0.232152
0.053608
0.147781
0.181196
0.132418
0.224209
0.19981
0.0939701
0.0758706
0.217294
0.259127
0.328839
0.072245
0.1554
0.166241
0.0688645
0.267937
0.189112
0.278721
0.0989556
0.0843808
0.194862
0.154934
0.0864671
0.201865
0.244648
0.303295
0.155284
0.064601
0.126864
0.0839944
0.144762
0.400366
0.275026
0.070646
0.24311
0.135388
0.10254
0.29914
0.219771
0.276214
0.396411
0.110868
0.0640198
0.0970323
0.0741551
0.0916773
0.17994
0.0950144
0.189389
0.151283
0.156578
0.322984
0.265208
0.128673
0.266358
0.150849
0.0396556
0.164862
0.374539
0.343009
0.110171
0.122061
0.2092
0.257613
0.173165
0.103674
0.13433
0.225117
0.393185
0.225155
0.217663
0.142096
0.317129
0.153811
0.0714297
0.233787
0.133762
0.190674
0.0780681
0.166973
0.229108
0.293007
0.14977
0.167084
0.0782553
0.178253
0.0778078
0.164066
0.190481
0.250604
0.120611
0.138399
0.0782167
0.163257
0.166793
0.206842
0.195328
0.422302
0.234423
0.230989
0.29537
0.176653
0.150726
0.0999164
0.333238
0.0977461
0.192972
0.239819
0.166158
0.289095
0.0956911
0.290754
0.20859
0.121604
0.132667
0.185979
0.0753626
0.291092
0.0942254
0.277093
0.11163
0.0848219
0.121738
0.238056
0.13599
0.159082
0.185823
0.269348
0.236054
0.312206
0.359697
0.139461
0.177685
0.285831
0.284617
0.120665
0.232084
0.340349
0.170518
0.175738
0.17781
0.210282
0.133203
0.254764
0.157213
0.125357
0.227733
0.154442
0.225622
0.130696
0.0940291
0.428394
0.149715
0.165648
0.0873302
0.377252
0.199619
0.323204
0.340844
0.0691815
0.126825
0.203741
0.347798
0.11735
0.119189
0.256931
0.192619
0.0763857
0.188921
0.0814832
0.12545
0.22058
0.396658
0.119601
0.300096
0.0909684
0.130929
0.109354
0.298523
0.0870254
0.140624
0.129588
0.120726
0.241028
0.180779
0.0515723
0.0692588
0.114549
0.217585
0.27153
0.212189
0.221091
0.150949
0.0769264
0.105912
0.0699565
0.12094
0.241237
0.177759
0.152963
0.165188
0.184492
0.245924
0.0978264
0.238847
0.229977
0.263752
0.0959825
0.153748
0.221445
0.132974
0.201276
0.251401
0.186071
0.25066
0.174078
0.336553
0.124964
0.166605
0.136392
0.375096
0.283604
0.173655
0.215764
0.277652
0.116631
0.307456
0.104561
0.195294
0.169699
0.157976
0.127146
0.129949
0.186208
0.180751
0.302616
0.22145
0.0672343
0.173776
0.242228
0.11379
0.20901
0.166238
0.177181
0.326525
0.15458
0.218085
0.118752
0.12286
0.334175
0.285744
0.0462198
0.0757195
0.250865
0.0497799
0.178849
0.146335
0.143583
0.325931
0.245608
0.256663
0.3515
0.168351
0.334517
0.226685
0.0895625
0.118529
0.120848
0.158029
0.406654
0.0482982
0.107572
0.0874288
0.349127
0.148201
0.177593
0.212274
0.0549589
0.316999
0.432672
0.179167
0.197189
0.163686
0.0837952
0.0392238
0.305171
0.253591
0.0831092
0.0924855
0.0867501
0.150633
0.292738
0.256965
0.203065
0.125735
0.260613
0.264669
0.116758
0.0875518
0.161763
0.195105
0.119951
0.164012
0.104084
0.208027
0.0871366
0.120584
0.119033
0.179931
0.110031
0.143012
0.130783
0.139235
0.22552
0.175387
0.153025
0.139353
0.128758
0.211198
0.226118
0.255244
0.242783
0.230435
0.11281
0.172561
0.138555
0.223418
0.0724957
0.251193
0.232609
0.177817
0.227321
0.0758305
0.110487
0.0812729
0.0930111
0.0979803
0.0797106
0.173726
0.112276
0.110911
0.182021
0.133958
0.172241
0.182013
0.252186
0.107627
0.0581575
0.0455459
0.0427142
0.217741
0.0846752
0.174404
0.224688
0.175992
0.129374
0.220657
0.37268
0.361182
0.0607243
0.151912
0.190911
0.109285
0.0910752
0.0443435
0.294408
0.310921
0.148976
0.172804
0.160356
0.167547
0.129862
0.217127
0.0723545
0.162027
0.043059
0.219444
0.147854
0.233077
0.100883
0.136062
0.102635
0.265101
0.116298
0.291979
0.138684
0.360673
0.11357
0.225268
0.11213
0.128127
0.0684553
0.0843277
0.0650188
0.125406
0.248153
0.125199
0.207405
0.11365
0.18934
0.20242
0.0979963
0.100456
0.144399
0.0722045
0.100007
0.191333
0.166595
0.263836
0.187464
0.0718024
0.19422
0.256655
0.185891
0.0864396
0.218803
0.0412837
0.243649
0.16185
0.0985856
0.0382943
0.232946
0.194694
0.227048
0.126303
0.109305
0.0557444
0.211133
0.238837
0.188196
0.14202
0.0625791
0.135369
0.126945
0.190481
0.12878
0.139315
0.241097
0.190122
0.115456
0.0945267
0.133666
0.167031
0.0615324
0.209301
0.166809
0.165228
0.225109
0.079922
0.191879
0.211215
0.192916
0.129244
0.0856499
0.204553
0.0921615
0.142109
0.0414534
0.19891
0.265797
0.129962
0.114023
0.277969
0.142488
0.209261
0.159154
0.104237
0.194292
0.10035
0.160807
0.0877958
0.175708
0.200925
0.12471
0.0796208
0.08311
0.195824
0.28995
0.218322
0.0820898
0.119226
0.100887
0.128614
0.218347
0.27762
0.192608
0.311556
0.187686
0.198484
0.167644
0.168171
0.244633
0.134987
0.242479
0.191048
0.309919
0.049755
0.300272
0.243519
0.247201
0.156177
0.181999
0.263045
0.22067
0.169866
0.135781
0.0782566
0.194683
0.285293
0.140815
0.0919279
0.107288
0.125286
0.278149
0.0816858
0.348317
0.0852253
0.073916
0.132936
0.20703
0.166245
0.104111
0.217471
0.313276
0.240863
0.195643
0.151131
0.103144
0.0765043
0.127617
0.0921966
0.319605
0.175317
0.228405
0.279025
0.0569512
0.159217
0.223584
0.128453
0.262829
0.178714
0.104857
0.0804676
0.267103
0.117898
0.0815791
0.325131
0.149494
0.127663
0.272729
0.100328
0.276786
0.189457
0.134879
0.227878
0.0907578
0.140179
0.29763
0.0730418
0.26931
0.21427
0.148185
0.0660372
0.247811
0.145312
0.0817496
0.185868
0.221771
0.117051
0.14982
0.127779
0.125982
0.145931
0.284158
0.299385
0.11754
0.108763
0.323937
0.173166
0.233491
0.253196
0.299256
0.0459963
0.327948
0.104464
0.0475099
0.0940245
0.160915
0.188705
0.188762
0.2802
0.320767
0.26984
0.187587
0.216196
0.192144
0.328126
0.260064
0.306806
0.0666113
0.160804
0.0419346
0.227382
0.0561548
0.18925
0.160547
0.13099
0.0810765
0.228993
0.0932141
0.0888654
0.228762
0.244114
0.0814552
0.317394
0.0692219
0.182482
0.164137
0.0998245
0.0857595
0.120199
0.184232
0.25947
0.285076
0.142523
0.141664
0.192096
0.121415
0.250439
0.304118
0.311675
0.127364
0.106076
0.272059
0.292257
0.295319
0.0650985
0.115329
0.182819
0.118798
0.239157
0.302536
0.179952
0.0958288
0.152227
0.327035
0.193926
0.207263
0.140253
0.063811
0.226732
0.158052
0.329605
0.158158
0.262122
0.153583
0.190864
0.210437
0.126541
0.280209
0.139672
0.232961
0.108292
0.115201
0.222974
0.252608
0.179669
0.201007
0.114797
0.211367
0.0565522
0.14737
0.0578554
0.175843
0.176448
0.096066
0.12161
0.0661416
0.0679673
0.161238
0.0574685
0.332601
0.141601
0.061686
0.177126
0.0661307
0.0577006
0.145252
0.197649
0.0627551
0.0738989
0.113442
0.103303
0.16034
0.160521
0.329917
0.257728
0.245196
0.150605
0.120494
0.0619972
0.22815
0.0536837
0.146423
0.188003
0.0478535
0.124081
0.0696325
0.0692603
0.266485
0.190477
0.125691
0.301666
0.171595
0.242815
0.17377
0.156492
0.167474
0.118415
0.241347
0.151527
0.104136
0.201253
0.212617
0.0951701
0.219897
0.0987224
0.12708
0.0629449
0.146337
0.193087
0.0768179
0.123988
0.185494
0.151067
0.182762
0.077202
0.120243
0.161912
0.070248
0.0944905
0.145518
0.107484
0.162693
0.229342
0.185129
0.074651
0.197423
0.100627
0.29931
0.250646
0.131962
0.0940745
0.141442
0.0956397
0.0986627
0.0892406
0.127506
0.094342
0.281345
0.14068
0.159698
0.244352
0.0706487
0.147554
0.0752781
0.157364
0.151467
0.140661
0.0515244
0.0711008
0.118256
0.313182
0.101398
0.147543
0.115869
0.228955
0.0971845
0.147742
0.094736
0.133535
0.156559
0.136746
0.254528
0.15321
0.0548058
0.122746
0.154816
0.302077
0.176509
0.231101
0.132787
0.197303
0.215938
0.231832
0.144379
0.0624463
0.184267
0.313229
0.264565
0.144905
0.0665422
0.209865
0.0926889
0.251675
0.0617834
0.227978
0.181605
0.107995
0.12004
0.0773304
0.236667
0.0648807
0.187959
0.217969
0.0671857
0.30375
0.135348
0.144862
0.236047
0.29747
0.233941
0.120426
0.252263
0.251368
0.0935542
0.152394
0.229737
0.243928
0.0606765
0.284029
0.206009
0.172466
0.0603312
0.0967125
0.0977883
0.244023
0.307204
0.063527
0.114817
0.167241
0.206766
0.248335
0.167557
0.198892
0.113349
0.067245
0.288629
0.162431
0.127195
0.178658
0.183194
0.169277
0.240385
0.134631
0.315343
0.0858544
0.0790022
0.290094
0.101515
0.238188
0.110363
0.204991
0.0482296
0.0430728
0.192998
0.138984
0.226108
0.188508
0.184666
0.300917
0.174945
0.0701689
0.17816
0.220509
0.117182
0.253807
0.0825813
0.085722
0.15871
0.0760777
0.180642
0.226903
0.312952
0.221216
0.190996
0.0995516
0.199335
0.245199
0.279499
0.214162
0.202345
0.1677
0.121279
0.270658
0.152219
0.137241
0.2113
0.280782
0.0698526
0.104505
0.255275
0.122935
0.0522643
0.257401
0.174758
0.178413
0.085273
0.197233
0.0618307
0.195221
0.0603945
0.099816
0.184279
0.110413
0.190943
0.112213
0.201186
0.224955
0.0640386
0.0312237
0.112495
0.121899
0.192815
0.283014
0.124607
0.0798738
0.241037
0.242466
0.311064
0.228256
0.260286
0.212113
0.129034
0.200329
0.243285
0.147825
0.0912202
0.0551633
0.0897949
0.166948
0.0843623
0.0994873
0.18459
0.0763868
0.215463
0.2078
0.0929868
0.0777492
0.254375
0.166629
0.253609
0.342138
0.068337
0.0424665
0.0252752
0.0734537
0.0488879
0.0973028
0.179133
0.1118
0.064443
0.108956
0.0695955
0.0731683
0.0743994
0.0723852
0.0732212
0.133681
0.0211043
0.0582967
0.0553841
0.122242
0.0318096
0.0375501
0.0794682
0.0481367
0.0812774
0.0400028
0.0466338
0.0226673
0.0797439
0.205344
0.107448
0.146453
0.133861
0.0400291
0.0559658
0.0767023
0.0560634
0.0418896
0.0842369
0.14747
0.187058
0.136041
0.0527713
0.139046
0.107622
0.088756
0.0835682
0.0517057
0.10343
0.0840146
0.0308961
0.0632971
0.128477
0.0841837
0.0860649
0.140966
0.0800775
0.021926
0.163782
0.0461355
0.0445958
0.0752939
0.0287212
0.102826
0.119127
0.0347448
0.0472015
0.0639245
0.0467013
0.0831871
0.0418713
0.182885
0.117429
0.0467675
0.115499
0.132283
0.106739
0.0304312
0.102085
0.0668661
0.0502349
0.0349722
0.0600157
0.150394
0.0737604
0.0586234
0.0755895
0.114327
0.0720648
0.214218
0.0809209
0.119296
0.0895151
0.0386418
0.028084
0.136006
0.0622545
0.0652006
0.101869
0.0881597
0.0413731
0.0647302
0.0460077
0.0942853
0.0640219
0.143406
0.047795
0.0726618
0.118061
0.0862627
0.0598304
0.0738387
0.0825402
0.0866226
0.05759
0.0617472
0.114899
0.130966
0.0341901
0.0680373
0.0478061
0.0765471
0.0434078
0.0302565
0.0414666
0.0388881
0.107364
0.0416801
0.0816458
0.17891
0.0204714
0.0504627
0.0779559
0.0631958
0.198332
0.0832892
0.0525163
0.0575664
0.0617195
0.0724649
0.08817
0.0610911
0.0573505
0.0816267
0.0323985
0.0500645
0.0278133
0.0360723
0.0553209
0.10147
0.0720938
0.0394059
0.0464332
0.0311865
0.1558
0.0496713
0.123722
0.0830759
0.0276541
0.0422072
0.159961
0.104339
0.0416693
0.0691599
0.0797232
0.10403
0.0371498
0.113478
0.162711
0.0857587
0.0881371
0.0525283
0.0902079
0.0645664
0.160373
0.0435363
0.137645
0.0650307
0.214647
0.122014
0.0761352
0.0364517
0.0821218
0.0648926
0.106961
0.0969425
0.0684186
0.0986278
0.088213
0.122751
0.064815
0.184381
0.0320641
0.0573962
0.0293677
0.0730482
0.0774187
0.0523509
0.0431804
0.0597971
0.0879272
0.101742
0.0671309
0.13976
0.116292
0.189712
0.0645465
0.055042
0.188847
0.124037
0.0788353
0.113379
0.0497014
0.0388576
0.183515
0.0754634
0.0687116
0.0760391
0.146352
0.0900459
0.105746
0.0990778
0.0240557
0.0569043
0.0996458
0.201477
0.220785
0.0310292
0.0997296
0.0621123
0.0482424
0.206144
0.0993629
0.0811109
0.0343475
0.0960342
0.0451107
0.14424
0.0554403
0.0423664
0.0176419
0.0898601
0.041487
0.112158
0.0444091
0.0317349
0.0578132
0.110582
0.0568423
0.186271
0.154052
0.0452042
0.0773689
0.0993532
0.0728373
0.0766697
0.0290531
0.0417049
0.0738762
0.0837486
0.0768781
0.0739871
0.0712575
0.0852103
0.0560353
0.115426
0.0897085
0.103237
0.124518
0.0646907
0.0643706
0.0893203
0.0831431
0.0746323
0.0690266
0.110822
0.136885
0.0783579
0.0541866
0.172683
0.065287
0.185524
0.142742
0.0266979
0.0644947
0.0845527
0.0827384
0.039755
0.0433347
0.0468714
0.0332775
0.0793758
0.0724234
0.108205
0.0875774
0.0376884
0.193724
0.0225241
0.0729518
0.102511
0.100145
0.103857
0.0820639
0.101001
0.04718
0.220115
0.0728063
0.0450645
0.09234
0.0814528
0.128749
0.0615784
0.0723738
0.0392431
0.0330629
0.252283
0.0552206
0.0863643
0.0765353
0.0677988
0.0638106
0.0651255
0.11617
0.0442187
0.033299
0.0852356
0.0361255
0.0554588
0.0389172
0.0738118
0.0487526
0.246349
0.078729
0.136397
0.0865193
0.0415036
0.168803
0.0577551
0.113357
0.0545335
0.0975045
0.0553481
0.0316538
0.0407581
0.0521644
0.0511055
0.025153
0.0692544
0.0255484
0.0835829
0.134031
0.088134
0.0542643
0.0532098
0.0839877
0.0306317
0.134163
0.116436
0.0209212
0.0259838
0.0458523
0.117671
0.0618726
0.0578583
0.0718664
0.0851641
0.0454391
0.121402
0.067971
0.0463789
0.0273436
0.0568385
0.0923679
0.101373
0.135995
0.0862953
0.212275
0.0210433
0.0579013
0.0553262
0.0310824
0.208312
0.137317
0.183532
0.0359477
0.0477277
0.0574914
0.0527813
0.103194
0.0302137
0.071011
0.0352632
0.128256
0.0292885
0.0653671
0.11185
0.112659
0.0411381
0.114341
0.0450072
0.0356564
0.0491259
0.044539
0.0905424
0.0658613
0.0885617
0.031643
0.199428
0.141112
0.122524
0.0942527
0.0617363
0.0636892
0.0802944
0.119577
0.107954
0.0392326
0.23406
0.0855948
0.059939
0.0369385
0.0704257
0.0796038
0.0380648
0.159864
0.0652505
0.12191
0.0664895
0.0217644
0.0626799
0.0607701
0.0488185
0.0902452
0.0401387
0.0762655
0.0866562
0.0320725
0.135672
0.20835
0.0242611
0.0619495
0.0216079
0.0578268
0.0525035
0.0606132
0.0172765
0.0182338
0.0442139
0.0417455
0.0383876
0.0632674
0.0712925
0.0982369
0.0631898
0.150405
0.0174699
0.158968
0.0415651
0.0436846
0.0559369
0.0605581
0.0446072
0.0491438
0.087617
0.0327306
0.0499479
0.043359
0.0576257
0.147063
0.0696138
0.207246
0.0466222
0.0676951
0.0305677
0.0771516
0.12756
0.0971047
0.075736
0.0409085
0.0833709
0.168176
0.0916629
0.105095
0.0858544
0.0720505
0.0410524
0.104474
0.0468967
0.162897
0.0375609
0.0517046
0.0740382
0.0607083
0.0353842
0.0564368
0.152199
0.0341457
0.0936044
0.104927
0.0180234
0.0739228
0.108515
0.0948022
0.0659602
0.0774943
0.0534423
0.0901777
0.0597425
0.0319187
0.121836
0.0899297
0.068755
0.0972476
0.047732
0.0638063
0.0716996
0.0726757
0.0329209
0.0974578
0.125484
0.0554239
0.12668
0.031283
0.10792
0.042368
0.100327
0.0159293
0.0511676
0.0702794
0.0497997
0.103779
0.0541871
0.103409
0.0798565
0.0261332
0.128894
0.0977432
0.157941
0.0300045
0.0767645
0.0693543
0.15791
0.0570414
0.0488754
0.0739821
0.0837036
0.0223383
0.115739
0.086713
0.212884
0.0398239
0.205178
0.060246
0.0245913
0.0813518
0.0758731
0.028384
0.0461428
0.115183
0.0740942
0.0913792
0.146757
0.0294128
0.0943157
0.0839448
0.0452807
0.119673
0.0915355
0.0559756
0.051934
0.185845
0.0862373
0.0318614
0.0905815
0.0434123
0.1186
0.0440927
0.11232
0.0915894
0.207138
0.103984
0.0764417
0.131705
0.186023
0.0534309
0.0603008
0.097358
0.195939
0.0909004
0.0654397
0.162356
0.0223681
0.105129
0.0672562
0.0471539
0.032683
0.0496836
0.0398013
0.0576748
0.0476956
0.18448
0.0362583
0.12918
0.0381935
0.0952552
0.0996347
0.0918445
0.0166526
0.0553811
0.0954027
0.0321558
0.103378
0.0457651
0.0275903
0.037543
0.105993
0.071879
0.080794
0.0705352
0.140901
0.0244121
0.0618558
0.0696887
0.0643184
0.0717529
0.0698019
0.108925
0.0255508
0.0740779
0.0929249
0.0727498
0.0949919
0.0414142
0.0447464
0.0998241
0.0915863
0.0898851
0.0294098
0.0627744
0.0689883
0.236444
0.0546807
0.0361102
0.197554
0.0378739
0.087868
0.0817004
0.0467379
0.215475
0.0158615
0.0565532
0.0695725
0.24164
0.0769346
0.111545
0.105325
0.0521504
0.0273598
0.0413328
0.0570473
0.101028
0.0666488
0.102045
0.059504
0.170376
0.262709
0.0521005
0.0741351
0.0143116
0.0470054
0.0742087
0.0446459
0.0280031
0.0741394
0.109268
0.0361906
0.34903
0.0601474
0.0813662
0.132029
0.085151
0.163977
0.0364426
0.19436
0.127396
0.123545
0.221331
0.148234
0.160142
0.0390222
0.0469704
0.0686862
0.106911
0.0639571
0.146038
0.0941399
0.0855349
0.157804
0.0373466
0.108507
0.0654512
0.0499405
0.124709
0.061214
0.0582392
0.0585203
0.139925
0.0843531
0.0762645
0.170431
0.0790829
0.141722
0.107407
0.0683205
0.0999958
0.129209
0.0849139
0.135339
0.0878495
0.208208
0.121427
0.128287
0.152352
0.0502851
0.0617406
0.0463439
0.043606
0.11414
0.0501682
0.0939409
0.119525
0.0930746
0.0779674
0.0541578
0.0961936
0.0966744
0.0747317
0.0977024
0.0544037
0.146486
0.120237
0.0761897
0.105007
0.0433886
0.0347139
0.132252
0.174642
0.193833
0.0359612
0.0604858
0.0803889
0.0617988
0.128613
0.0577813
0.0781017
0.184215
0.0473284
0.0769271
0.0869552
0.0505984
0.0951865
0.110607
0.212821
0.0776269
0.0492767
0.0972005
0.0678418
0.204046
0.0716664
0.0528276
0.0719749
0.140807
0.122723
0.140664
0.0548882
0.0688921
0.0572744
0.0822743
0.116213
0.150041
0.184738
0.11665
0.140037
0.148866
0.0825183
0.0496695
0.057108
0.174126
0.0988476
0.161882
0.0873904
0.174958
0.0522251
0.0560273
0.130973
0.117357
0.0914008
0.15716
0.0703793
0.0477975
0.131132
0.101333
0.047771
0.115947
0.0604219
0.0496809
0.160109
0.118785
0.251479
0.0531936
0.0486523
0.169572
0.0471641
0.0347079
0.0742359
0.114916
0.175928
0.0537258
0.0519071
0.0413619
0.0637827
0.101699
0.0758006
0.147076
0.114395
0.147812
0.0580131
0.0914342
0.0702755
0.0514131
0.138205
0.0449724
0.0488064
0.162066
0.134815
0.108403
0.0798187
0.0466047
0.0577978
0.208043
0.15726
0.127379
0.162669
0.113267
0.250337
0.0475142
0.0392177
0.171544
0.056802
0.0554432
0.0929058
0.0472203
0.140794
0.0844068
0.110891
0.14228
0.0581863
0.0715275
0.0407016
0.165201
0.0662349
0.0770981
0.217279
0.0879775
0.129426
0.106548
0.223743
0.0640823
0.0667499
0.0419965
0.179387
0.105354
0.158863
0.135653
0.120981
0.0534234
0.0969939
0.0376253
0.153769
0.0856403
0.0910107
0.0961174
0.0780695
0.0836228
0.0635833
0.0511496
0.124969
0.150956
0.108416
0.0405042
0.219798
0.0632357
0.137619
0.0903974
0.153489
0.0439025
0.0911821
0.0983478
0.0868738
0.223075
0.102095
0.112015
0.201318
0.134649
0.0432235
0.0633393
0.0489869
0.0434758
0.0688451
0.0249482
0.0889403
0.0559074
0.0627532
0.142333
0.131138
0.0460634
0.0624921
0.0776097
0.0556733
0.156679
0.216502
0.0558495
0.10338
0.061903
0.0585501
0.142846
0.115195
0.157675
0.110736
0.098883
0.08776
0.167836
0.0901329
0.0352813
0.0440132
0.04845
0.127152
0.124709
0.197412
0.117005
0.165547
0.0917081
0.112894
0.0802324
0.0536373
0.0637956
0.121324
0.0380519
0.127707
0.171847
0.0572817
0.14338
0.109922
0.092157
0.159549
0.127458
0.0239891
0.0898918
0.152412
0.0999623
0.17192
0.0570436
0.146147
0.182053
0.194663
0.0962682
0.0795175
0.068425
0.0969861
0.087658
0.135243
0.177901
0.0772728
0.0444137
0.116571
0.155598
0.26516
0.121407
0.101911
0.108844
0.0650332
0.082377
0.0530445
0.0554667
0.175313
0.0371429
0.0326496
0.0589264
0.183966
0.0336598
0.0474182
0.153309
0.100971
0.104353
0.101703
0.117115
0.0624145
0.0136027
0.0869634
0.0544452
0.111622
0.132346
0.0411131
0.0438061
0.0710399
0.0569277
0.0737183
0.0642398
0.114342
0.140249
0.0608292
0.105365
0.0437487
0.0763861
0.0334458
0.0673667
0.0733981
0.088011
0.103221
0.0509196
0.0528419
0.143113
0.118261
0.143593
0.21134
0.0694173
0.0563918
0.0519963
0.116864
0.0545059
0.0912819
0.177668
0.0768411
0.0402983
0.081502
0.0182673
0.177965
0.109312
0.173063
0.105578
0.160161
0.110064
0.117193
0.177361
0.104586
0.0466847
0.0802466
0.118879
0.230989
0.0461268
0.122507
0.0485431
0.104299
0.0894895
0.0678727
0.106839
0.137488
0.0460876
0.11986
0.139962
0.0553192
0.0613132
0.0594327
0.13806
0.184524
0.044459
0.101073
0.175871
0.0596099
0.03486
0.0856597
0.129345
0.101833
0.15363
0.184887
0.0794514
0.0633049
0.150785
0.0641226
0.120341
0.129355
0.178225
0.135933
0.0429281
0.126971
0.102906
0.172765
0.150399
0.0698798
0.161744
0.112358
0.0359323
0.128766
0.0684884
0.195867
0.0394718
0.0631728
0.119487
0.0878071
0.116164
0.0966783
0.125564
0.0953459
0.142106
0.141907
0.133252
0.0991044
0.0552327
0.0774605
0.133441
0.0693444
0.181849
0.219484
0.140757
0.128311
0.117484
0.056734
0.160312
0.129371
0.0552163
0.0665973
0.124582
0.116738
0.157874
0.099173
0.0601638
0.0716708
0.0471258
0.100954
0.130094
0.11584
0.0442093
0.0492728
0.165373
0.180659
0.0874817
0.243985
0.0697436
0.054086
0.0822649
0.0793651
0.0513656
0.100171
0.115696
0.0588865
0.0744168
0.0623778
0.0809732
0.0642165
0.101806
0.0595129
0.136743
0.0447216
0.0602097
0.0387048
0.10145
0.0486608
0.0671921
0.044464
0.025465
0.0301974
0.0434923
0.0712312
0.0671622
0.169183
0.0500672
0.124015
0.0510619
0.123734
0.0595526
0.0576121
0.0910069
0.0610971
0.0786061
0.088078
0.0934909
0.146605
0.2223
0.163675
0.174389
0.114404
0.0462401
0.113147
0.0607103
0.056198
0.0468445
0.165115
0.259446
0.0671282
0.0910434
0.0955017
0.13665
0.0689844
0.0699436
0.117168
0.112866
0.161965
0.0635608
0.0460587
0.188932
0.0549699
0.0701354
0.129937
0.138683
0.19183
0.0721232
0.163344
0.047329
0.18342
0.148358
0.118429
0.135874
0.0619384
0.105806
0.0469956
0.0758006
0.0433242
0.0617161
0.100518
0.122604
0.0967437
0.0403021
0.0483588
0.0292477
0.117713
0.16591
0.0793174
0.0627871
0.112042
0.0620961
0.136181
0.0919886
0.0445019
0.0471478
0.0449888
0.134896
0.0657123
0.0413269
0.0426608
0.105268
0.112295
0.0476027
0.119988
0.085068
0.256605
0.0520804
0.0374043
0.161979
0.0614039
0.168348
0.0907667
0.0760205
0.152083
0.0473681
0.0661207
0.161803
0.113807
0.144158
0.132592
0.159157
0.0426423
0.0927234
0.0900792
0.13167
0.120167
0.114026
0.0870966
0.145838
0.067241
0.124241
0.0942655
0.154743
0.0705127
0.0771761
0.162245
0.0495395
0.0896689
0.0647769
0.095939
0.0820967
0.0681971
0.216639
0.0933262
0.111442
0.067314
0.044457
0.0678344
0.12067
0.0509667
0.0636601
0.0632264
0.102452
0.130131
0.0590704
0.126306
0.107332
0.0704977
0.0395009
0.107197
0.189987
0.0660229
0.107184
0.085842
0.121611
0.119934
0.0385042
0.0915095
0.14221
0.0440648
0.0558881
0.0671691
0.0927277
0.15108
0.105513
0.114692
0.0825911
0.23784
0.200079
0.0934181
0.161411
0.0751777
0.0772139
0.0792357
0.0475467
0.0608543
0.0644477
0.0366422
0.100874
0.122737
0.0612434
0.125579
0.0464177
0.127588
0.0505367
0.06216
0.103912
0.575129
0.10511
0.362312
0.204726
0.0596683
0.344128
0.05937
0.134836
0.299019
0.0343289
0.0726396
0.114563
0.174341
0.218028
0.362185
0.120535
0.288323
0.118009
0.0718144
0.256747
0.16184
0.100905
0.264056
0.259629
0.160599
0.0406685
0.120728
0.18892
0.166349
0.201286
0.150298
0.409681
0.280402
0.0823414
0.329052
0.238806
0.0187071
0.330208
0.270935
0.386441
0.373959
0.261002
0.190543
0.0629542
0.0829951
0.184545
0.310212
0.0559418
0.146953
0.161284
0.200287
0.298157
0.180838
0.118866
0.230002
0.0463326
0.157009
0.0828779
0.354377
0.291605
0.163931
0.362322
0.389144
0.211447
0.370729
0.148006
0.211122
0.110151
0.0815494
0.146541
0.0790429
0.293788
0.0279765
0.0835061
0.142001
0.211706
0.0593172
0.21494
0.190133
0.135233
0.108426
0.0748182
0.0924757
0.310082
0.188532
0.244697
0.11174
0.129702
0.374781
0.0486823
0.154734
0.170336
0.157214
0.312067
0.202606
0.418036
0.171981
0.0567385
0.293515
0.0727978
0.104538
0.0613968
0.349557
0.0522268
0.172574
0.0904469
0.188259
0.185477
0.219822
0.0572916
0.151341
0.147874
0.43811
0.170208
0.032545
0.146916
0.0757053
0.140194
0.0975113
0.170005
0.110731
0.125129
0.151525
0.214918
0.231359
0.349271
0.392664
0.333937
0.121955
0.187975
0.132008
0.173103
0.180382
0.0344689
0.297756
0.130125
0.0592029
0.237031
0.100665
0.291949
0.222353
0.162232
0.186661
0.179579
0.13628
0.340251
0.272033
0.1355
0.184164
0.172475
0.191027
0.406793
0.107581
0.0725154
0.312608
0.238528
0.109587
0.267898
0.0514316
0.122941
0.117308
0.0866812
0.0777459
0.293155
0.0822748
0.0787207
0.302358
0.139312
0.338774
0.138425
0.188393
0.370412
0.0751407
0.128417
0.327799
0.273829
0.12232
0.27412
0.169128
0.097091
0.12945
0.126488
0.233807
0.167738
0.170598
0.114288
0.198673
0.250875
0.0330586
0.169187
0.262845
0.138817
0.138326
0.192133
0.322278
0.0677857
0.0431491
0.0193388
0.302858
0.131351
0.220589
0.343686
0.254616
0.162966
0.0467345
0.057769
0.313382
0.0641105
0.113536
0.263611
0.334584
0.179123
0.132162
0.244421
0.154927
0.408003
0.113108
0.151862
0.168902
0.0476925
0.167686
0.160281
0.106532
0.241118
0.323063
0.260068
0.0754142
0.184176
0.177612
0.0618946
0.232654
0.131151
0.283846
0.0671595
0.236362
0.128135
0.119611
0.310763
0.158161
0.133631
0.0179873
0.167328
0.075115
0.0823629
0.242954
0.202453
0.101868
0.32899
0.128975
0.321848
0.235081
0.188516
0.309477
0.115255
0.161279
0.109556
0.22427
0.334894
0.0913474
0.223466
0.296626
0.40996
0.268607
0.039879
0.167488
0.110045
0.19125
0.1223
0.179497
0.130115
0.182259
0.150476
0.187336
0.366623
0.172643
0.0852312
0.185673
0.128452
0.0239907
0.231509
0.186996
0.308058
0.344175
0.0836533
0.147008
0.0954161
0.150362
0.11449
0.0560052
0.155274
0.19664
0.0890459
0.179856
0.0705097
0.142511
0.277821
0.119475
0.121872
0.164077
0.196511
0.14573
0.249576
0.291382
0.0657676
0.0941101
0.119346
0.236286
0.136983
0.259877
0.38439
0.374102
0.287585
0.047272
0.282577
0.263666
0.151355
0.0813044
0.359853
0.229204
0.0301803
0.202126
0.129683
0.352643
0.298889
0.179529
0.061527
0.173039
0.159352
0.0364313
0.365822
0.12753
0.335325
0.19215
0.101845
0.2268
0.280147
0.236883
0.216214
0.0655822
0.321671
0.224589
0.153227
0.208861
0.0154865
0.124461
0.11358
0.127271
0.279042
0.0777455
0.146464
0.100138
0.175134
0.231096
0.190456
0.123905
0.223846
0.186984
0.275785
0.156515
0.20844
0.118828
0.101095
0.258253
0.182863
0.115026
0.144266
0.0829857
0.230549
0.0670228
0.100411
0.176886
0.197045
0.15384
0.248051
0.282525
0.0621101
0.279725
0.172596
0.0677283
0.307725
0.25914
0.103237
0.0333545
0.116091
0.0996954
0.302851
0.115158
0.137633
0.326856
0.0674585
0.059106
0.112737
0.170804
0.141609
0.108925
0.219839
0.258415
0.0527538
0.110591
0.0561624
0.1014
0.30166
0.229337
0.104629
0.296423
0.158176
0.113871
0.176564
0.252671
0.246855
0.237806
0.120988
0.230519
0.18171
0.0446839
0.17622
0.0899142
0.35201
0.203143
0.202257
0.109446
0.0916861
0.0995033
0.197506
0.24877
0.189614
0.138749
0.336446
0.320997
0.0986162
0.0943223
0.126387
0.189045
0.309851
0.128773
0.0584479
0.3297
0.262479
0.147939
0.109178
0.388939
0.0784758
0.124806
0.0582704
0.0825163
0.21782
0.109267
0.216511
0.0449635
0.172647
0.0645628
0.295273
0.106874
0.179848
0.270076
0.172908
0.133675
0.275374
0.11015
0.192633
0.2418
0.28235
0.16685
0.0996548
0.206239
0.153823
0.193238
0.274328
0.348338
0.380721
0.262885
0.128584
0.0988104
0.167838
0.183786
0.115322
0.177061
0.279929
0.0424403
0.161121
0.324413
0.0502893
0.126661
0.178486
0.190979
0.0890168
0.265337
0.276261
0.15253
0.0454855
0.0324222
0.193997
0.254959
0.1868
0.159265
0.132532
0.192005
0.0569973
0.172588
0.243379
0.277153
0.104464
0.286231
0.114295
0.108043
0.237043
0.129143
0.119712
0.127875
0.10352
0.340487
0.231209
0.0262536
0.127808
0.133103
0.0786085
0.237988
0.429817
0.0859196
0.154072
0.190781
0.257593
0.103688
0.0791487
0.162945
0.20246
0.303759
0.0852563
0.110067
0.1656
0.0423538
0.150356
0.0584991
0.296828
0.37047
0.250942
0.237965
0.161109
0.409484
0.298187
0.118378
0.322654
0.117083
0.175417
0.264659
0.0486707
0.193073
0.134796
0.124411
0.238675
0.0649023
0.323491
0.242627
0.107289
0.0305223
0.165902
0.144126
0.0890862
0.131654
0.0566502
0.102538
0.135458
0.0464191
0.273314
0.0578876
0.180143
0.210986
0.203264
0.0994069
0.228715
0.123118
0.057134
0.109549
0.313562
0.0530497
0.0993566
0.114789
0.0694288
0.264756
0.380783
0.225411
0.395416
0.374612
0.13127
0.229758
0.229474
0.153955
0.153651
0.379262
0.292913
0.11759
0.29581
0.283896
0.299454
0.133804
0.233978
0.0808422
0.0411733
0.319216
0.0477588
0.135012
0.107069
0.0544348
0.362973
0.22252
0.194786
0.0850914
0.213516
0.196478
0.195348
0.325352
0.383313
0.213997
0.118262
0.164313
0.205498
0.0374582
0.205649
0.0910169
0.172225
0.178824
0.413693
0.193555
0.0513607
0.0579642
0.0692079
0.202611
0.195062
0.12385
0.270084
