0.361217
0.166141
0.227693
0.249457
0.162168
0.251251
0.247245
0.161184
0.216073
0.230268
0.233694
0.231815
0.235587
0.212532
0.202443
0.238874
0.173547
0.165444
0.225268
0.242866
0.169097
0.366005
0.218438
0.247583
0.215114
0.197964
0.287601
0.164599
0.214434
0.356615
0.227391
0.181127
0.246908
0.28737
0.240729
0.314539
0.20779
0.211053
0.19726
0.149237
0.21725
0.276456
0.244699
0.208398
0.208698
0.293137
0.21793
0.226826
0.229121
0.310965
0.238937
0.213368
0.143576
0.14749
0.159138
0.24688
0.269226
0.343664
0.207422
0.204613
0.306496
0.282678
0.277848
0.262915
0.189006
0.185157
0.210122
0.175041
0.129514
0.260084
0.197416
0.173162
0.182357
0.27119
0.36472
0.20698
0.184141
0.268699
0.203169
0.269029
0.212108
0.266481
0.252407
0.184594
0.228728
0.1769
0.179753
0.236925
0.194825
0.199008
0.190828
0.318806
0.289011
0.229329
0.230686
0.281097
0.283638
0.200662
0.25031
0.261462
0.293677
0.212751
0.235379
0.373613
0.190285
0.27331
0.225563
0.280914
0.144515
0.215272
0.193718
0.253013
0.207353
0.235082
0.237044
0.311816
0.199218
0.2006
0.161437
0.193394
0.215807
0.24501
0.227678
0.292
0.188891
0.200283
0.16635
0.233262
0.225797
0.195191
0.224102
0.208765
0.214479
0.274452
0.214428
0.328241
0.226018
0.222267
0.177038
0.270802
0.224418
0.267258
0.182038
0.2903
0.229458
0.246995
0.176327
0.209812
0.142893
0.22712
0.294314
0.366982
0.149413
0.308135
0.298277
0.206067
0.205126
0.235105
0.299514
0.241729
0.272328
0.311289
0.284985
0.187416
0.219485
0.205937
0.183546
0.20864
0.256774
0.218828
0.265884
0.274954
0.21477
0.192209
0.253878
0.17706
0.166857
0.267085
0.274934
0.221834
0.190064
0.26085
0.188027
0.226608
0.298324
0.181712
0.194814
0.203936
0.28296
0.186997
0.199325
0.137365
0.229434
0.219947
0.215715
0.276557
0.351231
0.25791
0.226232
0.22398
0.343577
0.21578
0.171844
0.270327
0.297216
0.233399
0.169351
0.248489
0.20599
0.290537
0.182953
0.219207
0.21893
0.185436
0.233848
0.226531
0.266423
0.35921
0.223051
0.306193
0.279998
0.33426
0.217136
0.273853
0.330291
0.357814
0.292084
0.291532
0.239361
0.205256
0.179737
0.256733
0.142871
0.264933
0.205552
0.246636
0.230606
0.290011
0.256462
0.173922
0.245042
0.180551
0.22261
0.224913
0.216404
0.228131
0.188445
0.276197
0.191102
0.280699
0.195407
0.219846
0.305908
0.199418
0.23819
0.172081
0.268169
0.314879
0.232115
0.166304
0.262677
0.245384
0.221503
0.277327
0.353365
0.168789
0.296495
0.275642
0.256291
0.258538
0.265099
0.247221
0.255491
0.172769
0.198407
0.21539
0.16902
0.290437
0.23453
0.273539
0.182497
0.239386
0.221648
0.231758
0.277229
0.288461
0.234597
0.334092
0.264225
0.201405
0.314832
0.237689
0.286826
0.144507
0.204021
0.293811
0.256215
0.148411
0.259791
0.179709
0.214736
0.178078
0.160982
0.259872
0.35966
0.191442
0.193857
0.256598
0.359033
0.178824
0.322647
0.261732
0.275017
0.246603
0.176846
0.160673
0.253002
0.245004
0.16909
0.237408
0.17293
0.14026
0.243842
0.132827
0.238797
0.219549
0.20861
0.237746
0.204766
0.157054
0.235871
0.19227
0.227261
0.184303
0.250833
0.307341
0.123002
0.21151
0.260955
0.182233
0.176511
0.302821
0.201536
0.236727
0.198877
0.238497
0.378048
0.280846
0.198322
0.191793
0.258643
0.237579
0.135701
0.245918
0.224832
0.247864
0.184787
0.147625
0.219426
0.300874
0.236794
0.213006
0.169335
0.26448
0.251917
0.145735
0.206194
0.198537
0.199551
0.277851
0.183272
0.195812
0.21226
0.240902
0.226065
0.201065
0.17817
0.325367
0.274757
0.27726
0.182113
0.182356
0.178409
0.245468
0.216603
0.296385
0.164309
0.182277
0.278441
0.26779
0.184153
0.164749
0.246792
0.226049
0.183685
0.231001
0.2193
0.245678
0.260296
0.20288
0.204776
0.237207
0.256877
0.261191
0.163254
0.199107
0.171441
0.261758
0.28327
0.267606
0.361711
0.21122
0.277231
0.289288
0.238953
0.158658
0.30916
0.203816
0.323294
0.26632
0.268684
0.267941
0.260246
0.242685
0.30162
0.250368
0.193196
0.219208
0.242054
0.288977
0.192791
0.335065
0.243718
0.220987
0.189637
0.209036
0.212169
0.190614
0.197139
0.226868
0.311131
0.314735
0.200357
0.294539
0.267986
0.250872
0.25177
0.182625
0.11719
0.234466
0.215119
0.28306
0.26966
0.272937
0.203116
0.150566
0.157279
0.195844
0.199478
0.287241
0.255787
0.209313
0.165107
0.357384
0.314584
0.220069
0.270878
0.217164
0.195676
0.231301
0.292617
0.236394
0.198521
0.182503
0.174587
0.220294
0.236788
0.255036
0.17725
0.198026
0.166677
0.29314
0.276553
0.173115
0.200725
0.242895
0.295244
0.288844
0.323158
0.270799
0.235371
0.18907
0.232716
0.277077
0.209963
0.287465
0.269929
0.321743
0.187076
0.340918
0.195873
0.510573
0.188866
0.266657
0.212652
0.204975
0.330617
0.282846
0.199033
0.197076
0.27989
0.155083
0.292511
0.275499
0.369127
0.248296
0.262905
0.318887
0.229437
0.323921
0.377877
0.299898
0.253915
0.243245
0.185374
0.314055
0.236968
0.145777
0.144583
0.194821
0.233781
0.209488
0.229957
0.334179
0.367413
0.249983
0.282196
0.301249
0.257142
0.307146
0.294541
0.398846
0.260322
0.283877
0.299954
0.201976
0.210223
0.326549
0.15331
0.238859
0.318888
0.211971
0.212336
0.172574
0.295878
0.199774
0.202493
0.342095
0.327771
0.336335
0.321025
0.245241
0.296094
0.338203
0.199425
0.348985
0.397217
0.332698
0.213616
0.18768
0.191755
0.261497
0.230944
0.177733
0.291248
0.335724
0.268778
0.284839
0.240798
0.325037
0.155557
0.212961
0.200115
0.320796
0.221762
0.294141
0.175618
0.172263
0.218242
0.289635
0.208747
0.160153
0.296352
0.17391
0.255128
0.195569
0.19924
0.221842
0.277695
0.276767
0.337403
0.237918
0.244334
0.199952
0.240758
0.238225
0.237929
0.168078
0.279401
0.326839
0.25258
0.264574
0.153854
0.247403
0.243487
0.31325
0.218792
0.161602
0.275272
0.209026
0.228205
0.345523
0.257278
0.254383
0.266191
0.197814
0.269685
0.178071
0.238993
0.135794
0.251304
0.18809
0.245444
0.277049
0.23541
0.343657
0.184385
0.173009
0.203879
0.1924
0.317094
0.164522
0.293541
0.220934
0.182544
0.161355
0.235664
0.210451
0.252638
0.165461
0.181863
0.255652
0.32135
0.212892
0.258413
0.201333
0.290086
0.180843
0.31014
0.211941
0.276136
0.226706
0.337786
0.276025
0.290381
0.309975
0.136804
0.337163
0.169833
0.273629
0.244924
0.199549
0.285314
0.138556
0.306561
0.328267
0.215105
0.140493
0.147886
0.225846
0.374531
0.250801
0.232012
0.354777
0.258505
0.243484
0.23736
0.267074
0.251726
0.271404
0.301723
0.199253
0.249983
0.272632
0.349155
0.170664
0.243439
0.171943
0.155717
0.26399
0.199664
0.305118
0.342042
0.229287
0.222252
0.273376
0.29515
0.383878
0.280071
0.309721
0.169907
0.310711
0.133902
0.205269
0.238909
0.255783
0.269306
0.243935
0.234146
0.284849
0.306946
0.257651
0.295202
0.392609
0.199995
0.161913
0.246004
0.316037
0.216408
0.286272
0.13281
0.344056
0.227688
0.181133
0.364209
0.196641
0.166287
0.17824
0.149196
0.181749
0.228464
0.28889
0.312726
0.1607
0.205255
0.222697
0.219823
0.177724
0.256515
0.176397
0.209946
0.273671
0.249269
0.319873
0.256943
0.264295
0.327715
0.167755
0.226083
0.227409
0.145887
0.158981
0.336048
0.20899
0.277623
0.248507
0.300362
0.300889
0.303599
0.240547
0.352918
0.252219
0.316271
0.396422
0.20394
0.222548
0.228523
0.286177
0.186159
0.225487
0.187618
0.149694
0.270224
0.325981
0.18734
0.282839
0.312066
0.247797
0.248658
0.223734
0.192894
0.196792
0.221957
0.152898
0.213649
0.187001
0.264503
0.202364
0.255775
0.211044
0.401332
0.205639
0.28211
0.27398
0.30874
0.290488
0.281023
0.309432
0.276408
0.197581
0.328784
0.229311
0.177792
0.348327
0.286916
0.235453
0.272276
0.275234
0.202316
0.289233
0.231017
0.262292
0.330592
0.173623
0.180762
0.166056
0.25364
0.225363
0.431593
0.199904
0.214183
0.236483
0.371828
0.225296
0.262913
0.198647
0.247413
0.269159
0.199908
0.282122
0.319623
0.309865
0.260597
0.320034
0.188745
0.221286
0.239473
0.180607
0.179453
0.232253
0.230774
0.21214
0.334488
0.281968
0.219694
0.248237
0.18537
0.22234
0.303113
0.245117
0.15692
0.204443
0.294264
0.369462
0.234327
0.293319
0.252583
0.274151
0.221754
0.314336
0.229308
0.240631
0.333129
0.234339
0.295885
0.296676
0.296401
0.254997
0.182425
0.261864
0.268154
0.273085
0.237628
0.199655
0.344438
0.148445
0.28734
0.231529
0.181965
0.33696
0.281135
0.245973
0.200161
0.333885
0.27979
0.185597
0.276485
0.384659
0.223072
0.194732
0.293706
0.1912
0.269673
0.267904
0.309454
0.307627
0.184625
0.321892
0.201175
0.361686
0.258396
0.275675
0.2154
0.278658
0.180068
0.198105
0.193278
0.244228
0.315896
0.310295
0.362954
0.316992
0.270432
0.226466
0.279836
0.275603
0.314419
0.190949
0.341923
0.155358
0.204412
0.303874
0.155785
0.174583
0.353145
0.15325
0.202054
0.253816
0.266578
0.245932
0.257561
0.292684
0.240919
0.347656
0.218599
0.247998
0.363634
0.250388
0.225741
0.198933
0.161426
0.25935
0.328707
0.290993
0.239587
0.213708
0.261563
0.227417
0.230345
0.254583
0.209053
0.331767
0.272237
0.181624
0.33524
0.209885
0.283312
0.236444
0.270208
0.225715
0.150844
0.394199
0.164476
0.258757
0.203283
0.30413
0.265946
0.215562
0.220776
0.320378
0.107495
0.278996
0.403719
0.317435
0.211559
0.35492
0.290102
0.276157
0.217909
0.233323
0.212142
0.344164
0.228384
0.201608
0.171539
0.166512
0.362069
0.187534
0.380624
0.161258
0.374739
0.533914
0.372198
0.36993
0.249372
0.264812
0.269015
0.247568
0.257093
0.346922
0.356725
0.265865
0.374545
0.349251
0.284417
0.301291
0.358304
0.339146
0.264974
0.270626
0.34919
0.310485
0.276133
0.264526
0.315138
0.345921
0.198804
0.300575
0.267817
0.273549
0.243931
0.283243
0.22501
0.357002
0.270374
0.35715
0.222087
0.310385
0.315128
0.379487
0.373354
0.359122
0.303985
0.261512
0.370477
0.341085
0.34441
0.308142
0.356011
0.287975
0.370299
0.33697
0.342475
0.375047
0.319977
0.266174
0.229581
0.235754
0.338049
0.24622
0.365469
0.274055
0.33262
0.219819
0.37434
0.241519
0.247236
0.248267
0.395079
0.329231
0.263697
0.393732
0.236482
0.189129
0.297699
0.266234
0.317629
0.260437
0.216244
0.263676
0.224812
0.338555
0.217345
0.321961
0.239149
0.278021
0.283616
0.249695
0.280214
0.29374
0.186506
0.27378
0.377722
0.353597
0.229226
0.246998
0.209792
0.26561
0.235963
0.202536
0.276278
0.258648
0.201115
0.216968
0.328934
0.333672
0.325184
0.288612
0.241672
0.323497
0.382038
0.376102
0.207327
0.242639
0.273272
0.242449
0.202138
0.295055
0.283928
0.418673
0.271654
0.319329
0.332742
0.230667
0.370654
0.3457
0.30343
0.344846
0.241671
0.242951
0.279145
0.301696
0.279309
0.233757
0.37423
0.416237
0.308097
0.309894
0.278704
0.166725
0.346826
0.233325
0.318822
0.286142
0.214116
0.278414
0.26859
0.240554
0.193867
0.225693
0.245036
0.333917
0.228578
0.206474
0.191581
0.279077
0.414309
0.22468
0.323155
0.232083
0.274978
0.201856
0.277312
0.199171
0.208213
0.318732
0.243533
0.275048
0.306447
0.294225
0.355623
0.194203
0.246051
0.256633
0.294439
0.447828
0.295373
0.315169
0.427184
0.325932
0.292722
0.282213
0.277239
0.295572
0.394197
0.347525
0.404988
0.372049
0.269835
0.205946
0.299074
0.302906
0.233765
0.308051
0.337381
0.273812
0.269676
0.270982
0.341724
0.240743
0.380743
0.274572
0.358493
0.257945
0.229372
0.280563
0.346436
0.210075
0.259637
0.282436
0.303483
0.215737
0.339792
0.228436
0.286666
0.253851
0.25909
0.226331
0.221625
0.341549
0.270132
0.431255
0.303935
0.338685
0.245306
0.3063
0.303971
0.252272
0.159257
0.308018
0.218736
0.283202
0.308888
0.329204
0.29887
0.290911
0.227665
0.320248
0.31817
0.301208
0.28436
0.240629
0.282091
0.282642
0.300484
0.299666
0.253355
0.215693
0.206874
0.345621
0.269571
0.412534
0.238539
0.32414
0.327099
0.25582
0.170898
0.241505
0.264308
0.265785
0.260764
0.354877
0.243358
0.244662
0.195996
0.227049
0.248068
0.248069
0.214534
0.44213
0.262258
0.289869
0.231202
0.292979
0.29586
0.297247
0.30864
0.321628
0.28369
0.236021
0.229762
0.351317
0.250975
0.453184
0.259171
0.267224
0.235791
0.2793
0.239182
0.319772
0.282713
0.259994
0.24423
0.407714
0.341037
0.222698
0.285679
0.25957
0.34294
0.258582
0.380121
0.259065
0.278175
0.232763
0.274839
0.249461
0.287164
0.282938
0.223347
0.411193
0.324962
0.352152
0.290647
0.265535
0.243514
0.211402
0.189393
0.400288
0.331667
0.265372
0.211758
0.272977
0.251193
0.241854
0.233894
0.269222
0.272959
0.264659
0.293994
0.273204
0.240822
0.180178
0.465554
0.356679
0.249404
0.324811
0.340837
0.326253
0.314207
0.215303
0.235031
0.209324
0.420307
0.238247
0.307863
0.366738
0.280707
0.280684
0.321648
0.22396
0.287892
0.357034
0.393988
0.213121
0.296561
0.330219
0.235196
0.226067
0.284798
0.252416
0.205671
0.305308
0.174341
0.256877
0.278028
0.214864
0.257738
0.301023
0.352118
0.260426
0.336995
0.330428
0.318451
0.283628
0.316025
0.354182
0.202069
0.262717
0.388669
0.276378
0.242638
0.168148
0.337543
0.268404
0.274657
0.265117
0.314006
0.230335
0.195234
0.260097
0.319842
0.32983
0.393187
0.227986
0.20609
0.262958
0.286008
0.408679
0.277948
0.222578
0.370519
0.227098
0.305455
0.321475
0.275696
0.285035
0.286946
0.257162
0.379705
0.346199
0.310626
0.274044
0.277354
0.256481
0.368812
0.229242
0.231436
0.325634
0.209684
0.255492
0.230976
0.275903
0.363319
0.297808
0.24055
0.258834
0.163554
0.298846
0.292368
0.222746
0.399226
0.312734
0.21222
0.345469
0.238929
0.273232
0.280059
0.333629
0.242297
0.201472
0.218877
0.296904
0.223072
0.277098
0.282878
0.221739
0.229187
0.306116
0.282345
0.258862
0.155197
0.249561
0.260167
0.284571
0.279615
0.271274
0.34838
0.30007
0.247823
0.1888
0.2509
0.210736
0.252861
0.285477
0.290627
0.249642
0.269398
0.263717
0.314737
0.255171
0.242939
0.257746
0.294939
0.415592
0.287366
0.287807
0.290655
0.31396
0.218708
0.240253
0.322786
0.265751
0.334619
0.289474
0.306513
0.251405
0.274863
0.256963
0.343686
0.271336
0.27409
0.268848
0.251989
0.27834
0.184266
0.28862
0.274039
0.260033
0.238185
0.272206
0.25699
0.254475
0.332504
0.422164
0.422487
0.373947
0.379993
0.25921
0.240891
0.325017
0.315024
0.449544
0.373238
0.375011
0.454583
0.419358
0.236487
0.373292
0.399632
0.357302
0.379622
0.340221
0.359009
0.395176
0.431238
0.366185
0.396065
0.314246
0.296052
0.255451
0.395956
0.402787
0.223793
0.439384
0.344503
0.438581
0.414795
0.383118
0.324519
0.382047
0.435373
0.426838
0.331936
0.363363
0.395654
0.325337
0.303959
0.404768
0.457808
0.4654
0.378565
0.40799
0.213286
0.216942
0.376349
0.42476
0.416569
0.459892
0.401587
0.451822
0.302563
0.384115
0.330635
0.402729
0.456497
0.271345
0.403679
0.350633
0.256249
0.331229
0.328667
0.362695
0.305782
0.225915
0.374249
0.289478
0.330119
0.241073
0.311432
0.35151
0.443497
0.33353
0.307248
0.343228
0.38018
0.455064
0.455059
0.414927
0.406803
0.32058
0.255344
0.379965
0.307275
0.326253
0.385094
0.425675
0.292413
0.418938
0.416085
0.450699
0.420651
0.280334
0.23669
0.397762
0.333675
0.40163
0.259357
0.293064
0.247816
0.410999
0.444219
0.412072
0.442284
0.35962
0.330922
0.326386
0.329201
0.330806
0.45302
0.392007
0.253809
0.394361
0.40436
0.325014
0.309596
0.377063
0.453576
0.342451
0.426611
0.395885
0.412291
0.38161
0.286941
0.406546
0.388095
0.352522
0.431885
0.378054
0.356994
0.314102
0.323892
0.396488
0.420512
0.235469
0.376575
0.437877
0.351355
0.363983
0.372142
0.270028
0.26709
0.380965
0.308766
0.411654
0.242525
0.377382
0.431033
0.366061
0.338421
0.479905
0.351123
0.376922
0.447078
0.328851
0.451707
0.363645
0.445054
0.261132
0.362463
0.407325
0.451219
0.304794
0.345829
0.443617
0.384512
0.380425
0.253171
0.40995
0.415755
0.31689
0.428034
0.406364
0.276367
0.332497
0.374011
0.277026
0.35798
0.329176
0.284118
0.415716
0.398279
0.356313
0.361589
0.31108
0.187764
0.425215
0.41781
0.412645
0.240983
0.401453
0.393561
0.415692
0.346633
0.300074
0.417435
0.160635
0.465432
0.350229
0.288856
0.229632
0.339734
0.400668
0.350846
0.348727
0.257271
0.248068
0.295136
0.343528
0.438833
0.316392
0.461704
0.388471
0.238394
0.364002
0.406889
0.358065
0.298619
0.400361
0.30047
0.269455
0.37818
0.341651
0.312606
0.26847
0.441125
0.394728
0.350424
0.382031
0.331005
0.300286
0.345719
0.390452
0.306449
0.342038
0.309728
0.378421
0.348222
0.310472
0.379191
0.434521
0.279812
0.232284
0.425393
0.299617
0.380082
0.434639
0.339851
0.356118
0.291221
0.425552
0.36645
0.321278
0.454412
0.387169
0.210851
0.409098
0.332728
0.392199
0.38026
0.418902
0.429855
0.395714
0.382583
0.408877
0.387296
0.366459
0.234323
0.205784
0.382266
0.278573
0.405331
0.399171
0.209256
0.273877
0.271979
0.39673
0.290937
0.357071
0.340132
0.459153
0.368904
0.406556
0.321826
0.423874
0.406318
0.419168
0.396572
0.385993
0.199005
0.320408
0.444861
0.29409
0.455949
0.370186
0.34306
0.174686
0.326271
0.366572
0.414626
0.253404
0.248904
0.129641
0.407714
0.330244
0.282636
0.270042
0.440564
0.381883
0.243396
0.329758
0.263405
0.42042
0.38004
0.40869
0.469461
0.184506
0.245444
0.327997
0.422052
0.281232
0.386734
0.4451
0.443247
0.295674
0.391328
0.366408
0.406319
0.425271
0.248319
0.379138
0.419727
0.355785
0.323981
0.351555
0.382425
0.288199
0.348801
0.414437
0.392834
0.456932
0.359762
0.284213
0.402675
0.386316
0.349246
0.311803
0.390953
0.34545
0.300096
0.374903
0.377612
0.455041
0.339029
0.426182
0.302021
0.409433
0.381195
0.438419
0.403704
0.314998
0.414456
0.483164
0.373613
0.43088
0.464441
0.375149
0.352922
0.390495
0.336994
0.266886
0.436067
0.394201
0.369607
0.430761
0.299741
0.426881
0.276224
0.380887
0.300595
0.43172
0.245005
0.419078
0.41338
0.215505
0.432627
0.469983
0.390628
0.372598
0.320745
0.443318
0.259205
0.33939
0.271653
0.297106
0.338603
0.455024
0.344081
0.357449
0.426283
0.332111
0.246043
0.331415
0.426567
0.36822
0.399592
0.486455
0.338738
0.377474
0.276685
0.432331
0.473606
0.373193
0.421534
0.412198
0.253683
0.462048
0.406169
0.44431
0.353972
0.375728
0.39451
0.444865
0.290018
0.477973
0.353944
0.37506
0.36802
0.405824
0.387628
0.360341
0.191749
0.371328
0.409374
0.458382
0.320165
0.33667
0.392743
0.303798
0.378394
0.441546
0.34484
0.434053
0.375711
0.388924
0.431603
0.404889
0.428195
0.425424
0.357577
0.358924
0.45981
0.382971
0.406688
0.387428
0.366769
0.349695
0.422787
0.368945
0.443577
0.414768
0.456785
0.4237
0.420432
0.454324
0.406404
0.333776
0.399572
0.443403
0.227194
0.322717
0.259616
0.379135
0.252882
0.267677
0.369377
0.363845
0.454499
0.366075
0.321894
0.392995
0.288674
0.430164
0.230577
0.374794
0.310721
0.422687
0.422411
0.38607
0.47692
0.304583
0.273172
0.362725
0.468559
0.502734
0.444167
0.526526
0.556707
0.49427
0.577067
0.520823
0.365436
0.324966
0.493765
0.351215
0.426551
0.521834
0.582437
0.347189
0.542008
0.489168
0.590414
0.497128
0.438403
0.505588
0.318413
0.521996
0.347692
0.576774
0.458703
0.521026
0.208576
0.346362
0.559924
0.512105
0.48648
0.579441
0.599672
0.333417
0.529893
0.578815
0.299128
0.537168
0.29298
0.299155
0.543124
0.468141
0.596236
0.555036
0.530204
0.329358
0.367787
0.531725
0.458753
0.568547
0.309851
0.555782
0.45927
0.427155
0.483335
0.282208
0.510694
0.529204
0.344531
0.482022
0.392391
0.535968
0.480043
0.540615
0.538455
0.22356
0.530006
0.303731
0.561283
0.291736
0.402827
0.452041
0.484708
0.463841
0.568715
0.481199
0.540388
0.477925
0.455614
0.551342
0.560927
0.49831
0.288237
0.336429
0.540587
0.335559
0.285416
0.440104
0.507735
0.512317
0.33553
0.52879
0.502826
0.533185
0.545295
0.286593
0.553866
0.361662
0.375005
0.34193
0.501843
0.498038
0.588817
0.486122
0.321412
0.446993
0.572589
0.556494
0.508619
0.475296
0.481587
0.573643
0.292127
0.521429
0.315638
0.491046
0.5526
0.541016
0.472671
0.41667
0.526661
0.344927
0.221915
0.57427
0.421332
0.452656
0.445773
0.311543
0.563262
0.484544
0.523283
0.305923
0.462822
0.496217
0.457146
0.544386
0.521282
0.493543
0.557331
0.471709
0.562382
0.514175
0.275292
0.195794
0.455712
0.604227
0.510728
0.506477
0.340455
0.270107
0.332227
0.565723
0.242126
0.518738
0.483601
0.507584
0.532889
0.504212
0.281446
0.43118
0.496309
0.459411
0.433824
0.52218
0.310218
0.534826
0.582143
0.463783
0.522193
0.340122
0.543354
0.440846
0.373678
0.451606
0.514484
0.330629
0.457833
0.432441
0.327084
0.484074
0.551467
0.307558
0.576392
0.484846
0.514265
0.524195
0.516397
0.331502
0.205876
0.532961
0.53436
0.478108
0.470542
0.536247
0.499232
0.538139
0.541915
0.377067
0.46128
0.523587
0.466166
0.435403
0.406545
0.296034
0.525662
0.564581
0.478764
0.276873
0.496364
0.518828
0.55129
0.606043
0.575985
0.591178
0.379248
0.349529
0.506002
0.448621
0.519851
0.330935
0.459569
0.506896
0.488155
0.558184
0.536353
0.516046
0.516508
0.499311
0.484326
0.460039
0.373762
0.345764
0.382462
0.519587
0.53178
0.545616
0.58343
0.580225
0.586795
0.577014
0.512124
0.545863
0.314927
0.541809
0.351692
0.415622
0.558121
0.276217
0.370656
0.450037
0.497477
0.461495
0.378951
0.510162
0.427042
0.563122
0.443794
0.457368
0.445179
0.55127
0.484392
0.458674
0.331197
0.475152
0.457504
0.542459
0.529847
0.402146
0.544014
0.445873
0.458761
0.413645
0.464053
0.473456
0.527537
0.437682
0.314305
0.515193
0.524657
0.547127
0.513212
0.532348
0.567805
0.546911
0.551458
0.344327
0.578293
0.465806
0.473297
0.543687
0.493122
0.342072
0.514868
0.504338
0.560954
0.573527
0.417994
0.196519
0.530033
0.576543
0.382471
0.43956
0.395012
0.409358
0.447056
0.444369
0.294098
0.365558
0.379035
0.230669
0.185767
0.435497
0.392117
0.432428
0.365702
0.395852
0.291732
0.422043
0.395585
0.337266
0.403833
0.43207
0.312015
0.484054
0.453918
0.320261
0.331829
0.333304
0.373905
0.413422
0.366351
0.329258
0.297501
0.338577
0.358823
0.362066
0.338823
0.37578
0.395607
0.296302
0.430022
0.332891
0.350636
0.324585
0.325331
0.400511
0.411563
0.253129
0.355557
0.413888
0.434313
0.213099
0.415484
0.415355
0.404569
0.391607
0.284328
0.41838
0.404466
0.303101
0.442393
0.380037
0.265893
0.0975361
0.380621
0.41063
0.406523
0.438888
0.419238
0.24693
0.452933
0.441641
0.338245
0.425659
0.412375
0.477344
0.387231
0.434949
0.354554
0.387938
0.411235
0.326697
0.4412
0.427678
0.389011
0.390352
0.365913
0.3249
0.403607
0.454519
0.375627
0.192824
0.453055
0.361028
0.398597
0.433759
0.277942
0.354434
0.367043
0.362128
0.190527
0.223611
0.353398
0.453468
0.3228
0.352279
0.391316
0.282306
0.438608
0.454511
0.450719
0.434912
0.390081
0.406583
0.447324
0.468368
0.378423
0.43518
0.415684
0.205584
0.411112
0.417676
0.452398
0.379899
0.415261
0.38207
0.423924
0.395073
0.385123
0.389099
0.423461
0.240568
0.369523
0.239246
0.391285
0.376615
0.201221
0.288067
0.366236
0.357848
0.339784
0.353955
0.418754
0.362448
0.261075
0.310514
0.437946
0.41549
0.251004
0.365388
0.423003
0.479126
0.427875
0.42127
0.445871
0.415562
0.42534
0.469233
0.33669
0.33815
0.290914
0.378868
0.280672
0.409101
0.437132
0.411328
0.364611
0.410639
0.430168
0.277937
0.390533
0.436388
0.325094
0.319111
0.367276
0.398355
0.338819
0.418458
0.348034
0.424508
0.402319
0.309734
0.336867
0.411433
0.408546
0.418516
0.406755
0.440337
0.400767
0.345617
0.229922
0.206642
0.0864941
0.322852
0.381358
0.268617
0.216352
0.417251
0.376411
0.34455
0.424773
0.472383
0.369237
0.375729
0.439073
0.45894
0.37242
0.382341
0.362579
0.150092
0.450926
0.306958
0.469563
0.339781
0.420649
0.171263
0.431974
0.438583
0.438014
0.266766
0.414156
0.392683
0.201072
0.383927
0.449294
0.406191
0.419935
0.434608
0.420766
0.28503
0.372098
0.424328
0.375994
0.368631
0.382297
0.202385
0.380052
0.207647
0.419352
0.450464
0.44242
0.399506
0.249618
0.341586
0.23753
0.435379
0.234983
0.304929
0.38885
0.43664
0.411566
0.303988
0.410827
0.318485
0.340967
0.415095
0.449066
0.433211
0.321916
0.328843
0.438339
0.283575
0.233121
0.407355
0.442777
0.350411
0.375628
0.380971
0.386283
0.35406
0.414766
0.408669
0.394415
0.424288
0.440621
0.33072
0.375102
0.445806
0.312322
0.415519
0.38387
0.414166
0.440639
0.396611
0.435055
0.429114
0.348172
0.433878
0.213881
0.35915
0.426909
0.378762
0.420811
0.361036
0.364211
0.403028
0.329233
0.420321
0.339161
0.394039
0.379009
0.467491
0.251723
0.225882
0.186432
0.348941
0.300746
0.176263
0.267261
0.271539
0.186677
0.421417
0.266336
0.314719
0.281411
0.397746
0.307221
0.166811
0.154648
0.33539
0.183396
0.290685
0.314214
0.40569
0.424467
0.436087
0.303104
0.298419
0.378602
0.172676
0.33922
0.267228
0.32563
0.17941
0.443922
0.272608
0.448595
0.371149
0.407254
0.268907
0.295723
0.225536
0.24045
0.2691
0.264929
0.427544
0.454489
0.408556
0.23217
0.250523
0.272604
0.249569
0.364926
0.255345
0.16844
0.240868
0.355463
0.273756
0.161321
0.425642
0.133696
0.42587
0.238388
0.450164
0.354792
0.19596
0.402522
0.349007
0.385431
0.345512
0.377066
0.225497
0.268531
0.260081
0.327868
0.357696
0.254045
0.358456
0.333505
0.430481
0.320511
0.345671
0.458782
0.304197
0.25317
0.2727
0.438665
0.385063
0.368648
0.204632
0.425803
0.190857
0.309513
0.286797
0.434146
0.320358
0.352101
0.263349
0.355537
0.212709
0.328885
0.215604
0.215594
0.226223
0.313248
0.248924
0.293661
0.231138
0.172444
0.431981
0.274868
0.313419
0.360845
0.311187
0.282401
0.281279
0.346066
0.242559
0.300608
0.296953
0.180095
0.321596
0.240326
0.233599
0.403789
0.285118
0.347685
0.299978
0.213296
0.314356
0.312396
0.276382
0.347585
0.271654
0.363041
0.334201
0.20945
0.361164
0.281556
0.348951
0.294378
0.283965
0.373291
0.145301
0.237221
0.273905
0.347827
0.334171
0.311239
0.165562
0.38248
0.294154
0.347715
0.303038
0.170542
0.233061
0.31987
0.296722
0.134137
0.312295
0.15851
0.275847
0.362675
0.310365
0.294256
0.294481
0.358649
0.26372
0.293704
0.275407
0.33576
0.377793
0.268863
0.419065
0.148839
0.277269
0.285391
0.234382
0.287889
0.278551
0.294775
0.312579
0.296942
0.270908
0.417176
0.350933
0.294976
0.247773
0.235357
0.278048
0.157653
0.149814
0.326302
0.232054
0.166156
0.293596
0.285446
0.259977
0.180174
0.320318
0.374449
0.274544
0.339721
0.403366
0.440382
0.268545
0.257243
0.308663
0.281283
0.351491
0.171162
0.446012
0.321403
0.441502
0.371437
0.322534
0.348079
0.265422
0.259967
0.256005
0.263237
0.335916
0.276852
0.261948
0.227826
0.30261
0.441218
0.267147
0.391165
0.327549
0.381877
0.302966
0.334733
0.416033
0.19422
0.258822
0.421364
0.252097
0.333867
0.357614
0.268037
0.295032
0.307539
0.185555
0.16015
0.373954
0.33403
0.257724
0.299489
0.274685
0.438491
0.286444
0.351063
0.201226
0.243667
0.302555
0.271775
0.357721
0.287779
0.309517
0.242059
0.346295
0.294385
0.275676
0.440073
0.315746
0.162869
0.269481
0.342688
0.339358
0.287519
0.263608
0.318713
0.276827
0.292982
0.28314
0.31524
0.274608
0.275917
0.437138
0.314821
0.389574
0.248322
0.388105
0.453389
0.290846
0.40884
0.395896
0.266556
0.246206
0.142078
0.260006
0.313855
0.328481
0.297335
0.245676
0.165663
0.330954
0.269272
0.355685
0.156739
0.183896
0.50112
0.527784
0.561407
0.497456
0.505761
0.507675
0.525972
0.560203
0.501917
0.490961
0.445102
0.206119
0.45674
0.431157
0.54862
0.482259
0.513267
0.417155
0.536619
0.480852
0.254661
0.471111
0.448178
0.577668
0.510064
0.502329
0.468708
0.536769
0.449867
0.564654
0.588218
0.572352
0.516436
0.387511
0.477761
0.546172
0.574055
0.534272
0.498074
0.586255
0.453145
0.453145
0.521847
0.484953
0.273496
0.515678
0.472961
0.473039
0.468365
0.475369
0.514341
0.557098
0.542627
0.498407
0.50195
0.382806
0.514853
0.523177
0.444486
0.468365
0.180629
0.514022
0.435472
0.367882
0.450449
0.268568
0.458217
0.385276
0.389104
0.439433
0.545651
0.524864
0.46442
0.457311
0.517314
0.471768
0.517314
0.43262
0.480561
0.515909
0.426248
0.492074
0.52645
0.514906
0.482734
0.522431
0.447595
0.52697
0.374171
0.386937
0.488638
0.431784
0.450379
0.529317
0.455658
0.524498
0.552147
0.481354
0.24831
0.506362
0.567686
0.444117
0.522495
0.471645
0.478567
0.471709
0.521061
0.60587
0.490554
0.383289
0.444016
0.539067
0.475488
0.533327
0.426248
0.546076
0.440301
0.558849
0.390052
0.490428
0.453111
0.280726
0.46725
0.452485
0.371355
0.270523
0.360885
0.507907
0.506838
0.424076
0.515738
0.581129
0.486175
0.403859
0.575659
0.510781
0.483113
0.550672
0.524463
0.452485
0.471111
0.551612
0.50195
0.542449
0.495425
0.445706
0.453121
0.522431
0.542393
0.56795
0.513267
0.518116
0.531308
0.384926
0.231294
0.514356
0.445527
0.459512
0.553902
0.423081
0.57887
0.461821
0.525566
0.478567
0.555578
0.536448
0.521847
0.500694
0.530014
0.231294
0.560155
0.469536
0.546474
0.54122
0.437949
0.482993
0.428642
0.488835
0.629881
0.374171
0.619784
0.522495
0.572106
0.358521
0.503663
0.509626
0.553295
0.531643
0.474823
0.543655
0.499181
0.547884
0.554145
0.532671
0.538079
0.496886
0.487652
0.446673
0.433208
0.537112
0.505944
0.558287
0.312701
0.465056
0.264103
0.417694
0.474315
0.521928
0.495524
0.470278
0.488525
0.433814
0.576749
0.469407
0.522587
0.545567
0.574971
0.507553
0.523758
0.408988
0.530634
0.543825
0.525566
0.454282
0.582547
0.531067
0.450379
0.527485
0.488944
0.447595
0.601236
0.546109
0.547626
0.437562
0.264562
0.361666
0.365419
0.461855
0.39039
0.488944
0.407887
0.52697
0.488424
0.547051
0.476621
0.518787
0.587613
0.467516
0.367523
0.307987
0.551929
0.524206
0.457936
0.510943
0.457311
0.502031
0.465125
0.510943
0.48684
0.488992
0.502765
0.572643
0.405851
0.546717
0.536814
0.430705
0.570413
0.590937
0.385276
0.494189
0.49398
0.478604
0.446926
0.505026
0.490961
0.505474
0.597631
0.454418
0.515909
0.558706
0.445706
0.453967
0.488424
0.532943
0.592897
0.463678
0.556486
0.502765
0.431215
0.574938
0.474899
0.24831
0.55486
0.505064
0.470915
0.488992
0.598024
0.456705
0.385071
0.264103
0.459598
0.33935
0.104486
0.103348
0.166957
0.113228
0.0764754
0.129496
0.130395
0.103429
0.0865022
0.127789
0.158806
0.156761
0.0727932
0.107256
0.126773
0.0551907
0.185581
0.102684
0.170289
0.0888283
0.123243
0.0916646
0.160431
0.142763
0.0715895
0.107817
0.114909
0.123952
0.078607
0.162627
0.0861078
0.0776009
0.126751
0.0565322
0.0868066
0.0945304
0.190117
0.0799193
0.166609
0.0456971
0.0552232
0.0950124
0.0925799
0.100148
0.104441
0.0806935
0.119458
0.11756
0.0934154
0.100701
0.0864489
0.133485
0.0667736
0.124101
0.0614063
0.0623973
0.0567408
0.103843
0.135107
0.140511
0.0869558
0.118611
0.0671125
0.121185
0.108656
0.0603764
0.173562
0.120952
0.189872
0.0987625
0.14528
0.136455
0.142123
0.170791
0.0781326
0.233428
0.164329
0.119048
0.139952
0.138258
0.0542516
0.197786
0.104197
0.0920575
0.167861
0.148007
0.0565436
0.158456
0.0765892
0.126843
0.0799629
0.0839354
0.122326
0.13028
0.107719
0.0863746
0.12539
0.0792874
0.0865913
0.113571
0.0824299
0.0647373
0.174725
0.107372
0.0849102
0.0981485
0.121802
0.0825961
0.14667
0.0702237
0.126667
0.0707603
0.0729111
0.105806
0.0335195
0.0809881
0.148236
0.112832
0.165597
0.16095
0.0859594
0.148013
0.0471949
0.0649373
0.0892768
0.0321623
0.259198
0.0814132
0.166684
0.076661
0.0893697
0.157757
0.144834
0.0983597
0.11097
0.170144
0.12894
0.190061
0.122778
0.158007
0.0570727
0.0882336
0.185181
0.0806066
0.15122
0.0904793
0.129202
0.0562786
0.081631
0.0760013
0.064634
0.0881593
0.124563
0.179442
0.0842128
0.10676
0.171441
0.0973072
0.122224
0.12378
0.148597
0.192143
0.122836
0.0787917
0.0672879
0.138738
0.0942386
0.182559
0.0482275
0.152812
0.0567887
0.0825077
0.239447
0.142722
0.141973
0.105897
0.0915789
0.0681208
0.127636
0.060643
0.0539658
0.125145
0.0807847
0.0654043
0.125325
0.0871649
0.0861839
0.0965715
0.0918052
0.110027
0.142031
0.109296
0.16457
0.148105
0.0787323
0.0938671
0.0935416
0.137749
0.0777661
0.0738536
0.0900128
0.0978021
0.16201
0.0242785
0.124591
0.0678048
0.0245826
0.0584087
0.0912495
0.175079
0.0426451
0.141924
0.161449
0.135844
0.230132
0.0713869
0.070944
0.16315
0.0842961
0.118766
0.0495987
0.104798
0.0703787
0.108536
0.126147
0.102026
0.140763
0.181802
0.0475434
0.162156
0.142291
0.125182
0.157258
0.0651511
0.0778992
0.146995
0.130129
0.188981
0.0956167
0.129018
0.0676839
0.0990174
0.0646575
0.260246
0.11101
0.0659127
0.146724
0.170585
0.125905
0.107064
0.0868924
0.0718372
0.113139
0.0821336
0.114352
0.167904
0.20801
0.133609
0.112504
0.169671
0.162585
0.0648164
0.218475
0.15114
0.168335
0.0377885
0.167076
0.138189
0.138783
0.111741
0.0760739
0.0927436
0.0683958
0.125016
0.0980923
0.0833638
0.0829286
0.0960671
0.0945721
0.0876979
0.170507
0.0473594
0.0996953
0.0931291
0.125244
0.100656
0.0631264
0.134729
0.104179
0.13331
0.143639
0.0870886
0.0895757
0.11842
0.156803
0.136698
0.121093
0.0845344
0.170084
0.0964669
0.0954007
0.0883379
0.0851317
0.102511
0.0688934
0.0993077
0.10582
0.0596986
0.100233
0.127465
0.107127
0.0776376
0.108976
0.0569207
0.186937
0.136868
0.145906
0.0845781
0.13562
0.116319
0.0689507
0.0637063
0.128404
0.115634
0.130142
0.102504
0.104776
0.130351
0.127619
0.120661
0.0656189
0.0530497
0.0684194
0.101846
0.0792778
0.14642
0.0824151
0.174406
0.105025
0.0442698
0.153697
0.055876
0.245326
0.161624
0.166946
0.0489287
0.125337
0.133432
0.148757
0.0766881
0.109826
0.0934009
0.112686
0.135095
0.0892409
0.237968
0.0736162
0.186203
0.134173
0.0366557
0.0687947
0.0848957
0.141918
0.0482443
0.0995309
0.0736307
0.188546
0.0529076
0.0970766
0.0909626
0.15458
0.14104
0.0749974
0.134431
0.127787
0.103009
0.0718791
0.0371728
0.0655886
0.162973
0.120216
0.0752922
0.0897992
0.185491
0.158568
0.119433
0.131343
0.101035
0.102231
0.0809179
0.162776
0.103686
0.17983
0.0768546
0.0941565
0.158661
0.0667185
0.105731
0.0405421
0.07173
0.0851532
0.0683158
0.0860136
0.166058
0.0596987
0.0798931
0.112952
0.157289
0.112007
0.11939
0.10562
0.0796559
0.111435
0.126173
0.032699
0.14574
0.0936055
0.162315
0.118099
0.116252
0.0612021
0.0806167
0.0869498
0.110846
0.0663779
0.196628
0.0872533
0.266559
0.109319
0.11393
0.108638
0.181694
0.0632768
0.152359
0.0922496
0.127055
0.071991
0.154518
0.0771751
0.0728735
0.158715
0.107555
0.114357
0.0926359
0.0460384
0.0805662
0.086555
0.060941
0.105958
0.106375
0.112032
0.113842
0.125738
0.170432
0.116662
0.0798443
0.206312
0.0431531
0.0802672
0.0788437
0.140806
0.0973465
0.0660275
0.119539
0.09883
0.0716392
0.232982
0.137119
0.11297
0.095556
0.0877154
0.125734
0.0954354
0.0820235
0.195988
0.0941174
0.11837
0.155463
0.179186
0.123842
0.126715
0.0659851
0.0487527
0.171388
0.10201
0.0573317
0.180861
0.0812866
0.157897
0.11029
0.154804
0.142023
0.178198
0.0473142
0.157978
0.112634
0.0848756
0.0564078
0.143639
0.112623
0.0747364
0.10104
0.117453
0.0861213
0.110199
0.115098
0.0767378
0.200776
0.146009
0.215633
0.0993754
0.15189
0.114114
0.112974
0.0605567
0.0633656
0.148069
0.0695249
0.0510803
0.0930986
0.121875
0.117009
0.128096
0.114599
0.234527
0.0969626
0.0998794
0.147612
0.159544
0.218159
0.140584
0.122391
0.087665
0.077433
0.165445
0.0634223
0.157931
0.120979
0.149441
0.0996234
0.107764
0.0930598
0.101632
0.132603
0.120928
0.0649658
0.0984283
0.050926
0.165679
0.14215
0.0578342
0.146623
0.0632874
0.111122
0.147658
0.184839
0.0782256
0.0697546
0.107406
0.0694998
0.0385092
0.119905
0.0881111
0.0985932
0.108565
0.150852
0.131775
0.12956
0.103547
0.0683042
0.130571
0.13855
0.0542936
0.145463
0.222364
0.128842
0.070822
0.11469
0.0837909
0.113344
0.0782023
0.1663
0.0982333
0.0869492
0.069632
0.11778
0.136708
0.107035
0.122388
0.120591
0.108338
0.0771149
0.0591087
0.0928551
0.174352
0.0893591
0.155201
0.104979
0.0580343
0.12648
0.0903648
0.09782
0.0829535
0.149155
0.0730279
0.102143
0.0815362
0.105118
0.194873
0.0984334
0.111239
0.059948
0.0604868
0.0492602
0.0492112
0.0763392
0.17068
0.125153
0.0672685
0.111721
0.140709
0.207505
0.0453721
0.16321
0.127605
0.0752012
0.10568
0.118794
0.104518
0.146282
0.102799
0.0409772
0.109648
0.078654
0.0561463
0.170128
0.099429
0.0606337
0.10771
0.104715
0.0438359
0.0404363
0.072172
0.0925616
0.0759299
0.0791666
0.156429
0.0772102
0.164192
0.135366
0.0949218
0.0748248
0.143217
0.0959412
0.0705865
0.103749
0.132724
0.0707252
0.0585752
0.168379
0.1224
0.147626
0.0801094
0.075161
0.178141
0.0672157
0.0461601
0.0950096
0.114756
0.0464053
0.0738888
0.100465
0.247144
0.0644182
0.220037
0.0636868
0.11078
0.0668838
0.0822851
0.0636694
0.0724057
0.0753412
0.0908245
0.196872
0.138541
0.522329
0.142762
0.41349
0.132222
0.301115
0.188292
0.150848
0.450845
0.176785
0.19534
0.378873
0.0992661
0.203853
0.0821937
0.269472
0.287526
0.153163
0.187895
0.0690341
0.165873
0.0762307
0.449306
0.0674722
0.132136
0.141733
0.0552061
0.16688
0.0647939
0.269976
0.434808
0.0768124
0.259896
0.425934
0.298968
0.129595
0.273053
0.270144
0.264154
0.206203
0.269621
0.0785914
0.0791772
0.155757
0.140634
0.23283
0.449673
0.283317
0.187678
0.305898
0.237244
0.153292
0.192191
0.170028
0.338125
0.176434
0.16242
0.159765
0.262894
0.246034
0.13994
0.197441
0.180378
0.184485
0.17544
0.078686
0.196205
0.4564
0.304812
0.310821
0.116569
0.159861
0.139903
0.185212
0.302041
0.20403
0.252724
0.0993548
0.300457
0.248034
0.151636
0.120601
0.167154
0.0588344
0.383767
0.194231
0.0825613
0.13311
0.102873
0.388868
0.365335
0.129124
0.112533
0.249388
0.0735319
0.192435
0.397377
0.193724
0.233144
0.281807
0.0673085
0.0397591
0.264278
0.156402
0.215558
0.0572963
0.226098
0.113324
0.18465
0.378953
0.192323
0.145525
0.127621
0.325926
0.297633
0.138219
0.181099
0.256157
0.1998
0.317474
0.236664
0.0534972
0.0429071
0.301197
0.398092
0.126818
0.158017
0.104187
0.109368
0.427264
0.174534
0.075844
0.103626
0.132998
0.188388
0.264592
0.0735521
0.139524
0.43503
0.202263
0.420726
0.0698615
0.520666
0.261628
0.360766
0.205067
0.204871
0.393013
0.27191
0.14777
0.157868
0.397632
0.196227
0.377178
0.26044
0.188774
0.329605
0.0657685
0.452868
0.36289
0.128356
0.111956
0.0997436
0.14821
0.0488552
0.0732713
0.168285
0.480347
0.175116
0.102895
0.0668503
0.228005
0.0901991
0.149875
0.407229
0.108124
0.16732
0.328263
0.0484552
0.124801
0.0798013
0.236754
0.0869215
0.216755
0.317818
0.295316
0.299705
0.201543
0.263092
0.265674
0.158234
0.34663
0.0954479
0.101484
0.0623237
0.210615
0.301157
0.137855
0.376122
0.0802735
0.16763
0.229587
0.266235
0.0748167
0.231792
0.183183
0.0441724
0.336373
0.164849
0.163763
0.091478
0.443633
0.0723643
0.196698
0.336098
0.236351
0.150213
0.129586
0.0622403
0.181641
0.125421
0.0926445
0.390978
0.213159
0.43748
0.22988
0.210861
0.193859
0.117961
0.178461
0.1123
0.141305
0.120338
0.20479
0.362995
0.0717475
0.483424
0.0670111
0.0980764
0.311987
0.312615
0.157837
0.181187
0.216452
0.145784
0.302419
0.254139
0.342341
0.138625
0.301511
0.241203
0.487588
0.417278
0.09007
0.136312
0.214783
0.432427
0.284722
0.408826
0.264315
0.0730542
0.22991
0.134944
0.188573
0.434468
0.161444
0.208995
0.262021
0.0484045
0.354039
0.297169
0.124224
0.181628
0.346807
0.36538
0.0973184
0.180862
0.363881
0.135386
0.203614
0.345186
0.106908
0.477514
0.155752
0.35871
0.183459
0.224928
0.100633
0.301809
0.34491
0.129411
0.216852
0.0319693
0.127057
0.0387854
0.0677087
0.0781813
0.0999505
0.138515
0.137492
0.412956
0.0646751
0.0926565
0.15103
0.147748
0.0606187
0.046462
0.329614
0.0861019
0.232038
0.0992008
0.16566
0.0921391
0.132248
0.139832
0.459496
0.0593827
0.339433
0.250701
0.345093
0.11037
0.0611778
0.149233
0.0829724
0.119988
0.210809
0.144333
0.320317
0.0543385
0.172711
0.209873
0.15821
0.2054
0.201823
0.217877
0.199765
0.364604
0.523266
0.149747
0.100973
0.185709
0.418293
0.369132
0.139905
0.264137
0.0765526
0.0481904
0.151563
0.318369
0.391622
0.410014
0.135343
0.19617
0.0645345
0.113972
0.346617
0.2266
0.49069
0.0840797
0.261621
0.152557
0.124366
0.0869518
0.229619
0.0485517
0.427577
0.434884
0.250571
0.399265
0.0759868
0.284693
0.295814
0.169531
0.306436
0.458626
0.437206
0.146654
0.198785
0.262731
0.378916
0.148527
0.0764156
0.0532875
0.129985
0.402024
0.112493
0.361071
0.212039
0.114673
0.0983411
0.179085
0.303837
0.142033
0.167618
0.184713
0.180986
0.194442
0.0846242
0.112406
0.160371
0.0583515
0.21958
0.245613
0.176363
0.0703917
0.175803
0.127613
0.238036
0.0497926
0.174833
0.119934
0.0888031
0.0520464
0.214666
0.0920229
0.106456
0.369621
0.205692
0.199701
0.311237
0.0807988
0.156017
0.165663
0.282619
0.14997
0.269828
0.411272
0.101112
0.0371555
0.23866
0.129071
0.161812
0.178122
0.461028
0.0455195
0.233868
0.412066
0.225205
0.204837
0.316873
0.10728
0.120662
0.496734
0.380073
0.0721751
0.165733
0.446595
0.135512
0.314707
0.150856
0.047383
0.376962
0.0705377
0.0962125
0.0467169
0.28542
0.11395
0.156146
0.322863
0.159294
0.061142
0.0580586
0.337956
0.228572
0.0950141
0.227711
0.266584
0.202986
0.357954
0.202647
0.0273508
0.172892
0.130925
0.0937617
0.139518
0.332348
0.0534737
0.131749
0.0615171
0.141536
0.183197
0.239594
0.110137
0.419518
0.317372
0.243535
0.07592
0.158379
0.294368
0.341048
0.11414
0.248856
0.329152
0.219047
0.194304
0.0918369
0.110997
0.152444
0.209161
0.129594
0.361204
0.0748989
0.228695
0.289358
0.0944606
0.163146
0.259639
0.182427
0.144429
0.172025
0.383783
0.0761276
0.242311
0.139445
0.243423
0.212488
0.16073
0.249536
0.163905
0.306887
0.141008
0.0886622
0.393475
0.179026
0.0909978
0.134266
0.216296
0.099339
0.391096
0.242015
0.365257
0.170602
0.267467
0.140424
0.0743751
0.217552
0.200168
0.292272
0.131752
0.0913232
0.28539
0.193766
0.115264
0.0681619
0.173152
0.134416
0.212627
0.381994
0.0612909
0.0508926
0.385995
0.382898
0.19531
0.156987
0.0459847
0.118404
0.121639
0.177802
0.302157
0.36768
0.175754
0.105559
0.268416
0.0622569
0.148203
0.228062
0.192492
0.403805
0.0422998
0.329514
0.089552
0.132973
0.171432
0.112208
0.414325
0.491294
0.179617
0.359132
0.0562227
0.485
0.089252
0.241217
0.155252
0.433414
0.407055
0.179029
0.0823767
0.14086
0.157451
0.190259
0.339485
0.164115
0.280603
0.129714
0.169857
0.255144
0.126028
0.172702
0.393081
0.361563
0.360861
0.308935
0.385292
0.407749
0.177202
0.137942
0.185255
0.0603075
0.0581487
0.266478
0.0481047
0.317323
0.494144
0.165302
0.206996
0.420465
0.325982
0.102193
0.25252
0.332626
0.11798
0.41568
0.294284
0.284835
0.245403
0.219769
0.160244
0.203747
0.130041
0.181343
0.333421
0.295194
0.219554
0.0873661
0.160494
0.149292
0.135281
0.167414
0.0789035
0.187178
0.308351
0.340903
0.116342
0.428313
0.19212
0.158675
0.0745254
0.158869
0.411949
0.0926006
0.232099
0.250191
0.134764
0.358696
0.308774
0.483764
0.110244
0.355803
0.171588
0.153603
0.239288
0.168203
0.173717
0.0662147
0.115609
0.322584
0.0518144
0.0444689
0.203006
0.158403
0.183878
0.224292
0.109704
0.122408
0.0428717
0.2291
0.238684
0.132318
0.101588
0.199254
0.31207
0.227218
0.12292
0.323174
0.102426
0.169268
0.0779315
0.119204
0.148705
0.0675008
0.128711
0.145458
0.224124
0.286797
0.0930403
0.24406
0.288687
0.11658
0.114368
0.161432
0.221454
0.350395
0.173315
0.0547639
0.135895
0.165018
0.132381
0.0828234
0.322437
0.0803065
0.329621
0.0901142
0.0896291
0.208746
0.226785
0.0766289
0.245834
0.115419
0.228616
0.215443
0.250503
0.136506
0.125215
0.267599
0.268244
0.184951
0.243598
0.0928926
0.138969
0.298453
0.205839
0.24729
0.122261
0.140515
0.210712
0.115215
0.190301
0.181017
0.194655
0.132324
0.20415
0.223059
0.278066
0.125993
0.282113
0.186313
0.233436
0.0452618
0.187835
0.346951
0.257476
0.261195
0.14202
0.253334
0.140876
0.152167
0.111644
0.172153
0.177241
0.25023
0.311982
0.166178
0.212458
0.18738
0.150505
0.119538
0.170583
0.0979862
0.348496
0.355406
0.174824
0.126426
0.152399
0.0689213
0.209328
0.133343
0.190663
0.0992678
0.123701
0.160658
0.183558
0.389317
0.155083
0.143925
0.0873201
0.322609
0.163727
0.174116
0.203495
0.0575605
0.0640253
0.223764
0.0786702
0.134429
0.216133
0.182987
0.182109
0.169361
0.133657
0.244148
0.171058
0.248755
0.265141
0.239773
0.304632
0.174544
0.19836
0.254882
0.338818
0.135861
0.123704
0.0900325
0.11343
0.105394
0.117183
0.104083
0.060844
0.0884185
0.21521
0.0521951
0.265365
0.197567
0.0840541
0.0919706
0.0943987
0.199454
0.105501
0.260528
0.176435
0.150396
0.334621
0.164606
0.212403
0.193466
0.216277
0.181601
0.136045
0.144941
0.122867
0.129889
0.326684
0.17204
0.142709
0.139051
0.33315
0.276317
0.136566
0.132831
0.24389
0.0974199
0.155836
0.0860656
0.0427306
0.316753
0.222649
0.226384
0.242136
0.205229
0.118439
0.0770538
0.136289
0.132966
0.198616
0.273457
0.35062
0.141896
0.0920082
0.124208
0.154531
0.157877
0.0822331
0.0857032
0.265703
0.0801882
0.164752
0.317062
0.11789
0.279102
0.0760414
0.131226
0.257838
0.204775
0.024677
0.0889687
0.3398
0.200684
0.137534
0.129184
0.286708
0.212023
0.0916801
0.176571
0.17707
0.167793
0.130869
0.321132
0.223286
0.273531
0.133798
0.128062
0.0931182
0.141829
0.161797
0.169013
0.151406
0.189049
0.140322
0.123182
0.121412
0.30213
0.309265
0.100303
0.101029
0.10422
0.274618
0.207416
0.276865
0.0599554
0.136545
0.0871371
0.225434
0.212317
0.18267
0.172483
0.127361
0.189225
0.150798
0.217601
0.0732395
0.16962
0.280581
0.0905311
0.118533
0.277411
0.0399224
0.198806
0.0855118
0.129647
0.0590701
0.238351
0.0969691
0.133771
0.160662
0.23133
0.172999
0.200668
0.188748
0.105032
0.180767
0.0366563
0.187323
0.343997
0.176335
0.180681
0.102822
0.304905
0.0767351
0.162253
0.148626
0.182194
0.237161
0.204534
0.0627708
0.140313
0.192341
0.0498659
0.0597457
0.117266
0.124258
0.0654256
0.160312
0.135565
0.344998
0.115691
0.0537238
0.239238
0.179731
0.295631
0.243601
0.366825
0.060414
0.357712
0.239211
0.0411747
0.181201
0.074456
0.215254
0.18275
0.337085
0.0919583
0.107635
0.159983
0.281219
0.186062
0.168974
0.0347941
0.135889
0.145691
0.0874553
0.133339
0.101244
0.211124
0.181508
0.279819
0.197921
0.196784
0.0740414
0.174546
0.11261
0.301592
0.116682
0.124992
0.373016
0.213368
0.224193
0.290276
0.107922
0.236423
0.0806001
0.132893
0.182903
0.0498443
0.0944893
0.173414
0.241986
0.217981
0.104981
0.172878
0.0637903
0.250936
0.203999
0.160091
0.136734
0.170803
0.197444
0.110773
0.248129
0.187407
0.0736299
0.276473
0.271831
0.143782
0.310517
0.27051
0.200655
0.237713
0.225105
0.311384
0.311973
0.248692
0.0606027
0.222589
0.0539175
0.139402
0.177191
0.14333
0.211662
0.190589
0.106043
0.110359
0.150503
0.237437
0.328648
0.0690374
0.120387
0.156866
0.0559191
0.225483
0.163344
0.27359
0.143224
0.074942
0.220846
0.175151
0.111736
0.173768
0.197505
0.252022
0.151141
0.0757865
0.128914
0.0774667
0.1469
0.352758
0.253621
0.0508542
0.232523
0.152802
0.0990366
0.24733
0.196415
0.243478
0.347585
0.119141
0.071877
0.0956436
0.102519
0.0929635
0.192779
0.0750992
0.13821
0.127775
0.130805
0.295195
0.241622
0.110596
0.233003
0.131394
0.036788
0.220662
0.306816
0.305722
0.0911542
0.118826
0.211963
0.210099
0.17815
0.0615417
0.130117
0.218756
0.323697
0.225312
0.22198
0.135459
0.303387
0.162763
0.0716276
0.190112
0.118649
0.158594
0.0901577
0.195842
0.219481
0.270324
0.140048
0.183811
0.0877721
0.135867
0.0573849
0.145274
0.148684
0.288579
0.12217
0.116416
0.10404
0.164164
0.154687
0.174222
0.202694
0.33317
0.20057
0.211236
0.302144
0.168063
0.148834
0.108013
0.273498
0.102516
0.161301
0.191124
0.154398
0.248327
0.101539
0.243114
0.19131
0.126734
0.134854
0.189534
0.084304
0.234029
0.0973388
0.245759
0.111986
0.102328
0.11734
0.218132
0.137999
0.209356
0.163803
0.290651
0.197487
0.262833
0.299485
0.13059
0.139688
0.262272
0.277745
0.151048
0.215385
0.331903
0.149079
0.1413
0.150096
0.188221
0.131608
0.242474
0.120539
0.133349
0.180599
0.143459
0.185998
0.117302
0.0822396
0.351745
0.131123
0.131121
0.0935135
0.335149
0.163964
0.278958
0.286009
0.070597
0.100338
0.188081
0.323919
0.105153
0.0986703
0.227438
0.147613
0.116716
0.162967
0.0837236
0.134777
0.174701
0.367186
0.115207
0.225128
0.0875009
0.109434
0.0962175
0.249487
0.0887803
0.133186
0.111723
0.107228
0.180418
0.200912
0.0763856
0.0619949
0.138904
0.197818
0.234169
0.213462
0.181746
0.150208
0.07712
0.108406
0.0661197
0.112936
0.242034
0.160467
0.151404
0.155904
0.187141
0.241325
0.0917074
0.228398
0.200898
0.26797
0.104605
0.133182
0.189266
0.105954
0.179438
0.227467
0.176017
0.267573
0.183753
0.275288
0.118604
0.175734
0.136291
0.315138
0.251246
0.129683
0.182867
0.239457
0.107718
0.295138
0.100496
0.194256
0.138063
0.150064
0.114327
0.119563
0.167468
0.166266
0.268642
0.228206
0.0846032
0.153748
0.303303
0.1221
0.155819
0.093606
0.15514
0.275685
0.154354
0.199259
0.115806
0.103876
0.301698
0.228982
0.0856666
0.086045
0.189072
0.0480528
0.200664
0.146357
0.151986
0.285106
0.219051
0.239149
0.381845
0.172914
0.306303
0.200975
0.106357
0.13284
0.127854
0.155554
0.307219
0.0621288
0.0981413
0.115441
0.293474
0.144713
0.137423
0.171429
0.079948
0.267945
0.361217
0.17827
0.162631
0.164978
0.0758205
0.0535672
0.228595
0.203308
0.0843938
0.0781924
0.0724982
0.111798
0.243121
0.245667
0.213227
0.10784
0.210654
0.185257
0.11479
0.0946542
0.142375
0.167925
0.130496
0.150673
0.0786102
0.146108
0.0883399
0.120755
0.12775
0.179519
0.0828285
0.138371
0.128687
0.131275
0.223823
0.126047
0.161804
0.125617
0.137476
0.202027
0.190096
0.212919
0.234301
0.231339
0.110801
0.155472
0.110385
0.154567
0.0756058
0.202188
0.199722
0.172951
0.162326
0.0600228
0.0934501
0.0734047
0.0771619
0.0860972
0.0747795
0.143812
0.0972671
0.0984948
0.1642
0.143964
0.179073
0.111714
0.206008
0.114214
0.0617566
0.0502146
0.0408803
0.143652
0.0792655
0.140537
0.20377
0.188919
0.0735183
0.206156
0.308839
0.280513
0.0849739
0.172184
0.223561
0.102756
0.0740139
0.0511925
0.25687
0.266102
0.136376
0.145576
0.0977348
0.122972
0.134164
0.187348
0.0634168
0.129866
0.0487517
0.171139
0.139369
0.200218
0.079348
0.097832
0.14345
0.247568
0.104503
0.245344
0.134584
0.269106
0.0923819
0.177533
0.0868154
0.117023
0.0922615
0.0733274
0.0607396
0.13301
0.246913
0.0984879
0.181304
0.108332
0.142847
0.146657
0.104461
0.0992355
0.151345
0.0742357
0.11182
0.157117
0.177401
0.206235
0.16102
0.0792729
0.157885
0.236976
0.157316
0.0897956
0.204876
0.0327541
0.2147
0.148629
0.062486
0.0329616
0.166282
0.147129
0.198426
0.107215
0.104412
0.0547239
0.222646
0.210324
0.155715
0.15885
0.0736946
0.130678
0.0906448
0.1874
0.0991701
0.128339
0.204293
0.185136
0.0751014
0.0783175
0.141291
0.175877
0.0672237
0.183325
0.132745
0.127908
0.198119
0.0775306
0.154745
0.169141
0.184061
0.119389
0.0844527
0.148004
0.0708779
0.126169
0.051635
0.155258
0.210282
0.111591
0.0983681
0.193361
0.108486
0.199645
0.140747
0.128756
0.177959
0.0894815
0.121903
0.0783578
0.156357
0.195935
0.121391
0.102025
0.0959825
0.186256
0.259216
0.188007
0.0670602
0.124996
0.0865991
0.11237
0.180638
0.240593
0.176635
0.249181
0.16248
0.148609
0.145664
0.133329
0.19482
0.111717
0.195318
0.202681
0.273578
0.057712
0.239895
0.21445
0.204568
0.135989
0.202333
0.264092
0.216982
0.107135
0.117196
0.0654705
0.209913
0.253357
0.120832
0.0714302
0.107101
0.0959091
0.224177
0.0953722
0.290848
0.0735238
0.0802964
0.128581
0.16232
0.148988
0.0870363
0.210233
0.231222
0.213695
0.132166
0.143834
0.118855
0.0768503
0.114717
0.0905293
0.270828
0.127604
0.171063
0.280088
0.0606419
0.12956
0.159709
0.106663
0.21655
0.136991
0.110945
0.0643054
0.206148
0.145187
0.0763741
0.301624
0.0887059
0.107893
0.22387
0.0855127
0.274174
0.158006
0.117622
0.221801
0.117058
0.137546
0.237756
0.0607382
0.250718
0.181411
0.123306
0.0658397
0.231289
0.135919
0.0917717
0.136096
0.156074
0.0977359
0.150914
0.114139
0.116629
0.139164
0.254981
0.284116
0.0922955
0.0891046
0.275609
0.172193
0.217684
0.209098
0.270433
0.0422723
0.304604
0.0936334
0.0481092
0.0950045
0.119163
0.133849
0.179001
0.248882
0.299084
0.236223
0.157905
0.205781
0.190871
0.266346
0.191061
0.244023
0.0532878
0.135962
0.0505969
0.173744
0.0527867
0.188006
0.156622
0.125086
0.0726617
0.180621
0.0920531
0.0682089
0.219153
0.19694
0.0670358
0.274181
0.0750378
0.16883
0.115491
0.0805949
0.0795169
0.123088
0.139928
0.20157
0.259014
0.120683
0.155631
0.178697
0.0795972
0.241833
0.215766
0.216991
0.118803
0.0945102
0.230553
0.254962
0.22453
0.0712991
0.104827
0.171659
0.0985548
0.207341
0.21153
0.132405
0.0935434
0.153951
0.274433
0.188868
0.136932
0.133743
0.0601843
0.237463
0.148942
0.294839
0.170052
0.192924
0.152595
0.161243
0.183425
0.142436
0.246583
0.130751
0.197161
0.0971172
0.0696218
0.185237
0.189543
0.177186
0.166818
0.117042
0.184613
0.0457753
0.173633
0.0675369
0.142212
0.163621
0.0756175
0.107407
0.0693235
0.0761916
0.129719
0.0692635
0.273414
0.114851
0.0453766
0.179972
0.0656473
0.0748358
0.168417
0.154059
0.0634027
0.0817649
0.1184
0.0970215
0.143109
0.18128
0.254467
0.223745
0.218887
0.105818
0.109732
0.0914855
0.161014
0.0662892
0.107871
0.157683
0.0591972
0.0873949
0.0746467
0.0656016
0.264935
0.182706
0.12777
0.247357
0.153536
0.18712
0.12502
0.120639
0.148817
0.0912555
0.204091
0.118195
0.117478
0.111901
0.150257
0.0866041
0.172594
0.101332
0.120498
0.0717025
0.111164
0.197387
0.0757088
0.106652
0.133015
0.136387
0.160746
0.0724292
0.103623
0.155989
0.0644915
0.0850564
0.100222
0.0925362
0.14096
0.204552
0.159881
0.0954985
0.166635
0.110366
0.270353
0.205806
0.119714
0.101183
0.144529
0.0916454
0.0929515
0.0722915
0.0844655
0.0866712
0.235478
0.124271
0.157423
0.193749
0.0785239
0.134066
0.0919818
0.142678
0.15755
0.132231
0.045889
0.0908814
0.0988277
0.285437
0.114333
0.146373
0.0856673
0.183799
0.0896742
0.131927
0.0921929
0.125634
0.135498
0.107134
0.221364
0.143488
0.0736378
0.0954556
0.167674
0.233887
0.126554
0.187796
0.132319
0.184807
0.175846
0.152003
0.134357
0.0485341
0.130524
0.235825
0.225442
0.11483
0.0775297
0.166811
0.0734957
0.205086
0.0682627
0.186526
0.170758
0.0999017
0.0911887
0.0777178
0.206407
0.0564542
0.17186
0.238332
0.0798573
0.23612
0.151918
0.135746
0.208419
0.288126
0.213509
0.104808
0.239759
0.245121
0.0764257
0.144136
0.19346
0.198486
0.0599306
0.218594
0.157645
0.169803
0.0854757
0.0866433
0.0834462
0.209467
0.281896
0.0559872
0.106742
0.0883386
0.184388
0.222684
0.158051
0.187783
0.1074
0.086484
0.229097
0.131906
0.096893
0.160697
0.188785
0.180395
0.198137
0.112252
0.289334
0.0781386
0.0958752
0.239764
0.118819
0.204646
0.119017
0.153973
0.0520309
0.0352264
0.157916
0.116083
0.203693
0.226315
0.135715
0.262269
0.105387
0.0657735
0.192426
0.158717
0.106774
0.223362
0.110743
0.103117
0.145422
0.0786483
0.139071
0.218947
0.234054
0.201426
0.166676
0.0754389
0.192157
0.200558
0.218355
0.165614
0.18359
0.161096
0.12924
0.199209
0.151653
0.119344
0.20209
0.20396
0.082258
0.115045
0.210993
0.121169
0.0596896
0.192524
0.181436
0.134712
0.0984323
0.164204
0.0707244
0.153411
0.065788
0.103417
0.169823
0.0948973
0.130632
0.0777747
0.186229
0.154495
0.0729826
0.0291322
0.0840501
0.119174
0.138177
0.256453
0.0873884
0.0815698
0.174709
0.185379
0.299643
0.174099
0.184764
0.187784
0.111881
0.197554
0.20842
0.11157
0.0812687
0.0531144
0.0932952
0.154087
0.103782
0.0822945
0.178747
0.0965081
0.214305
0.193113
0.112923
0.0956929
0.179427
0.124383
0.232883
0.407838
0.0883423
0.0531587
0.0328391
0.0916445
0.0573533
0.126169
0.219015
0.139455
0.0802067
0.133425
0.0805658
0.0994221
0.0918768
0.107527
0.101533
0.164933
0.0275414
0.0950215
0.0652381
0.14214
0.0396332
0.0649565
0.0981871
0.0541279
0.0921206
0.0503492
0.0519058
0.0339536
0.0985332
0.244594
0.130772
0.169823
0.159981
0.0540239
0.0700219
0.0909722
0.0713432
0.0498154
0.107027
0.159238
0.226771
0.168174
0.066306
0.167101
0.133697
0.103892
0.101526
0.0666469
0.138099
0.104357
0.0380133
0.0805785
0.164668
0.115528
0.113604
0.161899
0.104663
0.025113
0.190504
0.0680332
0.0620288
0.0944674
0.0344747
0.116395
0.146509
0.0455948
0.0674573
0.0816816
0.0790556
0.108568
0.047557
0.22319
0.143268
0.0557601
0.142992
0.169753
0.135983
0.0449318
0.123264
0.0790072
0.0634275
0.0490279
0.0763343
0.186784
0.095939
0.076653
0.0944114
0.130823
0.0962569
0.24265
0.0974347
0.147671
0.104965
0.0492705
0.0341424
0.148938
0.0873202
0.0740785
0.12199
0.106072
0.0486305
0.077508
0.0573214
0.126944
0.0749072
0.17026
0.0541627
0.0874902
0.144343
0.112271
0.0714864
0.0880851
0.0993199
0.110399
0.0765281
0.0788245
0.150963
0.172004
0.040689
0.0867029
0.0501639
0.103799
0.0559646
0.0429653
0.056793
0.0454942
0.141623
0.056438
0.0965745
0.230622
0.0247692
0.0682693
0.119265
0.0752112
0.240612
0.111393
0.0629682
0.0695282
0.0896046
0.0976012
0.10584
0.0834725
0.0649827
0.101762
0.0547747
0.0673308
0.0328805
0.0637344
0.0712312
0.138037
0.0856943
0.0568329
0.0545436
0.042063
0.171906
0.0674826
0.143466
0.106489
0.0360984
0.0549013
0.196929
0.128403
0.0508984
0.0920288
0.0928337
0.127482
0.0402437
0.133427
0.203969
0.118915
0.106403
0.0686301
0.113416
0.074633
0.203435
0.0615999
0.17143
0.0706961
0.274502
0.149122
0.0886592
0.0466139
0.114171
0.0815634
0.139667
0.114932
0.0882685
0.123882
0.106601
0.143893
0.0788112
0.232032
0.0375881
0.0725354
0.0369301
0.0892342
0.0836841
0.0676152
0.0503594
0.0699242
0.104592
0.136456
0.0880132
0.176865
0.137909
0.224102
0.0833987
0.0634832
0.206946
0.150827
0.0945125
0.154428
0.0643931
0.0549112
0.218434
0.0980931
0.0862305
0.119558
0.178493
0.111726
0.131519
0.132395
0.0332499
0.075914
0.128723
0.237038
0.266543
0.0454983
0.113426
0.0911903
0.0592903
0.242169
0.133044
0.118987
0.05211
0.120426
0.0533558
0.176821
0.0751577
0.059044
0.0243333
0.11108
0.0557773
0.144946
0.0606992
0.0459059
0.0737662
0.131342
0.0715146
0.216865
0.172207
0.0520702
0.101879
0.137004
0.0878738
0.0993574
0.0330743
0.0611044
0.0938779
0.107148
0.0907223
0.0845465
0.0990031
0.113956
0.0705946
0.153173
0.121466
0.120539
0.162341
0.0895736
0.0835461
0.104155
0.102829
0.09225
0.0825581
0.122217
0.172445
0.110681
0.0730136
0.202805
0.0752483
0.221784
0.174229
0.0305026
0.081303
0.100478
0.107851
0.0548338
0.0460142
0.0672975
0.0465985
0.110623
0.0829137
0.12876
0.109661
0.0468694
0.220088
0.0318576
0.0866848
0.114893
0.124199
0.123569
0.0973835
0.128871
0.0529479
0.255689
0.0919885
0.0661304
0.110755
0.104783
0.147934
0.0772449
0.0967396
0.0516184
0.0425613
0.286501
0.0787011
0.105294
0.0895147
0.0717108
0.0775506
0.0796636
0.144905
0.0553431
0.0470013
0.0942223
0.0422793
0.0713496
0.0491572
0.100565
0.0676946
0.301242
0.0911438
0.167825
0.107199
0.048518
0.209675
0.073823
0.158248
0.0574266
0.14475
0.0680803
0.0386748
0.0560213
0.069199
0.0557707
0.0266949
0.0914933
0.0358744
0.106518
0.171806
0.105133
0.0737908
0.0735251
0.126432
0.0407009
0.15821
0.133616
0.0270531
0.0374546
0.0573443
0.144815
0.0786405
0.0806349
0.0910319
0.105182
0.055216
0.171303
0.0917892
0.0550168
0.0350908
0.0732769
0.107073
0.130277
0.162492
0.0984127
0.250081
0.0284183
0.0824589
0.0753163
0.043452
0.274565
0.173992
0.230537
0.0443486
0.0611561
0.0730196
0.0600951
0.130722
0.0359793
0.0872599
0.0430118
0.148591
0.0345076
0.0760362
0.130795
0.138215
0.0507727
0.14781
0.0535524
0.047476
0.0666828
0.0580416
0.120993
0.082534
0.115657
0.038884
0.222892
0.162673
0.168174
0.143097
0.0812387
0.0740026
0.0994157
0.145399
0.134707
0.0481554
0.267628
0.14044
0.0805927
0.0462469
0.0875107
0.101174
0.049241
0.197011
0.0864164
0.146944
0.0784407
0.0334761
0.0839079
0.0732519
0.0609537
0.101948
0.0589496
0.103569
0.108392
0.0463968
0.158254
0.244007
0.0347604
0.068215
0.0318444
0.0654355
0.0726616
0.0740172
0.021836
0.0258597
0.0582358
0.0482196
0.0478961
0.0796145
0.096521
0.121872
0.0865336
0.18812
0.0225314
0.187463
0.0629713
0.057543
0.0648147
0.074693
0.0510001
0.0669814
0.106623
0.0408728
0.0691502
0.0607492
0.0736727
0.179948
0.0862611
0.24462
0.0650617
0.0818703
0.0410518
0.0973553
0.161117
0.122588
0.0999323
0.0559789
0.0965353
0.194511
0.110659
0.123465
0.111725
0.104644
0.0545986
0.126456
0.0618525
0.184503
0.0455475
0.0581086
0.0906623
0.0753037
0.0627153
0.0783091
0.191036
0.0463396
0.107099
0.117914
0.0209862
0.0914138
0.161452
0.105462
0.0747602
0.091707
0.0579312
0.112746
0.0788614
0.0558467
0.170898
0.100328
0.101707
0.112276
0.0754029
0.0834365
0.0844091
0.100285
0.052473
0.116539
0.166286
0.0685792
0.146393
0.0412745
0.137263
0.0579576
0.129644
0.0193161
0.0625823
0.0794364
0.068597
0.123209
0.0628444
0.120719
0.0949185
0.0400121
0.155218
0.117787
0.197738
0.0359119
0.0884024
0.0876088
0.209311
0.0649851
0.0587882
0.0937978
0.0977121
0.032577
0.154234
0.101234
0.255246
0.0624929
0.241346
0.0831907
0.0262665
0.0972502
0.100161
0.0336154
0.0683583
0.134101
0.11022
0.121893
0.177399
0.0359794
0.124751
0.105676
0.0609836
0.140767
0.12066
0.0683524
0.0693533
0.22407
0.106564
0.032595
0.11067
0.0531748
0.141115
0.050415
0.131967
0.120236
0.263819
0.149968
0.0930714
0.163671
0.227783
0.07284
0.0780292
0.120403
0.235044
0.121489
0.0861366
0.192951
0.0288368
0.124849
0.0821917
0.0643275
0.0368814
0.0654315
0.0505689
0.0753491
0.0701277
0.230701
0.042691
0.152636
0.043996
0.117067
0.158744
0.116384
0.0205164
0.072945
0.117681
0.0502459
0.128212
0.0484208
0.0359057
0.0547663
0.126615
0.0878289
0.102833
0.100849
0.173433
0.0297298
0.0792243
0.0983345
0.0862969
0.085974
0.0925564
0.123647
0.0369685
0.0892877
0.115704
0.0876473
0.124483
0.0501104
0.0579513
0.121939
0.113349
0.113804
0.037041
0.0817792
0.1039
0.277568
0.0664324
0.0479163
0.247073
0.0553162
0.112714
0.0869683
0.0541619
0.250254
0.0194275
0.0655702
0.0774056
0.295065
0.0965394
0.133183
0.137419
0.0581854
0.030181
0.0547373
0.0833331
0.124066
0.0854213
0.130627
0.089807
0.206429
0.330072
0.0647808
0.092325
0.0211946
0.0603
0.0947867
0.0528989
0.038982
0.0998619
0.137582
0.0470026
0.365363
0.0604966
0.0835844
0.126224
0.105576
0.174033
0.0513005
0.2069
0.15668
0.14184
0.249241
0.174373
0.198615
0.0453542
0.0581857
0.076877
0.147573
0.0880424
0.159912
0.114656
0.105088
0.177961
0.0439908
0.117744
0.0879758
0.0634952
0.136655
0.0643352
0.0597215
0.0780679
0.179777
0.0940402
0.0948735
0.197143
0.0886936
0.169626
0.124256
0.0877203
0.121947
0.161206
0.101844
0.173229
0.093902
0.240082
0.128853
0.142239
0.179714
0.0785005
0.0738719
0.0652791
0.0564524
0.134015
0.0667684
0.124644
0.122909
0.103441
0.0856217
0.0769483
0.100217
0.0925227
0.101268
0.104409
0.0697939
0.186484
0.131144
0.111415
0.144636
0.0541976
0.0426023
0.172975
0.190693
0.205876
0.0368433
0.0870154
0.10208
0.0693467
0.135643
0.0720954
0.102595
0.183536
0.0546176
0.110992
0.095666
0.0641157
0.11123
0.125444
0.240072
0.0731157
0.0584413
0.123785
0.0767886
0.213916
0.0792015
0.0630352
0.0900395
0.15118
0.16663
0.154213
0.0714287
0.0788904
0.0649409
0.0908052
0.143848
0.176477
0.202385
0.132733
0.168265
0.148279
0.0807123
0.05624
0.0636759
0.184889
0.116247
0.178282
0.0888555
0.188515
0.0548767
0.0670706
0.163082
0.143114
0.103365
0.167075
0.105096
0.0612273
0.147071
0.125601
0.0646848
0.150475
0.0561792
0.0625369
0.158702
0.118941
0.2564
0.0630796
0.0653603
0.189881
0.0570152
0.0451975
0.0835979
0.131924
0.184615
0.0733569
0.0669373
0.0575693
0.0756669
0.133808
0.109825
0.156418
0.144039
0.162902
0.0633989
0.096251
0.0857882
0.060687
0.153526
0.0441663
0.0620122
0.179828
0.142748
0.114853
0.101135
0.0488782
0.0793479
0.236327
0.192513
0.14031
0.172954
0.143277
0.279437
0.0658135
0.0517029
0.195685
0.0597857
0.0757593
0.106656
0.0507803
0.155875
0.0989863
0.118661
0.167889
0.0671062
0.090867
0.046253
0.180091
0.0941708
0.0979714
0.245219
0.118959
0.150705
0.126428
0.282349
0.0818991
0.0789336
0.0579772
0.178528
0.118026
0.20269
0.157247
0.14525
0.0549
0.119274
0.0453918
0.18615
0.107927
0.11763
0.119585
0.11198
0.10417
0.089403
0.0757693
0.119357
0.168215
0.124563
0.0451548
0.231016
0.0887108
0.166649
0.106309
0.190474
0.0471481
0.121082
0.129663
0.0978644
0.240181
0.124875
0.125434
0.231984
0.154368
0.0587995
0.0925445
0.0603197
0.0572131
0.0955339
0.0275089
0.0910218
0.0703513
0.0849638
0.160029
0.120157
0.0516596
0.0699087
0.098256
0.074179
0.1577
0.230154
0.0772952
0.119168
0.078895
0.0773726
0.150009
0.152144
0.174741
0.111707
0.131272
0.0956951
0.216083
0.105685
0.048036
0.0698465
0.05954
0.140317
0.14863
0.206186
0.134183
0.173967
0.100917
0.136496
0.105366
0.0750298
0.0582886
0.122415
0.0412616
0.153321
0.196619
0.0785719
0.167421
0.105757
0.115483
0.175977
0.145085
0.0281158
0.118463
0.156907
0.0987032
0.190752
0.0628702
0.180565
0.191121
0.20598
0.127736
0.107805
0.0888833
0.128927
0.105115
0.158471
0.189371
0.0834002
0.0509757
0.126588
0.166812
0.289316
0.146666
0.10026
0.110187
0.0812256
0.10315
0.0644116
0.0657348
0.204036
0.0506248
0.049397
0.0742988
0.200705
0.0413637
0.0540718
0.203278
0.105435
0.112802
0.119098
0.146842
0.071347
0.0238163
0.0764727
0.0737029
0.132178
0.167976
0.0477214
0.0505829
0.104759
0.0723687
0.100856
0.0799616
0.109061
0.141748
0.0677773
0.117612
0.0464393
0.0950216
0.0426859
0.0876782
0.101313
0.0984498
0.133406
0.0543738
0.0788452
0.171511
0.153032
0.183949
0.217594
0.0779086
0.0696167
0.0567656
0.134715
0.0640109
0.100358
0.175522
0.088648
0.0562287
0.0981976
0.0289089
0.202858
0.13302
0.187265
0.133999
0.16444
0.118093
0.126744
0.190654
0.112529
0.0515759
0.0881742
0.132062
0.261879
0.0641614
0.123059
0.0641456
0.116215
0.107948
0.0933415
0.129774
0.13736
0.0544828
0.128741
0.143319
0.0782007
0.0714615
0.076813
0.2153
0.206699
0.0568975
0.127121
0.193541
0.0938942
0.044506
0.103205
0.120426
0.123339
0.16559
0.214484
0.0767617
0.0729956
0.160159
0.0730359
0.149683
0.156914
0.182431
0.134696
0.0518287
0.133231
0.121917
0.178823
0.188047
0.0828926
0.217348
0.11604
0.0433449
0.127055
0.0815748
0.220347
0.0451615
0.0841563
0.1603
0.108511
0.136035
0.123953
0.138139
0.0980946
0.144471
0.15936
0.165154
0.119201
0.063095
0.0727673
0.15374
0.0972174
0.190103
0.230798
0.156117
0.150235
0.150041
0.0643957
0.183473
0.137688
0.064756
0.0841957
0.140208
0.144779
0.200705
0.121798
0.0648275
0.107547
0.0616578
0.129935
0.140904
0.126242
0.0570166
0.0730728
0.172209
0.191609
0.100814
0.282438
0.0891398
0.0624725
0.11218
0.100414
0.0697685
0.122069
0.133546
0.0620004
0.0878794
0.0808812
0.0802769
0.091299
0.102556
0.0756739
0.163194
0.0539411
0.0769052
0.056991
0.110508
0.0567015
0.0825835
0.0534301
0.0296857
0.0374758
0.0548692
0.0911851
0.0889068
0.170908
0.0632396
0.153442
0.0646108
0.130063
0.0722663
0.0694665
0.0907738
0.0791129
0.103485
0.108639
0.120714
0.134768
0.236263
0.185136
0.215557
0.125097
0.0601658
0.117069
0.0760661
0.0678882
0.059727
0.200103
0.26988
0.103514
0.104626
0.0941704
0.134569
0.067925
0.102487
0.147056
0.116122
0.179749
0.0806435
0.0564385
0.196151
0.0726207
0.085103
0.165304
0.14648
0.191826
0.0845572
0.178008
0.0594015
0.188617
0.138933
0.15481
0.17442
0.079922
0.131798
0.064779
0.0802748
0.0617646
0.0751136
0.128712
0.149046
0.110646
0.0535005
0.0591662
0.0476044
0.11499
0.190436
0.0934455
0.072691
0.138481
0.0830083
0.154221
0.114472
0.0579115
0.0604268
0.066966
0.140166
0.0925353
0.0643474
0.0581987
0.102839
0.110422
0.0602302
0.147338
0.124884
0.29401
0.0675714
0.0497701
0.163117
0.076955
0.190839
0.101517
0.0988232
0.171256
0.0712084
0.070392
0.166673
0.128614
0.154036
0.148012
0.167325
0.0546427
0.121171
0.110351
0.127661
0.13757
0.136142
0.113944
0.146675
0.0776137
0.146674
0.118085
0.164015
0.0702671
0.110022
0.214826
0.0694274
0.099806
0.0907133
0.122487
0.102189
0.0878491
0.22592
0.122861
0.132574
0.0842633
0.0574913
0.0910087
0.155404
0.0703462
0.0705352
0.0818182
0.123411
0.127415
0.0812585
0.161649
0.107841
0.0996553
0.0460174
0.122158
0.198703
0.0835229
0.112348
0.0834099
0.143789
0.124628
0.0453415
0.102581
0.180357
0.0500742
0.104796
0.0943307
0.111808
0.160557
0.132959
0.128914
0.0941413
0.26234
0.212959
0.124321
0.186196
0.0973008
0.0881762
0.10104
0.0619059
0.0984567
0.0769482
0.04179
0.122177
0.132123
0.0854028
0.141099
0.0642328
0.126705
0.0661645
0.0877092
0.116791
0.500838
0.104589
0.319722
0.145066
0.0398787
0.264624
0.0554375
0.139904
0.261122
0.0381478
0.0506535
0.103047
0.112142
0.179057
0.273034
0.107364
0.234288
0.104595
0.0556721
0.162078
0.131081
0.074817
0.250289
0.206157
0.113382
0.0461978
0.087763
0.170357
0.144769
0.142372
0.13361
0.3675
0.218484
0.0606376
0.231639
0.202547
0.024529
0.257731
0.169197
0.321447
0.346675
0.21059
0.165157
0.0639696
0.0478781
0.157121
0.244877
0.0645215
0.118306
0.114005
0.152797
0.189406
0.169097
0.0693488
0.18923
0.0593058
0.103167
0.0717683
0.285276
0.206056
0.0998398
0.280323
0.346555
0.170311
0.285786
0.0788172
0.201019
0.0871876
0.0544428
0.130882
0.0577455
0.217871
0.0203377
0.086585
0.120689
0.142888
0.0525758
0.150455
0.167595
0.119975
0.074164
0.0716075
0.0590234
0.243094
0.13375
0.16479
0.0599899
0.103778
0.271003
0.027092
0.144905
0.138616
0.11777
0.221289
0.179585
0.386847
0.141495
0.0842053
0.187139
0.0753707
0.0908025
0.0429583
0.259323
0.0372136
0.130579
0.0712084
0.157824
0.150907
0.210835
0.0524005
0.14865
0.104743
0.38158
0.142767
0.0289042
0.120198
0.045195
0.107273
0.0675099
0.108214
0.10112
0.117963
0.102457
0.181549
0.157762
0.283883
0.380528
0.235337
0.0812539
0.144204
0.100375
0.154823
0.157095
0.0526521
0.254597
0.0781411
0.0456466
0.198372
0.136987
0.195847
0.178723
0.0978917
0.151032
0.148444
0.133851
0.283476
0.261225
0.0945965
0.158154
0.147303
0.108654
0.365203
0.0799672
0.0676353
0.246512
0.197199
0.0754175
0.228008
0.0393732
0.114333
0.106581
0.042827
0.0633782
0.287913
0.0577009
0.0683733
0.224587
0.100006
0.276626
0.106752
0.187286
0.347275
0.0692623
0.109706
0.249332
0.239382
0.0766112
0.196862
0.148457
0.0921707
0.119889
0.100401
0.142764
0.122194
0.149679
0.0629454
0.157569
0.223862
0.0414359
0.130917
0.19612
0.0940828
0.113642
0.122137
0.236104
0.0659321
0.0346819
0.0223981
0.211685
0.120097
0.134339
0.294856
0.204654
0.111968
0.0397016
0.0653327
0.267544
0.0685908
0.110679
0.179711
0.23858
0.15134
0.0717371
0.152185
0.132101
0.376909
0.10125
0.118058
0.115279
0.0363974
0.0949502
0.118333
0.0843897
0.210231
0.237926
0.163235
0.0758358
0.149085
0.146293
0.0505206
0.144924
0.0812078
0.203701
0.0449149
0.175626
0.102189
0.116248
0.237012
0.158559
0.10581
0.0229169
0.131092
0.0874537
0.0936505
0.144318
0.152883
0.0669784
0.261832
0.0735823
0.237686
0.152193
0.117958
0.228211
0.129235
0.171225
0.108688
0.196724
0.252496
0.0488219
0.168218
0.229552
0.335757
0.226101
0.0350799
0.133632
0.0802313
0.150276
0.100891
0.166332
0.113784
0.122877
0.136328
0.158153
0.289028
0.131138
0.0790665
0.141719
0.118161
0.028575
0.162764
0.171069
0.262611
0.303017
0.078317
0.10112
0.0785583
0.142287
0.0776003
0.0510475
0.109582
0.130424
0.0614413
0.137405
0.0765372
0.104721
0.198958
0.124391
0.0794328
0.094089
0.14002
0.161957
0.182663
0.19705
0.0450769
0.0484429
0.108901
0.169781
0.0950675
0.215134
0.314979
0.288449
0.213296
0.0447404
0.207086
0.252779
0.109065
0.093687
0.267054
0.15797
0.0356228
0.147706
0.132435
0.292988
0.24565
0.159293
0.0555129
0.110675
0.107146
0.0428088
0.302607
0.139919
0.300519
0.145123
0.0998026
0.147805
0.202679
0.177555
0.167519
0.0492144
0.239691
0.140559
0.117241
0.122113
0.0201769
0.0867499
0.0713542
0.101869
0.205347
0.0800418
0.0906544
0.0729981
0.110008
0.170806
0.100977
0.122428
0.200885
0.166939
0.192741
0.121567
0.19318
0.0655557
0.084125
0.189222
0.135723
0.103982
0.112852
0.0745677
0.180699
0.0493286
0.0781297
0.154057
0.15242
0.149437
0.244492
0.212013
0.0510556
0.201934
0.129853
0.0626012
0.268734
0.211508
0.0776443
0.0354138
0.0849639
0.0875067
0.23323
0.0875879
0.097386
0.243892
0.065504
0.0768016
0.0967559
0.134867
0.0861055
0.110936
0.145747
0.206903
0.0430545
0.109942
0.0640053
0.0897917
0.219268
0.147164
0.0737317
0.224191
0.117726
0.0719309
0.143679
0.190059
0.193005
0.218058
0.077536
0.166735
0.130746
0.0519201
0.119983
0.0834196
0.294166
0.161092
0.143453
0.0756501
0.0690941
0.0934423
0.154106
0.20673
0.129052
0.0745387
0.299227
0.267178
0.0601002
0.085798
0.138871
0.149661
0.206696
0.125751
0.0517571
0.286228
0.170099
0.101704
0.109028
0.344839
0.0555529
0.0917818
0.0367597
0.072849
0.156344
0.089678
0.187228
0.0391236
0.149453
0.0593908
0.201248
0.0599848
0.0829558
0.176244
0.151754
0.121892
0.221783
0.0793779
0.158268
0.19626
0.224109
0.127439
0.0887969
0.167166
0.110187
0.160092
0.247959
0.30009
0.305839
0.238804
0.0808504
0.0701625
0.140591
0.139057
0.0949787
0.139071
0.225268
0.0393345
0.127659
0.255691
0.0488686
0.116873
0.126736
0.157614
0.0710281
0.246819
0.195895
0.0924418
0.0467121
0.0391706
0.139837
0.156376
0.121683
0.127297
0.0918418
0.170893
0.0603606
0.0831989
0.190028
0.18748
0.075168
0.231619
0.091405
0.0816322
0.156799
0.119792
0.0952866
0.0797176
0.10028
0.288428
0.179685
0.0304638
0.129755
0.13605
0.0931061
0.253108
0.377148
0.0433485
0.110755
0.15292
0.154707
0.0952506
0.0564585
0.155579
0.169774
0.267395
0.0694389
0.0796487
0.153484
0.0452737
0.120473
0.0473102
0.202909
0.292991
0.201666
0.195254
0.121039
0.349706
0.23849
0.100988
0.291377
0.0823739
0.167935
0.17581
0.0502458
0.155959
0.100193
0.0678726
0.237046
0.0695051
0.282693
0.174548
0.100757
0.034404
0.115181
0.0835738
0.0683959
0.10128
0.0514672
0.0831936
0.113159
0.0460856
0.182251
0.0494267
0.114744
0.134029
0.148278
0.082212
0.146434
0.130397
0.0730924
0.0998702
0.323459
0.0423034
0.0629208
0.0764955
0.0509908
0.181763
0.365421
0.155076
0.349851
0.300044
0.0840115
0.21169
0.191745
0.136232
0.118773
0.287009
0.249496
0.110269
0.215383
0.219894
0.222112
0.0878525
0.161105
0.0710368
0.0403527
0.240815
0.0338396
0.129737
0.0873673
0.051971
0.31029
0.181069
0.14454
0.080652
0.198837
0.134568
0.161175
0.218025
0.296466
0.189679
0.0998068
0.119019
0.18414
0.0472158
0.172741
0.0655864
0.145077
0.133005
0.350751
0.169556
0.0383623
0.0488469
0.0655576
0.155169
0.178541
0.102037
0.179825
