target   ROC_AUC   PR_AUC     best_accuracy_threshold  best_accuracy  best_MCC_threshold  best_MCC   input_file_pairs_count
entries  0.813219  0.717805   0.36                     0.750898       0.32                0.459317   10240
T0644    0.793342  0.822053   0.22                     0.732421       0.22                0.461594   141
T0645    0.805214  0.841296   0.3                      0.721475       0.36                0.457955   146
T0649    0.750844  0.161345   0.62                     0.945652       0.38                0.188528   137
T0650    0.872417  0.960443   0.28                     0.835446       0.46                0.515758   199
T0653    0.856375  0.644497   0.54                     0.830541       0.5                 0.485978   140
T0654    0.636066  0.675303   0.18                     0.594697       0.4                 0.21995    207
T0661    0.739633  0.825727   0.28                     0.712295       0.28                0.352035   205
T0664    0.826682  0.86852    0.22                     0.761606       0.22                0.495513   168
T0667    0.665262  0.708033   0.42                     0.628197       0.5                 0.289179   203
T0671    0.821875  0.612703   0.48                     0.84994        0.4                 0.478714   151
T0672    0.888465  0.87366    0.4                      0.805523       0.4                 0.604702   198
T0674    0.881538  0.734554   0.34                     0.815094       0.28                0.586044   148
T0676    0.564947  0.180792   0.78                     0.919075       0.78                0.338771   202
T0678    0.596783  0.265203   0.82                     0.753247       0.38                0.150273   153
T0681    0.795639  0.74223    0.28                     0.731039       0.26                0.46908    156
T0683    0.728989  0.704395   0.38                     0.668728       0.4                 0.340973   214
T0684    0.576217  0.0689764  0.54                     0.905124       0.38                0.0579367  225
T0686    0.739266  0.674249   0.52                     0.701398       0.52                0.3608     200
T0687    0.770387  0.816137   0.36                     0.722534       0.4                 0.430878   223
T0689    0.776652  0.859874   0.18                     0.785794       0.18                0.500285   162
T0690    0.823792  0.601713   0.52                     0.823909       0.48                0.473163   184
T0704    0.737183  0.781751   0.28                     0.680023       0.36                0.341696   211
T0705    0.688483  0.045432   0.54                     0.963321       0.2                 0.102017   142
T0712    0.793148  0.894392   0.18                     0.721244       0.32                0.433725   153
T0713    0.88768   0.644014   0.5                      0.853149       0.42                0.52111    212
T0717    0.782683  0.316724   0.46                     0.814875       0.18                0.325806   148
T0726    0.829843  0.549747   0.54                     0.864527       0.46                0.425751   196
T0732    0.843885  0.486309   0.54                     0.869361       0.44                0.414112   190
T0734    0.755829  0.127853   0.58                     0.895249       0.36                0.188071   208
T0735    0.821845  0.12014    0.72                     0.968847       0.3                 0.236606   155
T0742    0.727029  0.149568   0.34                     0.889021       0.14                0.191565   165
T0744    0.758689  0.480602   0.42                     0.799521       0.34                0.361807   224
T0746    0.781081  0.57649    0.38                     0.825092       0.36                0.435932   206
T0749    0.844929  0.938588   0.24                     0.803872       0.32                0.499093   220
T0750    0.809658  0.828065   0.32                     0.738903       0.32                0.471192   230
T0753    0.778095  0.82408    0.18                     0.737414       0.18                0.467315   168
T0755    0.768151  0.594969   0.28                     0.71915        0.16                0.374403   136
T0759    0.789174  0.757233   0.18                     0.739521       0.16                0.482414   168
T0760    0.73463   0.791125   0.28                     0.689111       0.3                 0.343154   88
T0762    0.747995  0.922356   0.18                     0.833746       0.28                0.338369   88
T0763    0.580166  0.0435616  0.62                     1              0.48                0.0558017  174
T0766    0.751895  0.947892   0.22                     0.869201       0.18                0.285433   102
T0767    0.763844  0.146863   0.8                      0.941606       0.32                0.201917   171
T0774    0.780293  0.355452   0.42                     0.853668       0.32                0.312599   174
T0781    0.794561  0.147108   0.74                     0.948953       0.44                0.19673    164
T0782    0.742339  0.484739   0.68                     0.754545       0.22                0.319719   107
T0784    0.824434  0.956623   0.1                      0.856621       0.14                0.447779   103
T0789    0.674966  0.269837   0.5                      0.855298       0.38                0.190836   190
T0790    0.682271  0.248677   0.5                      0.840286       0.28                0.191646   175
T0800    0.665835  0.309882   0.58                     0.842582       0.56                0.255707   98
T0807    0.872839  0.953895   0.24                     0.852731       0.24                0.542257   158
T0808    0.870812  0.526132   0.42                     0.935933       0.46                0.49007    98
T0817    0.7194    0.856425   0.18                     0.742513       0.22                0.297289   173
T0818    0.755681  0.255158   0.8                      0.902985       0.34                0.259147   183
T0821    0.811255  0.946837   0.2                      0.862958       0.2                 0.451589   177
T0831    0.665003  0.387523   0.54                     0.78684        0.5                 0.217878   176
T0832    0.578744  0.050157   0.76                     0.94689        0.22                0.0647533  177
T0833    0.743004  0.789123   0.14                     0.717593       0.16                0.393169   106
T0845    0.797661  0.567453   0.42                     0.803142       0.3                 0.408091   97
T0847    0.813188  0.879324   0.14                     0.749278       0.24                0.44274    172
T0848    0.833081  0.491951   0.44                     0.835422       0.28                0.409634   98
T0854    0.789134  0.895409   0.28                     0.766421       0.38                0.415116   97
