0.299775
0.105651
0.156262
0.178579
0.112696
0.180827
0.16495
0.110278
0.128353
0.167989
0.148904
0.15352
0.157763
0.15635
0.144994
0.172019
0.116006
0.109962
0.14543
0.158956
0.107894
0.264165
0.158574
0.155772
0.137434
0.14371
0.209668
0.0950768
0.151689
0.274906
0.154899
0.119571
0.171236
0.202667
0.18107
0.218743
0.15584
0.143927
0.149521
0.0926217
0.146347
0.177201
0.159954
0.148058
0.147476
0.198402
0.143039
0.159302
0.156999
0.218046
0.165683
0.142528
0.100603
0.104136
0.103811
0.163065
0.19177
0.263596
0.143237
0.133423
0.189696
0.2071
0.179432
0.17362
0.110288
0.124983
0.15251
0.118429
0.0891106
0.187519
0.120582
0.12129
0.128098
0.188804
0.252779
0.135102
0.131914
0.186688
0.127933
0.182157
0.136409
0.183615
0.172467
0.126829
0.156193
0.118693
0.115494
0.149724
0.128719
0.118544
0.132537
0.218579
0.234235
0.145977
0.160224
0.186206
0.197321
0.12936
0.168673
0.181818
0.192067
0.149771
0.152767
0.281643
0.133392
0.186733
0.151377
0.196967
0.0880984
0.142669
0.135514
0.166006
0.132101
0.157397
0.167526
0.229713
0.13462
0.123316
0.101244
0.135152
0.141471
0.148531
0.165548
0.200295
0.134687
0.129838
0.0973522
0.156193
0.152105
0.12824
0.159536
0.144536
0.13966
0.183585
0.144158
0.250886
0.146535
0.132718
0.118052
0.183095
0.163121
0.197658
0.122583
0.221034
0.177014
0.175782
0.115742
0.14387
0.100754
0.150861
0.191854
0.259623
0.105413
0.227469
0.204144
0.133303
0.136317
0.15769
0.198905
0.170199
0.197962
0.216381
0.205631
0.137361
0.154912
0.144522
0.114857
0.141392
0.173781
0.15046
0.187123
0.190596
0.154439
0.129207
0.189962
0.124282
0.105858
0.178195
0.187418
0.151694
0.126571
0.164705
0.125001
0.157947
0.21756
0.119536
0.142995
0.136118
0.194313
0.127074
0.135137
0.0855471
0.17549
0.16639
0.147061
0.1924
0.233907
0.167631
0.149323
0.16158
0.242177
0.155142
0.122144
0.184166
0.215993
0.156906
0.114388
0.1552
0.134707
0.217654
0.114849
0.149064
0.142073
0.119971
0.15943
0.172927
0.172454
0.241403
0.155379
0.208904
0.211645
0.233716
0.15778
0.180629
0.229986
0.257521
0.205656
0.210191
0.163207
0.12786
0.108121
0.171556
0.103306
0.183808
0.139708
0.163921
0.16747
0.201579
0.194096
0.121223
0.173647
0.11885
0.151892
0.148714
0.151256
0.149204
0.108572
0.195296
0.145019
0.189209
0.137652
0.156162
0.197614
0.129021
0.169736
0.102329
0.194304
0.229138
0.165092
0.100708
0.190864
0.183626
0.148983
0.201165
0.256119
0.111564
0.211161
0.181264
0.164573
0.163292
0.1951
0.174131
0.180342
0.118846
0.135004
0.153241
0.113573
0.213544
0.150897
0.189547
0.131159
0.170576
0.13519
0.156984
0.1885
0.209661
0.157406
0.236748
0.175398
0.12123
0.225508
0.166278
0.202465
0.107749
0.130466
0.210797
0.189482
0.0932594
0.184198
0.11886
0.16182
0.10753
0.111458
0.181029
0.269977
0.121817
0.138684
0.182362
0.264358
0.127192
0.233129
0.193747
0.202335
0.140565
0.11957
0.116328
0.179627
0.172848
0.122809
0.146918
0.126574
0.092848
0.165206
0.0838532
0.163469
0.154053
0.13987
0.179561
0.132013
0.106084
0.175826
0.123059
0.166728
0.120537
0.169114
0.229076
0.0738257
0.152604
0.155329
0.117582
0.114401
0.206483
0.121294
0.152634
0.137081
0.163561
0.275596
0.19269
0.14399
0.129642
0.170607
0.181744
0.0776041
0.18095
0.168902
0.166833
0.126645
0.0934884
0.151936
0.207568
0.16026
0.134988
0.114009
0.17904
0.183865
0.0901439
0.135389
0.131691
0.125582
0.198584
0.107215
0.134571
0.139606
0.16116
0.171995
0.129281
0.115524
0.238242
0.200206
0.19768
0.125399
0.126699
0.117969
0.167156
0.146976
0.20248
0.112546
0.108984
0.194612
0.183216
0.12317
0.125377
0.170469
0.153087
0.131501
0.154386
0.134968
0.179686
0.172457
0.139954
0.13873
0.168047
0.18156
0.189177
0.112313
0.145329
0.114813
0.179025
0.190759
0.182412
0.239717
0.1419
0.188489
0.197869
0.155656
0.110598
0.217518
0.130785
0.228471
0.171845
0.183548
0.189881
0.163246
0.174553
0.204128
0.176955
0.130107
0.144634
0.161096
0.207539
0.125994
0.228379
0.168134
0.144345
0.134492
0.16289
0.14913
0.130699
0.134068
0.149847
0.195812
0.238813
0.141859
0.210811
0.192966
0.181031
0.166242
0.116819
0.0787909
0.164452
0.144324
0.201826
0.193958
0.186488
0.136048
0.0969794
0.103281
0.120571
0.135412
0.203224
0.17041
0.132061
0.115538
0.243062
0.209602
0.16149
0.210335
0.151256
0.132604
0.171815
0.205637
0.16501
0.134343
0.130111
0.118695
0.152785
0.159825
0.178823
0.104426
0.131688
0.108592
0.203456
0.180262
0.101758
0.137246
0.16062
0.201817
0.194241
0.222226
0.202244
0.166163
0.137751
0.164747
0.193001
0.136852
0.197242
0.190438
0.22948
0.109162
0.266572
0.132124
0.450207
0.134499
0.210288
0.147722
0.158304
0.2524
0.20859
0.14477
0.152478
0.201515
0.116742
0.216199
0.199463
0.279089
0.186905
0.190998
0.236499
0.168759
0.233826
0.297591
0.220101
0.180882
0.181515
0.137899
0.211658
0.168832
0.10417
0.0952432
0.141177
0.172748
0.148985
0.156573
0.237356
0.268885
0.180187
0.201574
0.223737
0.194426
0.220657
0.228494
0.319179
0.191247
0.202741
0.230856
0.149673
0.148657
0.258295
0.10576
0.178412
0.252428
0.15897
0.14934
0.127213
0.213624
0.152488
0.146361
0.234667
0.256164
0.23916
0.237875
0.181301
0.220485
0.24628
0.155663
0.264053
0.294791
0.250435
0.160184
0.132391
0.134702
0.186464
0.16391
0.124152
0.215282
0.239712
0.203472
0.193974
0.173832
0.255197
0.108202
0.14905
0.15584
0.240378
0.157719
0.218047
0.130917
0.122843
0.165755
0.21871
0.154711
0.117453
0.211889
0.128564
0.191636
0.140754
0.152622
0.176443
0.214399
0.201184
0.260998
0.164979
0.184836
0.155326
0.167229
0.177396
0.16959
0.120207
0.203426
0.231145
0.172447
0.192902
0.120912
0.189706
0.173557
0.23239
0.155484
0.116183
0.203765
0.149432
0.161981
0.249567
0.191728
0.183938
0.194299
0.144312
0.202175
0.125175
0.180979
0.104875
0.178905
0.140977
0.176217
0.197352
0.173166
0.246943
0.126329
0.129705
0.139596
0.136113
0.2311
0.118096
0.235175
0.153043
0.119794
0.117276
0.175908
0.165211
0.186986
0.121809
0.127148
0.190659
0.233555
0.158328
0.180818
0.139858
0.219044
0.135688
0.223508
0.168279
0.207917
0.16414
0.258866
0.201944
0.211071
0.22994
0.101265
0.254637
0.121799
0.203979
0.180035
0.144337
0.211116
0.102279
0.216801
0.245628
0.142709
0.11228
0.108266
0.154053
0.282705
0.181877
0.158761
0.25388
0.187253
0.189876
0.177317
0.205666
0.18992
0.207385
0.227025
0.145082
0.184463
0.207891
0.270649
0.124516
0.171502
0.121442
0.113125
0.186363
0.140115
0.232616
0.260483
0.177332
0.168142
0.187629
0.215122
0.258331
0.198775
0.23173
0.126321
0.245781
0.100307
0.15127
0.168859
0.191643
0.188774
0.198253
0.169694
0.204685
0.216514
0.203711
0.211474
0.316671
0.143344
0.118395
0.179228
0.229671
0.155496
0.200448
0.102299
0.248654
0.170272
0.139541
0.268066
0.134144
0.125322
0.127004
0.10878
0.12919
0.174526
0.211959
0.233741
0.117043
0.158687
0.160235
0.1664
0.135682
0.184159
0.124088
0.15834
0.204745
0.174969
0.248434
0.187293
0.19499
0.246154
0.114169
0.151099
0.16889
0.101392
0.110258
0.264699
0.150032
0.192896
0.178681
0.239815
0.216001
0.230866
0.177391
0.249371
0.175813
0.236691
0.300628
0.155551
0.17239
0.163907
0.210191
0.134859
0.166883
0.139356
0.102998
0.201484
0.245794
0.139669
0.202739
0.240403
0.179849
0.192795
0.164376
0.141472
0.134588
0.162984
0.115776
0.151289
0.129557
0.197257
0.145736
0.184727
0.159549
0.312485
0.15075
0.223955
0.203562
0.223357
0.225234
0.2092
0.232556
0.202347
0.153215
0.236407
0.172208
0.121775
0.287419
0.214633
0.173108
0.202249
0.205384
0.152272
0.202436
0.170758
0.183177
0.242669
0.131192
0.133337
0.119854
0.17598
0.165359
0.340547
0.141843
0.151801
0.171319
0.27639
0.164113
0.192844
0.138577
0.17858
0.193387
0.141741
0.213126
0.231903
0.216553
0.19795
0.232929
0.143274
0.162406
0.166838
0.132916
0.134035
0.16905
0.163976
0.163678
0.24647
0.207488
0.155934
0.177297
0.128541
0.16745
0.2212
0.179271
0.107561
0.155276
0.211693
0.271837
0.162433
0.223334
0.181228
0.205804
0.154132
0.237873
0.164884
0.178206
0.249844
0.171053
0.209111
0.222905
0.223543
0.180344
0.138832
0.20197
0.190785
0.195092
0.168905
0.137033
0.260909
0.118059
0.207307
0.157731
0.13074
0.259155
0.200724
0.180266
0.144259
0.242315
0.203229
0.134285
0.202825
0.272985
0.164929
0.139333
0.216507
0.138431
0.197062
0.200425
0.237671
0.221951
0.139911
0.227962
0.145359
0.270564
0.197519
0.186338
0.154718
0.208397
0.131852
0.151581
0.14453
0.184938
0.232776
0.246821
0.278277
0.2493
0.197838
0.174626
0.214435
0.211932
0.230752
0.138048
0.268348
0.112994
0.148834
0.227903
0.106061
0.136468
0.266168
0.109732
0.150393
0.173374
0.190333
0.178079
0.179949
0.209973
0.163297
0.245783
0.157971
0.17844
0.266574
0.182152
0.162278
0.152651
0.120544
0.191629
0.239811
0.202264
0.179496
0.14262
0.193458
0.172194
0.175871
0.190881
0.149915
0.24492
0.21337
0.14917
0.255096
0.149226
0.195479
0.169827
0.202739
0.161072
0.110981
0.296324
0.116724
0.197707
0.142087
0.216488
0.19032
0.154698
0.1645
0.240036
0.0854125
0.209616
0.31429
0.225536
0.159592
0.277345
0.222169
0.210081
0.172741
0.164618
0.157103
0.24939
0.173736
0.141565
0.124306
0.117111
0.266006
0.128236
0.293619
0.120092
0.278063
0.409293
0.265314
0.250659
0.162208
0.159789
0.170374
0.159053
0.166021
0.267665
0.263082
0.192568
0.277864
0.24032
0.202695
0.216192
0.265975
0.240959
0.18526
0.188352
0.247948
0.21947
0.195584
0.178421
0.220913
0.235363
0.136095
0.212047
0.180332
0.183737
0.155861
0.189318
0.154795
0.27175
0.187459
0.257106
0.135666
0.223298
0.217353
0.276842
0.266359
0.239004
0.224367
0.182237
0.262691
0.252574
0.2537
0.218692
0.256544
0.202092
0.270947
0.230501
0.243272
0.268517
0.207599
0.178595
0.147695
0.152477
0.238196
0.167775
0.262553
0.198289
0.238744
0.150377
0.27461
0.168145
0.16565
0.170836
0.278899
0.236677
0.177507
0.276266
0.160251
0.129602
0.212372
0.182739
0.210088
0.169901
0.157173
0.181336
0.145728
0.229712
0.149072
0.223618
0.162832
0.185019
0.201558
0.151221
0.190909
0.207239
0.122206
0.193379
0.248695
0.248718
0.148559
0.168055
0.130271
0.184053
0.155964
0.125315
0.205378
0.174272
0.120962
0.152691
0.22995
0.251234
0.225308
0.214775
0.168308
0.222335
0.268627
0.272784
0.146083
0.16086
0.181291
0.166915
0.135232
0.198619
0.195401
0.313891
0.196006
0.222957
0.228681
0.153897
0.26307
0.244974
0.21822
0.245003
0.153793
0.161407
0.179436
0.221126
0.192401
0.159768
0.278344
0.304141
0.222946
0.221229
0.187665
0.109216
0.2482
0.177643
0.227934
0.201624
0.150401
0.180733
0.178612
0.164722
0.117952
0.149084
0.156284
0.243029
0.155381
0.142496
0.138454
0.195053
0.318018
0.158885
0.227378
0.162394
0.207656
0.133223
0.189272
0.132826
0.121638
0.222537
0.161802
0.185272
0.218467
0.206751
0.254768
0.131911
0.176782
0.167926
0.203402
0.340933
0.230037
0.223161
0.311092
0.183864
0.197533
0.196858
0.197559
0.196519
0.288804
0.237104
0.287797
0.270759
0.170486
0.140759
0.197908
0.209087
0.151524
0.206586
0.248549
0.182644
0.199928
0.185042
0.254009
0.139208
0.26987
0.193461
0.257602
0.171765
0.148508
0.199355
0.250574
0.135665
0.17923
0.189834
0.205777
0.144503
0.240265
0.156548
0.195982
0.15851
0.176345
0.156058
0.14549
0.23833
0.187051
0.318853
0.209757
0.231851
0.169868
0.209415
0.207244
0.173772
0.105286
0.226953
0.151664
0.201129
0.214551
0.232024
0.199762
0.198044
0.156968
0.218437
0.21921
0.211634
0.21457
0.162709
0.201588
0.187418
0.207811
0.206322
0.166787
0.126959
0.135651
0.234533
0.186424
0.298924
0.147047
0.232645
0.237409
0.164312
0.115461
0.177946
0.18951
0.187163
0.183925
0.263365
0.159475
0.156898
0.132066
0.148111
0.173558
0.178572
0.148839
0.324853
0.180617
0.201562
0.157811
0.20441
0.196582
0.195837
0.225434
0.21801
0.184965
0.158913
0.151704
0.243487
0.159691
0.336245
0.179246
0.17804
0.16268
0.1832
0.15922
0.236376
0.211984
0.183865
0.164321
0.299023
0.243965
0.160317
0.194169
0.184321
0.243699
0.180989
0.257523
0.182153
0.176309
0.152721
0.189828
0.162667
0.190376
0.192122
0.153449
0.312843
0.232012
0.249056
0.200811
0.176774
0.165286
0.138414
0.132784
0.293245
0.229232
0.178415
0.140941
0.181352
0.175864
0.153397
0.146137
0.189221
0.187187
0.179068
0.216572
0.176406
0.160964
0.115868
0.367148
0.250583
0.168644
0.217558
0.244244
0.23354
0.226357
0.13592
0.166215
0.134832
0.301726
0.159555
0.223022
0.244532
0.190291
0.195311
0.221084
0.15895
0.195457
0.253964
0.296461
0.145704
0.202188
0.234407
0.173618
0.157045
0.19326
0.157307
0.139841
0.229932
0.111539
0.164137
0.191126
0.141032
0.180181
0.210951
0.238423
0.172683
0.24878
0.230383
0.230868
0.193623
0.206548
0.265055
0.136251
0.181953
0.278514
0.191406
0.15083
0.103056
0.23344
0.177994
0.192435
0.183833
0.22046
0.162466
0.12543
0.182216
0.229475
0.233173
0.288396
0.150335
0.149345
0.177841
0.20107
0.296696
0.191033
0.15998
0.260665
0.15035
0.232896
0.214959
0.196373
0.205054
0.19193
0.171343
0.281247
0.234093
0.211855
0.187924
0.194936
0.180828
0.243917
0.151748
0.153599
0.239563
0.136149
0.1864
0.14948
0.185439
0.249692
0.207336
0.17228
0.17306
0.105696
0.206879
0.207917
0.129429
0.282697
0.217487
0.143799
0.239307
0.14937
0.187467
0.192122
0.238407
0.17047
0.135
0.151101
0.199775
0.133598
0.190595
0.211762
0.148763
0.156186
0.212711
0.192463
0.168711
0.102271
0.176041
0.18786
0.190615
0.197353
0.202303
0.246629
0.215957
0.177253
0.121666
0.17727
0.151731
0.177396
0.19146
0.201782
0.171874
0.182644
0.185419
0.221254
0.179369
0.169065
0.177776
0.20353
0.299744
0.188786
0.190367
0.204612
0.213756
0.15335
0.163053
0.233388
0.180817
0.25044
0.20706
0.220554
0.171648
0.205479
0.175889
0.254174
0.182725
0.193836
0.187483
0.177606
0.198564
0.110157
0.199468
0.190093
0.180182
0.166063
0.179032
0.172205
0.176195
0.256295
0.308087
0.329352
0.267038
0.256696
0.200675
0.182525
0.233004
0.229741
0.337562
0.260157
0.304103
0.336545
0.307143
0.16713
0.268626
0.288328
0.261585
0.285698
0.262988
0.257484
0.283072
0.317041
0.269341
0.293162
0.23354
0.223006
0.192118
0.285676
0.306133
0.164306
0.329166
0.252576
0.335366
0.299356
0.283935
0.245705
0.27687
0.324565
0.308226
0.249759
0.259165
0.293555
0.248346
0.214039
0.29359
0.337094
0.353543
0.2691
0.294753
0.155994
0.15707
0.291104
0.315674
0.304167
0.344205
0.286335
0.347532
0.232424
0.278084
0.231343
0.305933
0.341279
0.192962
0.30468
0.265995
0.185356
0.250129
0.244364
0.273726
0.244302
0.159508
0.280876
0.206302
0.249849
0.190785
0.231331
0.276494
0.329912
0.225282
0.223745
0.243569
0.274195
0.353801
0.346376
0.308786
0.297236
0.258907
0.209805
0.277689
0.19671
0.250825
0.30362
0.318801
0.233657
0.316585
0.310615
0.346262
0.3088
0.226468
0.177524
0.279011
0.244589
0.289614
0.197401
0.229203
0.190698
0.303406
0.343728
0.305795
0.33145
0.262475
0.247564
0.245635
0.236279
0.240218
0.332224
0.291361
0.180992
0.282843
0.298159
0.227108
0.232744
0.277542
0.363541
0.266171
0.319101
0.288975
0.320083
0.272912
0.209407
0.28907
0.286149
0.253563
0.326864
0.25663
0.247861
0.238567
0.240818
0.305041
0.320858
0.175587
0.279318
0.32728
0.250947
0.26314
0.257441
0.209477
0.182131
0.272164
0.228486
0.306872
0.185016
0.279198
0.325823
0.26665
0.253788
0.373667
0.248642
0.266333
0.314986
0.245073
0.354431
0.253727
0.331267
0.187832
0.274795
0.307285
0.350239
0.224539
0.259322
0.317601
0.274536
0.273485
0.19031
0.320001
0.305202
0.242332
0.320917
0.300598
0.199668
0.235275
0.261266
0.195062
0.244579
0.227255
0.198439
0.314384
0.29685
0.262328
0.263703
0.217549
0.142867
0.301207
0.31098
0.296309
0.168944
0.295509
0.28891
0.304013
0.267408
0.216651
0.3107
0.12743
0.345762
0.243673
0.20956
0.162165
0.261731
0.306771
0.265733
0.251602
0.193876
0.169456
0.210403
0.269121
0.317
0.219198
0.342688
0.283628
0.153604
0.29018
0.296936
0.255542
0.216513
0.293409
0.221729
0.18954
0.261933
0.272291
0.217635
0.20567
0.333909
0.293286
0.259571
0.309935
0.234301
0.215076
0.253414
0.284305
0.241624
0.230879
0.23474
0.277245
0.249783
0.230111
0.274523
0.326167
0.204548
0.174698
0.321188
0.214199
0.2779
0.323243
0.229972
0.251763
0.212416
0.306258
0.268321
0.250145
0.354658
0.313359
0.175545
0.301673
0.241056
0.283383
0.265375
0.318112
0.316317
0.285374
0.274278
0.303809
0.284654
0.247824
0.165124
0.160517
0.276928
0.193253
0.303973
0.309684
0.155117
0.200718
0.202087
0.30258
0.218965
0.275109
0.245435
0.344551
0.268764
0.295283
0.256407
0.31939
0.306836
0.324828
0.291823
0.281395
0.136455
0.260495
0.3342
0.230593
0.374077
0.265373
0.245463
0.121417
0.248386
0.275768
0.296542
0.182111
0.168384
0.104643
0.302461
0.225968
0.193292
0.207347
0.326418
0.266645
0.176492
0.23542
0.198897
0.321906
0.270849
0.311014
0.359287
0.134397
0.189742
0.244304
0.304809
0.205503
0.285104
0.322868
0.33136
0.220533
0.295124
0.25115
0.297431
0.321621
0.180474
0.279476
0.311228
0.262402
0.22485
0.243629
0.262082
0.199016
0.268208
0.300996
0.293519
0.349047
0.268608
0.217034
0.287129
0.293284
0.275797
0.240247
0.295996
0.253807
0.230974
0.27117
0.297482
0.343679
0.238154
0.308638
0.22712
0.314799
0.283028
0.326813
0.296582
0.242356
0.299326
0.356627
0.311353
0.331021
0.342606
0.271399
0.271799
0.290193
0.235001
0.188833
0.335007
0.288354
0.268371
0.317933
0.226621
0.311919
0.211949
0.26025
0.203834
0.335341
0.171418
0.314758
0.314564
0.15037
0.319105
0.365621
0.286887
0.262395
0.229241
0.334281
0.187387
0.255873
0.199792
0.213583
0.229988
0.340051
0.256503
0.262083
0.322473
0.240909
0.179504
0.241368
0.316254
0.275213
0.29833
0.372232
0.235797
0.269332
0.210318
0.319898
0.379825
0.277807
0.311874
0.311968
0.167382
0.354914
0.327227
0.323355
0.287013
0.281723
0.301246
0.333769
0.218736
0.355936
0.266409
0.277454
0.275385
0.305289
0.298919
0.275197
0.148588
0.263306
0.29108
0.351489
0.236327
0.25176
0.290586
0.226479
0.265626
0.318146
0.241814
0.323641
0.267747
0.279201
0.306662
0.285807
0.30526
0.319702
0.260619
0.253335
0.338364
0.264976
0.305063
0.304481
0.269163
0.257312
0.317756
0.271616
0.34149
0.324772
0.338674
0.299965
0.328177
0.342599
0.296295
0.257036
0.298484
0.338779
0.15368
0.229014
0.199603
0.271135
0.183979
0.211241
0.254643
0.266276
0.363483
0.270925
0.252284
0.294957
0.22213
0.32802
0.176176
0.271804
0.226793
0.312985
0.316378
0.280663
0.375972
0.197244
0.19656
0.250782
0.35068
0.42865
0.304919
0.42636
0.453581
0.391854
0.457656
0.425319
0.260025
0.226132
0.394092
0.268164
0.298206
0.375603
0.485118
0.250115
0.464049
0.383483
0.470081
0.388032
0.312458
0.427291
0.244076
0.383191
0.24771
0.452736
0.349768
0.427503
0.12883
0.253378
0.448197
0.414862
0.379042
0.44594
0.482332
0.256183
0.405503
0.45241
0.188798
0.41826
0.186175
0.211778
0.42964
0.340465
0.490687
0.446284
0.389041
0.241073
0.28497
0.409009
0.373253
0.452164
0.210376
0.443954
0.378158
0.308321
0.34825
0.1751
0.425193
0.415245
0.24262
0.353282
0.314109
0.438456
0.381405
0.43354
0.417342
0.149882
0.435708
0.197364
0.450274
0.201937
0.298881
0.329717
0.35865
0.370851
0.454523
0.362615
0.393058
0.369055
0.347189
0.44903
0.457143
0.38318
0.200713
0.238421
0.436826
0.251302
0.197694
0.33568
0.394921
0.424561
0.23697
0.411646
0.357984
0.384625
0.454068
0.198857
0.430085
0.24541
0.28925
0.247612
0.360843
0.366523
0.44907
0.384182
0.23089
0.316172
0.450303
0.418897
0.414172
0.376884
0.328153
0.447482
0.198917
0.386881
0.201796
0.387114
0.425456
0.412164
0.361328
0.33897
0.407228
0.245743
0.152229
0.439959
0.319724
0.346181
0.329118
0.207652
0.447729
0.384616
0.412475
0.202738
0.365343
0.384328
0.322186
0.434139
0.399224
0.371867
0.421935
0.385532
0.446022
0.396035
0.20163
0.128069
0.351307
0.465951
0.380766
0.41734
0.24021
0.177794
0.25179
0.414079
0.130811
0.388048
0.365054
0.373954
0.41351
0.378645
0.196162
0.309667
0.367442
0.354161
0.329201
0.413071
0.215951
0.434693
0.449893
0.339836
0.384037
0.248174
0.437658
0.296675
0.268337
0.348776
0.426345
0.234828
0.333944
0.357924
0.20786
0.364857
0.46266
0.208868
0.428601
0.373964
0.424263
0.392819
0.413708
0.235476
0.137249
0.395414
0.412044
0.349645
0.361954
0.412882
0.43173
0.423602
0.363964
0.247475
0.354321
0.402537
0.341879
0.330868
0.300226
0.203874
0.409531
0.425344
0.36999
0.215212
0.360915
0.409937
0.41906
0.476024
0.463196
0.446721
0.283193
0.231023
0.412815
0.329075
0.400847
0.22417
0.349534
0.420157
0.385385
0.448507
0.446795
0.380227
0.401091
0.367962
0.374222
0.357564
0.279119
0.243125
0.28704
0.431803
0.39191
0.432264
0.443982
0.487539
0.464988
0.449445
0.400863
0.422736
0.211359
0.408633
0.244957
0.309085
0.461187
0.145124
0.270672
0.327385
0.376567
0.373977
0.273384
0.386958
0.289372
0.455386
0.327674
0.324583
0.359586
0.41772
0.361446
0.369983
0.236486
0.351176
0.332959
0.411776
0.436087
0.301853
0.447008
0.365145
0.333245
0.311617
0.319047
0.337518
0.432792
0.318792
0.220168
0.419334
0.409341
0.441989
0.383145
0.424618
0.448265
0.405781
0.442713
0.216425
0.457303
0.376069
0.345509
0.436539
0.373492
0.255779
0.395818
0.393866
0.444612
0.453032
0.319127
0.126963
0.413316
0.484892
0.284443
0.352205
0.317013
0.33438
0.323599
0.336328
0.201467
0.285885
0.300412
0.171025
0.0990233
0.370498
0.316861
0.336925
0.265331
0.300932
0.198174
0.320586
0.312672
0.249701
0.31527
0.333932
0.222558
0.377868
0.35385
0.240644
0.253413
0.249272
0.269454
0.320176
0.258827
0.22355
0.20676
0.263042
0.273623
0.281585
0.248717
0.282546
0.29374
0.20495
0.319246
0.222841
0.267124
0.227187
0.243382
0.317114
0.3022
0.179967
0.279369
0.317883
0.326869
0.143796
0.318378
0.313392
0.332268
0.299755
0.201248
0.327818
0.30062
0.214159
0.375444
0.301543
0.190639
0.0537333
0.288963
0.303615
0.308006
0.359171
0.319495
0.166616
0.343889
0.327014
0.246849
0.328842
0.33287
0.367317
0.299736
0.320565
0.268834
0.287521
0.305885
0.239207
0.352768
0.345276
0.320704
0.316929
0.276678
0.238931
0.302924
0.335094
0.26787
0.113061
0.343053
0.253081
0.29998
0.323963
0.210482
0.282367
0.29499
0.299077
0.128045
0.149707
0.264802
0.344404
0.241958
0.271664
0.296856
0.195276
0.335204
0.354689
0.342257
0.338475
0.32052
0.314528
0.341731
0.353398
0.300289
0.345674
0.324151
0.143238
0.311565
0.306468
0.347756
0.280744
0.328999
0.28473
0.311167
0.294931
0.271578
0.298036
0.308996
0.190959
0.285314
0.170735
0.319894
0.307036
0.13709
0.199762
0.283007
0.260009
0.255677
0.263957
0.319335
0.257776
0.180564
0.216464
0.336613
0.307436
0.15394
0.269306
0.322214
0.364523
0.321797
0.313746
0.335232
0.333615
0.327985
0.365855
0.242378
0.246509
0.190997
0.290736
0.208395
0.328465
0.339314
0.310857
0.259719
0.311659
0.336962
0.193178
0.295641
0.352077
0.244866
0.228698
0.266903
0.305239
0.258368
0.305431
0.260346
0.346668
0.307277
0.235145
0.228543
0.321888
0.328947
0.318311
0.321764
0.3282
0.304475
0.256851
0.162183
0.14272
0.056408
0.246555
0.288725
0.203786
0.150647
0.32567
0.280592
0.243667
0.309892
0.355095
0.27712
0.282624
0.375284
0.378841
0.288534
0.303037
0.27662
0.0980574
0.356456
0.215799
0.364432
0.282787
0.328009
0.112424
0.328089
0.339375
0.327236
0.179265
0.31063
0.292696
0.145234
0.294446
0.332527
0.302942
0.329464
0.32836
0.303017
0.207512
0.267466
0.316817
0.275924
0.271334
0.284097
0.137337
0.288468
0.130536
0.349591
0.346938
0.337301
0.314879
0.170434
0.263769
0.142685
0.327714
0.164223
0.210142
0.303743
0.331799
0.323736
0.219613
0.318517
0.210383
0.249896
0.324103
0.33356
0.338534
0.239315
0.233615
0.330655
0.201508
0.164929
0.303735
0.351949
0.273295
0.281426
0.277559
0.299537
0.266019
0.327975
0.318353
0.308961
0.316289
0.343283
0.252772
0.277086
0.33527
0.217452
0.328732
0.300995
0.303843
0.345237
0.31055
0.320125
0.345337
0.279481
0.335969
0.15696
0.278131
0.32331
0.267927
0.314182
0.254374
0.281469
0.312931
0.234189
0.327897
0.268643
0.296006
0.292712
0.449487
0.212163
0.182238
0.187593
0.338877
0.213886
0.171057
0.234289
0.244006
0.191847
0.407501
0.200528
0.309725
0.237526
0.369702
0.233103
0.158158
0.111825
0.243271
0.18281
0.250128
0.314548
0.394403
0.39461
0.422097
0.225379
0.256671
0.359306
0.170012
0.336461
0.247066
0.30016
0.127184
0.432238
0.257501
0.425898
0.351869
0.400223
0.256062
0.238611
0.195498
0.197521
0.230028
0.235816
0.423936
0.425013
0.392261
0.177032
0.231271
0.201557
0.200651
0.324131
0.239061
0.157391
0.219097
0.308288
0.249932
0.106668
0.402656
0.154149
0.408057
0.197536
0.424851
0.340546
0.154728
0.405575
0.258131
0.373757
0.346334
0.36974
0.218866
0.272017
0.230884
0.325572
0.352001
0.243757
0.307941
0.302528
0.427617
0.31355
0.283129
0.446967
0.321274
0.246804
0.247744
0.422643
0.382271
0.338327
0.144008
0.405325
0.144139
0.290077
0.206793
0.41247
0.316325
0.291671
0.236949
0.314472
0.192203
0.327187
0.206437
0.187453
0.205543
0.232103
0.207112
0.220769
0.197122
0.117222
0.409619
0.241955
0.319648
0.360539
0.266546
0.242512
0.230523
0.346156
0.217477
0.300197
0.21972
0.1724
0.322587
0.221768
0.201089
0.391146
0.27439
0.326635
0.276188
0.187054
0.29089
0.253231
0.195947
0.35633
0.24388
0.355614
0.241772
0.152456
0.372357
0.263384
0.345111
0.240651
0.251536
0.35255
0.145841
0.154499
0.238533
0.343952
0.313887
0.233683
0.116723
0.367637
0.217631
0.330938
0.267829
0.136877
0.163144
0.325257
0.278064
0.121722
0.319738
0.188698
0.276724
0.340682
0.284943
0.206069
0.284339
0.368422
0.237329
0.269605
0.236143
0.24207
0.380503
0.184754
0.376095
0.111366
0.209749
0.244844
0.204808
0.256708
0.210492
0.260893
0.295317
0.231154
0.272217
0.384586
0.370578
0.242507
0.183796
0.210466
0.205287
0.162065
0.125375
0.311618
0.229577
0.166549
0.232002
0.21582
0.232228
0.165675
0.313791
0.288259
0.283687
0.335408
0.382005
0.429335
0.239793
0.225627
0.301685
0.286918
0.338247
0.117776
0.429221
0.344785
0.431255
0.370644
0.321376
0.342364
0.224944
0.235952
0.224389
0.238628
0.244306
0.269423
0.237881
0.161707
0.229484
0.432711
0.241653
0.391983
0.275451
0.326579
0.290051
0.314682
0.401931
0.13841
0.227409
0.405674
0.233972
0.336062
0.325899
0.253132
0.229499
0.257921
0.150885
0.154375
0.38127
0.266502
0.192279
0.271747
0.234074
0.42084
0.243921
0.353515
0.212807
0.175072
0.29139
0.26248
0.344558
0.258191
0.236791
0.209956
0.340685
0.222989
0.21729
0.438073
0.261225
0.125477
0.239018
0.326315
0.331692
0.206943
0.236193
0.290976
0.281349
0.228346
0.267295
0.311826
0.240864
0.225791
0.416251
0.311898
0.356818
0.227011
0.359621
0.426945
0.268695
0.41739
0.394471
0.232093
0.202605
0.147049
0.219777
0.275512
0.310113
0.22101
0.221177
0.165962
0.331656
0.246847
0.26265
0.178057
0.139574
0.466677
0.426474
0.492663
0.394172
0.413096
0.444407
0.454467
0.477901
0.411774
0.41785
0.342709
0.142467
0.350551
0.346528
0.461146
0.388679
0.410559
0.318354
0.433165
0.391523
0.188679
0.368298
0.362272
0.50404
0.422773
0.419232
0.391708
0.441803
0.379392
0.47908
0.496221
0.484804
0.396058
0.304543
0.395075
0.469191
0.506733
0.453488
0.406251
0.464603
0.35883
0.35883
0.436946
0.387344
0.218204
0.449197
0.379505
0.397023
0.375794
0.386563
0.43162
0.476942
0.452051
0.412148
0.388906
0.314984
0.435699
0.422989
0.346658
0.375794
0.130496
0.404075
0.356509
0.280922
0.345245
0.19968
0.355093
0.308553
0.318175
0.339435
0.44921
0.456037
0.385494
0.340474
0.421343
0.384002
0.421343
0.356813
0.393593
0.430534
0.304593
0.404966
0.441373
0.420066
0.403158
0.447421
0.3544
0.423129
0.285373
0.32292
0.411681
0.345129
0.36041
0.432256
0.35929
0.432295
0.444185
0.405133
0.178509
0.411343
0.478885
0.357237
0.416135
0.374365
0.386956
0.385941
0.453091
0.515205
0.395928
0.291686
0.357521
0.462508
0.392764
0.444939
0.304593
0.473012
0.355207
0.472245
0.329183
0.391907
0.363788
0.216889
0.382807
0.361231
0.288462
0.199804
0.274632
0.423888
0.415298
0.315354
0.417482
0.510504
0.407365
0.33522
0.468221
0.428298
0.406692
0.446451
0.441174
0.361231
0.368298
0.438469
0.388906
0.447035
0.4157
0.359486
0.371513
0.447421
0.467698
0.503269
0.410559
0.434583
0.433347
0.312525
0.171736
0.405584
0.356257
0.37107
0.474782
0.35133
0.498251
0.382108
0.450555
0.386956
0.487693
0.452378
0.436946
0.408445
0.463469
0.171736
0.445977
0.390576
0.480657
0.463269
0.345141
0.382507
0.343634
0.410221
0.544881
0.285373
0.531809
0.416135
0.499472
0.248044
0.422929
0.45651
0.458757
0.432546
0.39595
0.456806
0.416117
0.434119
0.4683
0.447549
0.438022
0.428971
0.404897
0.329736
0.341506
0.429557
0.424718
0.478314
0.231397
0.39722
0.200343
0.346426
0.378971
0.432981
0.400705
0.370549
0.406848
0.346325
0.495396
0.379666
0.44318
0.448255
0.503177
0.442778
0.422136
0.319517
0.443766
0.439666
0.450555
0.36057
0.479764
0.4373
0.36041
0.433429
0.39872
0.3544
0.520132
0.448315
0.425993
0.352828
0.191883
0.276472
0.266787
0.349243
0.321502
0.39872
0.329381
0.423129
0.405038
0.454664
0.400629
0.424989
0.507633
0.385786
0.28732
0.246323
0.481444
0.422071
0.361885
0.401701
0.340474
0.410394
0.357038
0.401701
0.396587
0.397761
0.398696
0.493961
0.333021
0.44275
0.442132
0.334541
0.471938
0.47026
0.308553
0.409242
0.413659
0.400525
0.37581
0.415225
0.41785
0.400673
0.498811
0.35181
0.430534
0.464961
0.359486
0.368757
0.405038
0.445463
0.505161
0.362132
0.453429
0.398696
0.332324
0.481877
0.371025
0.178509
0.492664
0.41517
0.375778
0.397761
0.519327
0.347969
0.318548
0.200343
0.380538
0.429813
0.101736
0.0768182
0.144223
0.0866551
0.0754475
0.122653
0.146734
0.0911044
0.110656
0.115767
0.205179
0.185018
0.0951408
0.125837
0.142597
0.054756
0.223855
0.123025
0.191619
0.0674635
0.101927
0.0897804
0.183904
0.172499
0.0827627
0.111946
0.130301
0.149311
0.0661335
0.206324
0.0644214
0.0895539
0.156075
0.0599749
0.0788646
0.0736259
0.241413
0.0748926
0.180206
0.0409848
0.05023
0.0759228
0.115478
0.10953
0.123544
0.0661575
0.0902163
0.10276
0.110594
0.128452
0.0970933
0.125046
0.0477402
0.122967
0.0555251
0.0651212
0.0583073
0.100409
0.103701
0.117794
0.0628071
0.128396
0.0506839
0.104284
0.0831206
0.0585626
0.210355
0.0875507
0.230396
0.168184
0.168607
0.12725
0.1873
0.225751
0.0646275
0.307705
0.167707
0.0915902
0.170665
0.128841
0.0418221
0.248192
0.0828076
0.0828637
0.230109
0.188183
0.05669
0.122964
0.0684271
0.138963
0.0677351
0.0794414
0.129941
0.12261
0.0867934
0.0705074
0.127783
0.0552258
0.0854284
0.133248
0.0656974
0.0530252
0.213897
0.0812889
0.0837384
0.102006
0.11948
0.0692294
0.137815
0.0653051
0.115839
0.0531879
0.0786867
0.110015
0.0277189
0.0671337
0.163686
0.0941276
0.20843
0.127292
0.0745208
0.172138
0.0439971
0.0524051
0.065287
0.0292037
0.359496
0.0729589
0.201356
0.0849853
0.0806122
0.135161
0.136472
0.0834062
0.112392
0.203363
0.122043
0.213629
0.154558
0.156475
0.052122
0.08126
0.155088
0.0690724
0.111488
0.0724759
0.125557
0.0722544
0.0629286
0.0626543
0.070626
0.079572
0.100912
0.23092
0.0815058
0.118176
0.209911
0.0739276
0.103176
0.104525
0.158845
0.21975
0.111202
0.0721997
0.0584244
0.106631
0.0897007
0.204984
0.0432584
0.164549
0.0508457
0.0822373
0.271731
0.184111
0.183669
0.108272
0.0777635
0.0829552
0.08353
0.0782699
0.0597112
0.147276
0.0823338
0.0536618
0.111811
0.0782634
0.0740694
0.113245
0.0822559
0.0788055
0.172897
0.145279
0.155265
0.158183
0.072312
0.0688428
0.120457
0.13614
0.0645958
0.0566351
0.070578
0.0981408
0.144081
0.0278677
0.118316
0.0652201
0.0282391
0.0507807
0.0942363
0.211798
0.036605
0.167701
0.149646
0.145366
0.275326
0.0751068
0.0611667
0.123893
0.0738888
0.131254
0.0448939
0.0978919
0.062133
0.0865981
0.121609
0.0791313
0.145602
0.190862
0.0525109
0.231684
0.189441
0.11641
0.14209
0.0540744
0.0783586
0.169908
0.139457
0.206054
0.101257
0.107422
0.0728235
0.104556
0.0821994
0.266799
0.101905
0.0881042
0.16429
0.141004
0.127527
0.10254
0.0662012
0.0859115
0.135481
0.0840523
0.100956
0.160687
0.270156
0.14461
0.081498
0.208014
0.168248
0.0644739
0.2899
0.182865
0.163913
0.0370616
0.190206
0.117196
0.165392
0.0955267
0.0713561
0.101299
0.0625013
0.150842
0.0843856
0.0686612
0.0869946
0.116301
0.0760527
0.095965
0.159367
0.0389225
0.0961219
0.0626296
0.127687
0.0869493
0.0594669
0.099579
0.124686
0.129678
0.142869
0.101832
0.108336
0.150228
0.17171
0.132465
0.131247
0.093651
0.181948
0.0934185
0.0735266
0.0871701
0.07161
0.0926137
0.0540331
0.112489
0.0977438
0.082066
0.142486
0.112868
0.0848471
0.101099
0.106046
0.0469132
0.189832
0.115297
0.165986
0.0727582
0.16249
0.0923496
0.0455704
0.0499724
0.0953745
0.126225
0.0906
0.140005
0.121224
0.130267
0.108849
0.0898323
0.0536493
0.0466234
0.0677151
0.0788156
0.0686966
0.164625
0.0925749
0.215181
0.102706
0.0398895
0.184128
0.0443147
0.176729
0.127999
0.152
0.0506614
0.136382
0.129839
0.114051
0.0849752
0.10344
0.0688236
0.10846
0.125669
0.081749
0.284586
0.060421
0.234217
0.107773
0.0323118
0.0909488
0.0823866
0.135069
0.0575418
0.0693864
0.0582311
0.250497
0.0428681
0.100265
0.0733501
0.148263
0.151001
0.0777147
0.101372
0.107697
0.124236
0.0733648
0.0277528
0.07036
0.238102
0.118335
0.109596
0.0820654
0.219083
0.164252
0.143347
0.175967
0.0891721
0.141549
0.0639848
0.14862
0.149902
0.225376
0.0754465
0.0902499
0.13316
0.0819194
0.104554
0.0384632
0.0548371
0.0622199
0.0554147
0.0907029
0.200852
0.0576226
0.0744255
0.126785
0.162872
0.124287
0.0959145
0.10551
0.0811478
0.0978137
0.151931
0.0261594
0.117287
0.108636
0.218304
0.126114
0.140066
0.0427377
0.0770157
0.0848121
0.136673
0.0461399
0.178138
0.083289
0.298859
0.121995
0.125257
0.110383
0.215454
0.0609742
0.170538
0.0703209
0.105303
0.0865435
0.120247
0.0530859
0.0619628
0.148124
0.139478
0.142997
0.104704
0.0448324
0.0922416
0.10238
0.0562834
0.0756595
0.122921
0.0866819
0.156878
0.10501
0.222161
0.13909
0.0715534
0.268854
0.0400174
0.0921865
0.0647793
0.139135
0.126376
0.0583879
0.11711
0.0948808
0.0962703
0.243197
0.147583
0.119024
0.09259
0.115406
0.111135
0.0875215
0.0621182
0.238575
0.0715142
0.109835
0.173846
0.219038
0.138037
0.122265
0.0529606
0.0424839
0.146124
0.0962049
0.0787671
0.146459
0.0905364
0.12565
0.0952626
0.155827
0.221795
0.246307
0.05
0.176801
0.113353
0.0999636
0.0468359
0.165248
0.0947536
0.0563732
0.0778643
0.140849
0.0806187
0.132116
0.103981
0.066464
0.227352
0.157265
0.20155
0.0931231
0.168965
0.0932378
0.093396
0.0635866
0.0478452
0.162861
0.0545807
0.0511201
0.115134
0.157058
0.125004
0.107792
0.0823055
0.272144
0.105337
0.110424
0.126527
0.186074
0.268472
0.151126
0.0896519
0.0690914
0.0755593
0.18794
0.0551554
0.247863
0.137888
0.111386
0.0805015
0.116503
0.13135
0.0849742
0.0969527
0.112277
0.0503332
0.0997934
0.0824892
0.17672
0.157486
0.0514268
0.117841
0.0812503
0.10324
0.11682
0.212442
0.0913941
0.0916207
0.117054
0.0647464
0.0466151
0.119306
0.0827476
0.0748656
0.0931329
0.117167
0.111478
0.153608
0.148685
0.0640405
0.144724
0.170588
0.0487511
0.0972962
0.280224
0.161544
0.0723791
0.103337
0.0978381
0.0952845
0.073004
0.190419
0.116465
0.157055
0.0731684
0.120407
0.154974
0.0977906
0.0899976
0.0908663
0.0922726
0.0942927
0.125776
0.0855493
0.191772
0.0739514
0.175904
0.137698
0.0605087
0.146307
0.0898121
0.0830662
0.0803913
0.202944
0.0698478
0.114519
0.0723692
0.115017
0.208634
0.0900216
0.0923314
0.0523402
0.0834733
0.0407157
0.0891906
0.0817436
0.191731
0.116635
0.0558334
0.126838
0.107887
0.235234
0.0358655
0.180731
0.127144
0.0735959
0.0835959
0.113852
0.0933723
0.14644
0.100943
0.0289094
0.0903115
0.0695521
0.0882259
0.175987
0.0827899
0.0590793
0.136193
0.106469
0.0311683
0.0298995
0.0856848
0.103261
0.0765307
0.0587971
0.115533
0.0679464
0.263014
0.144361
0.0944859
0.061159
0.103131
0.0681198
0.0546521
0.0817973
0.157352
0.0566346
0.0569124
0.160635
0.150995
0.189494
0.0701891
0.0696669
0.189609
0.0513777
0.0503816
0.0853262
0.137413
0.0397307
0.0597003
0.0854741
0.326415
0.0716152
0.193792
0.0552549
0.104572
0.0594457
0.108453
0.0741542
0.0916737
0.0763765
0.0746365
0.248701
0.179014
0.453903
0.125169
0.33001
0.119755
0.223691
0.169203
0.115107
0.373885
0.145708
0.158382
0.311363
0.0805048
0.167345
0.0755766
0.20648
0.218503
0.128445
0.152396
0.0557277
0.151124
0.0600266
0.385436
0.0570816
0.103148
0.112291
0.0513993
0.137659
0.054223
0.199576
0.366059
0.0710885
0.192641
0.337516
0.224186
0.112999
0.241406
0.210149
0.21623
0.163779
0.20907
0.0636191
0.0690724
0.116196
0.105212
0.195043
0.368103
0.227483
0.160705
0.231344
0.184422
0.121176
0.163514
0.144517
0.27259
0.159896
0.130961
0.120183
0.205123
0.215838
0.11179
0.152699
0.145011
0.146465
0.1621
0.0603012
0.156741
0.370988
0.241915
0.252426
0.0939385
0.148759
0.109051
0.167156
0.271378
0.169809
0.201733
0.0777941
0.234468
0.18446
0.13602
0.0969038
0.137812
0.054416
0.289755
0.152394
0.0657159
0.108712
0.0897599
0.315684
0.298278
0.102887
0.0879512
0.185844
0.0580899
0.158875
0.326453
0.167826
0.21593
0.225353
0.0574704
0.0338506
0.226764
0.123423
0.189915
0.0531651
0.172031
0.0785503
0.143785
0.320555
0.142745
0.130852
0.104094
0.271905
0.240275
0.125994
0.155343
0.222291
0.165734
0.253804
0.179968
0.0434013
0.0382804
0.258758
0.327285
0.102737
0.127973
0.089182
0.0833137
0.345382
0.128829
0.046321
0.0882836
0.09778
0.153889
0.234607
0.0728936
0.103731
0.340716
0.178069
0.346788
0.0605346
0.449901
0.196004
0.275268
0.173616
0.148182
0.331751
0.237597
0.122028
0.146555
0.329431
0.164633
0.314199
0.213624
0.142521
0.283102
0.0491901
0.374875
0.321956
0.114771
0.107265
0.0722329
0.11885
0.0444055
0.0603354
0.156311
0.412878
0.146988
0.0812459
0.0638374
0.201138
0.0785195
0.134333
0.359399
0.0833193
0.157318
0.257496
0.0462025
0.108921
0.072987
0.207037
0.0724892
0.180986
0.272055
0.240735
0.243789
0.150981
0.197841
0.221953
0.138916
0.299062
0.0848252
0.107176
0.0397811
0.169772
0.274049
0.114766
0.301017
0.0804147
0.138496
0.178598
0.227051
0.0590141
0.182314
0.136049
0.0368882
0.271506
0.150934
0.122152
0.0748541
0.375779
0.0530106
0.149842
0.304192
0.192651
0.126098
0.120326
0.0507033
0.152712
0.106825
0.0911075
0.317407
0.168273
0.352764
0.19187
0.183869
0.150854
0.0906191
0.148496
0.0851126
0.127321
0.0979437
0.167589
0.299337
0.0527265
0.402688
0.0671811
0.0832545
0.244383
0.229941
0.134006
0.136508
0.174853
0.119718
0.241298
0.199773
0.285513
0.101416
0.235274
0.183552
0.408165
0.339785
0.0805052
0.12378
0.168586
0.371122
0.224403
0.305791
0.21409
0.0487131
0.17756
0.107216
0.145789
0.35595
0.142921
0.172876
0.201128
0.0420451
0.282046
0.230095
0.110901
0.137796
0.260296
0.306656
0.0772153
0.153737
0.300434
0.107096
0.164601
0.289993
0.0934586
0.394978
0.130025
0.304535
0.162144
0.16768
0.078908
0.241011
0.26869
0.102645
0.173529
0.0253943
0.106105
0.0307449
0.0504472
0.0625259
0.0842106
0.0960104
0.110023
0.325829
0.0524503
0.0792252
0.125938
0.116307
0.0498029
0.0324444
0.2735
0.0744149
0.177555
0.0737916
0.137838
0.0837436
0.109096
0.10521
0.389605
0.0500473
0.285314
0.211162
0.27629
0.107597
0.0470723
0.120139
0.0837232
0.099718
0.194839
0.098544
0.273142
0.0525686
0.138172
0.176693
0.126022
0.172946
0.14851
0.180951
0.167355
0.293465
0.446459
0.121886
0.0846092
0.141356
0.337236
0.274685
0.128571
0.219754
0.0652111
0.0397627
0.126846
0.285166
0.314598
0.342176
0.0981378
0.181886
0.0533407
0.105522
0.261925
0.160867
0.424068
0.066184
0.193247
0.115247
0.114982
0.0746094
0.175963
0.0408976
0.334396
0.339247
0.204832
0.336707
0.0677497
0.240256
0.259344
0.154224
0.246642
0.390881
0.357717
0.126941
0.159194
0.23071
0.308391
0.122508
0.0780102
0.0482839
0.117706
0.322071
0.0997527
0.289727
0.16695
0.0891041
0.0903922
0.156813
0.24959
0.114929
0.126369
0.141234
0.146035
0.158687
0.0706489
0.117831
0.138862
0.0471112
0.190311
0.197977
0.124192
0.0727693
0.145312
0.10836
0.177172
0.0467216
0.16097
0.0977634
0.0795476
0.0465365
0.181935
0.0812089
0.099918
0.306435
0.1496
0.164138
0.237536
0.0623622
0.12174
0.140915
0.223671
0.14029
0.224174
0.336555
0.0870349
0.0334716
0.192004
0.113507
0.142416
0.13537
0.370499
0.0417959
0.184319
0.352904
0.202604
0.172247
0.264131
0.0863006
0.0968323
0.426672
0.296613
0.0520574
0.126558
0.3701
0.111056
0.259111
0.1344
0.0360537
0.290197
0.0565363
0.0810754
0.0410547
0.240644
0.0930918
0.12527
0.260944
0.139583
0.0486094
0.0500752
0.284126
0.189959
0.080593
0.183689
0.211424
0.165925
0.295529
0.151783
0.0284076
0.147806
0.105343
0.0701278
0.101112
0.301796
0.0415764
0.128759
0.0508369
0.139037
0.15533
0.186951
0.104661
0.337238
0.24967
0.200828
0.052254
0.135962
0.244526
0.290532
0.0856477
0.215402
0.255584
0.19503
0.166096
0.0793689
0.0994038
0.113836
0.176118
0.117977
0.29294
0.057824
0.202279
0.230393
0.0863148
0.152113
0.209683
0.131791
0.116967
0.150096
0.308204
0.0788884
0.202766
0.114988
0.197889
0.17507
0.127022
0.198328
0.125157
0.260216
0.11425
0.0802286
0.317539
0.161066
0.0795381
0.108422
0.198478
0.0754761
0.320161
0.206577
0.303
0.155794
0.202798
0.120033
0.0584241
0.160439
0.163805
0.215259
0.11685
0.0819956
0.239644
0.151192
0.0888708
0.0692333
0.150446
0.108732
0.186925
0.299797
0.0479274
0.0404308
0.315527
0.317171
0.152977
0.108791
0.0408655
0.102958
0.0966815
0.165541
0.268667
0.321707
0.139988
0.0898575
0.221842
0.0527481
0.113934
0.177782
0.171891
0.325295
0.0366284
0.251204
0.0849471
0.124133
0.129426
0.091882
0.337821
0.416791
0.182052
0.268773
0.0436089
0.404729
0.0771056
0.192452
0.125923
0.352979
0.309979
0.147834
0.0540987
0.124777
0.0973581
0.166554
0.262574
0.142215
0.228543
0.10315
0.149177
0.205229
0.10941
0.128472
0.322463
0.282477
0.264682
0.252297
0.308322
0.351202
0.142969
0.110717
0.173966
0.0552315
0.0617251
0.224282
0.0407378
0.267487
0.42301
0.133354
0.172769
0.356028
0.257609
0.0791055
0.212477
0.257997
0.113181
0.327607
0.272377
0.258971
0.195895
0.168563
0.142166
0.176294
0.104604
0.153921
0.252037
0.249201
0.176493
0.0767643
0.133821
0.115154
0.108863
0.133703
0.0668884
0.159294
0.25511
0.277239
0.0976929
0.359515
0.171317
0.131176
0.0712344
0.145172
0.323222
0.079578
0.211901
0.196182
0.109477
0.273106
0.245968
0.411706
0.0949814
0.289998
0.128202
0.11693
0.196436
0.158766
0.159914
0.0525227
0.100363
0.265562
0.0439985
0.0435326
0.160612
0.129537
0.160442
0.205985
0.101134
0.0990456
0.0377309
0.221629
0.174241
0.0985668
0.0853361
0.167012
0.262467
0.189385
0.100008
0.225371
0.0838839
0.147913
0.062168
0.0864389
0.118909
0.0523242
0.103746
0.118082
0.169506
0.255538
0.0722808
0.172791
0.247306
0.0997434
0.0874955
0.12743
0.178142
0.257212
0.131531
0.0473772
0.112839
0.162279
0.126244
0.0903923
0.298976
0.0701995
0.282273
0.0670311
0.0829807
0.171111
0.188937
0.0699709
0.196593
0.106356
0.18812
0.178925
0.192353
0.0990394
0.101429
0.203612
0.222272
0.162339
0.192668
0.0736295
0.123265
0.237737
0.172169
0.209298
0.107105
0.0932052
0.188246
0.0983255
0.176712
0.149668
0.174966
0.11909
0.165449
0.188531
0.238031
0.112527
0.24649
0.134536
0.187837
0.0413832
0.158045
0.29014
0.198871
0.192823
0.108116
0.222379
0.118524
0.123754
0.101722
0.13825
0.140981
0.207516
0.256348
0.174795
0.186573
0.159568
0.126874
0.0926524
0.127956
0.0859589
0.265892
0.301045
0.148617
0.107849
0.131699
0.0601411
0.17908
0.113689
0.159578
0.073617
0.114567
0.134376
0.127134
0.305007
0.113568
0.113519
0.0884181
0.23443
0.128662
0.167228
0.165767
0.0549197
0.0497358
0.188449
0.0794855
0.111755
0.184917
0.173875
0.153395
0.134817
0.138377
0.209104
0.160946
0.195252
0.204583
0.20215
0.225299
0.155543
0.158815
0.251449
0.245715
0.129388
0.0937358
0.0698193
0.0871919
0.0873361
0.0983086
0.100186
0.0548741
0.0947366
0.162635
0.0405174
0.200363
0.160361
0.0723281
0.080089
0.0843999
0.15994
0.0834019
0.236764
0.141703
0.125961
0.238951
0.130071
0.185586
0.159003
0.188245
0.152862
0.105085
0.113224
0.112665
0.111742
0.263357
0.154945
0.12809
0.115886
0.268822
0.205563
0.132245
0.107513
0.194154
0.0735908
0.122868
0.0747769
0.0397453
0.271308
0.187743
0.197091
0.195351
0.163712
0.113899
0.0567108
0.11368
0.121469
0.15532
0.203924
0.321352
0.127494
0.0740297
0.097196
0.144512
0.123209
0.0652294
0.0748852
0.204348
0.0723538
0.145042
0.291537
0.08717
0.233713
0.0588478
0.113551
0.199741
0.154938
0.0326158
0.0689858
0.282072
0.157621
0.104144
0.122758
0.270712
0.170793
0.07909
0.170771
0.15261
0.132564
0.10267
0.239553
0.180715
0.211857
0.118697
0.114669
0.100331
0.136423
0.139566
0.139969
0.141269
0.128732
0.118609
0.0972074
0.0905736
0.223115
0.289077
0.0983351
0.088393
0.0815583
0.215258
0.191349
0.217374
0.0569284
0.101168
0.0701072
0.191778
0.164762
0.147648
0.151946
0.125563
0.149652
0.120261
0.177434
0.0619171
0.130735
0.21377
0.0672204
0.0912723
0.222139
0.0533839
0.157308
0.0819186
0.102462
0.0535655
0.197233
0.077664
0.106183
0.159373
0.171624
0.146968
0.175885
0.177537
0.0979287
0.133408
0.0426878
0.168835
0.297647
0.133714
0.142611
0.0909565
0.253772
0.0682521
0.133207
0.150613
0.14757
0.205439
0.173186
0.0532936
0.117631
0.134345
0.0447687
0.0534155
0.10396
0.108611
0.0594779
0.142208
0.116147
0.302133
0.100148
0.0516594
0.207124
0.134486
0.229186
0.222742
0.281006
0.0584836
0.308588
0.19671
0.037251
0.171133
0.06615
0.192484
0.165987
0.258007
0.0988543
0.10796
0.116162
0.269688
0.144486
0.143937
0.0413717
0.106444
0.134493
0.077045
0.100262
0.0864246
0.16912
0.155457
0.235432
0.178197
0.146914
0.0722464
0.164271
0.0963768
0.274269
0.0847732
0.102677
0.267837
0.175205
0.196768
0.234927
0.094293
0.183586
0.0781956
0.110504
0.146805
0.0639319
0.0736076
0.126128
0.194583
0.19007
0.100859
0.137351
0.060453
0.184734
0.179389
0.115217
0.103141
0.140664
0.168789
0.0909584
0.181334
0.143357
0.0781931
0.225078
0.227781
0.12342
0.262699
0.202296
0.15441
0.197192
0.187565
0.263811
0.258088
0.217782
0.0448364
0.210487
0.0560762
0.0978621
0.139919
0.0958876
0.143323
0.159178
0.077541
0.0928387
0.134039
0.193031
0.285478
0.0557454
0.106608
0.120097
0.0507689
0.173291
0.115733
0.250705
0.119948
0.0679841
0.242906
0.148174
0.101006
0.160381
0.155333
0.19682
0.127875
0.0762698
0.112053
0.0707953
0.114747
0.281604
0.205126
0.0370555
0.196243
0.144258
0.0839712
0.206475
0.158263
0.235364
0.297603
0.108989
0.0768288
0.0834689
0.0961245
0.0752445
0.157456
0.0698389
0.111885
0.105627
0.0972536
0.222811
0.191082
0.0903221
0.210261
0.105238
0.0427794
0.170387
0.246789
0.280319
0.0857429
0.112366
0.194595
0.168905
0.133357
0.0484619
0.10655
0.16967
0.259151
0.186344
0.190811
0.128904
0.253289
0.157889
0.0627363
0.154402
0.0894462
0.130424
0.0680707
0.153933
0.191857
0.204509
0.113137
0.16457
0.0655393
0.116007
0.0544106
0.126661
0.117725
0.238011
0.0874387
0.0842403
0.0884793
0.145913
0.131771
0.155687
0.200948
0.253374
0.168126
0.166574
0.258006
0.135464
0.128248
0.0912325
0.213558
0.0913379
0.119441
0.158815
0.127702
0.188622
0.096738
0.178792
0.164775
0.10844
0.102098
0.16114
0.0756066
0.200927
0.0737992
0.191641
0.0937338
0.0817569
0.0943142
0.172613
0.0995952
0.165123
0.12552
0.249652
0.156679
0.209362
0.232556
0.112169
0.131937
0.210297
0.213243
0.12135
0.167516
0.271469
0.131191
0.111501
0.113801
0.190897
0.0911428
0.196148
0.0999454
0.110815
0.15494
0.125064
0.135
0.109592
0.0755014
0.256409
0.115345
0.101032
0.063395
0.31207
0.134384
0.208342
0.217892
0.066069
0.0708195
0.165842
0.238839
0.0853605
0.0825242
0.200057
0.121553
0.107453
0.120358
0.0650184
0.109175
0.129792
0.296675
0.1051
0.17913
0.0700719
0.0892027
0.0841883
0.205619
0.0805847
0.112561
0.0918621
0.080646
0.14507
0.170763
0.0783125
0.0601927
0.118775
0.143673
0.198385
0.195067
0.136029
0.126081
0.0681457
0.0955266
0.058528
0.103647
0.214487
0.136249
0.129759
0.128427
0.154049
0.196692
0.0872137
0.182662
0.178427
0.254118
0.0752697
0.0967801
0.157737
0.0898053
0.142516
0.174612
0.141444
0.230408
0.141089
0.229258
0.0920782
0.136852
0.113927
0.219383
0.196077
0.107704
0.16381
0.182353
0.100557
0.246937
0.091405
0.177681
0.112077
0.124694
0.0867252
0.101208
0.133496
0.135603
0.211546
0.191829
0.0698462
0.115473
0.27895
0.109983
0.126976
0.0826077
0.133929
0.251392
0.109809
0.162921
0.0927734
0.0814626
0.229204
0.164603
0.0712531
0.0766928
0.161338
0.0403942
0.148492
0.12739
0.133897
0.2449
0.189411
0.199351
0.318335
0.154143
0.242978
0.168624
0.0955487
0.112781
0.104576
0.133002
0.28168
0.0487103
0.0769176
0.119189
0.278002
0.132234
0.118338
0.115135
0.0689837
0.206204
0.299775
0.137138
0.124877
0.139819
0.0672997
0.0504817
0.170616
0.135017
0.0677256
0.0765321
0.0541599
0.0839023
0.198723
0.181501
0.155878
0.0830423
0.186867
0.1188
0.0995011
0.0707407
0.120705
0.127065
0.135549
0.0992982
0.0650641
0.113707
0.0677935
0.0968397
0.109993
0.155724
0.0587053
0.0891792
0.110103
0.112596
0.156631
0.0859691
0.119416
0.100908
0.113242
0.156644
0.150624
0.159651
0.178439
0.172734
0.0893708
0.121299
0.0865841
0.108075
0.064779
0.163016
0.128246
0.120208
0.118368
0.0430669
0.0824868
0.060392
0.0677853
0.0620671
0.0564637
0.105411
0.0768979
0.078444
0.130409
0.110425
0.147969
0.0857429
0.145369
0.0879082
0.0571739
0.0541387
0.0319975
0.0892816
0.084876
0.12179
0.157488
0.133556
0.0552547
0.155887
0.259287
0.214579
0.0681013
0.141749
0.183052
0.0955619
0.0641602
0.0433435
0.177377
0.19604
0.104968
0.120514
0.0709365
0.0974702
0.113956
0.134236
0.0534852
0.100704
0.0481885
0.127564
0.106783
0.134258
0.0658162
0.0840276
0.115528
0.178599
0.086209
0.191143
0.0990087
0.19658
0.0868329
0.139084
0.0657476
0.0890215
0.0737821
0.0583291
0.0424753
0.0936816
0.181191
0.0763553
0.130321
0.104196
0.105217
0.106951
0.0853457
0.0894409
0.110481
0.0582872
0.0792661
0.109291
0.127373
0.155036
0.122063
0.0714175
0.1058
0.169616
0.112661
0.0734083
0.149393
0.0310233
0.163084
0.105584
0.0539111
0.0301538
0.119996
0.106791
0.146036
0.0850789
0.0796784
0.0416742
0.175714
0.145769
0.118119
0.129926
0.0650131
0.111877
0.0773493
0.145176
0.0784038
0.101293
0.166422
0.142735
0.0493762
0.0479083
0.100031
0.136359
0.0705191
0.130383
0.0917663
0.0920092
0.140193
0.058764
0.114704
0.123011
0.137251
0.0953152
0.0679725
0.0988735
0.0454882
0.102603
0.0413028
0.116584
0.146316
0.0753179
0.0908186
0.140397
0.0809001
0.160241
0.115865
0.091829
0.134156
0.0735999
0.0810413
0.0630365
0.122134
0.154523
0.102558
0.0770273
0.0806546
0.147717
0.205436
0.144107
0.0522367
0.10083
0.0657616
0.0889493
0.134928
0.19377
0.133523
0.185656
0.118113
0.117416
0.113144
0.0955795
0.150228
0.0938901
0.143642
0.174033
0.21062
0.0516533
0.178264
0.168599
0.148281
0.0979743
0.150755
0.191984
0.16876
0.0823484
0.0921443
0.0633817
0.154242
0.224338
0.0942662
0.0592289
0.0819934
0.069855
0.152135
0.0743707
0.218971
0.0507154
0.0619875
0.096711
0.123215
0.117042
0.0698631
0.154315
0.182656
0.169647
0.0891563
0.138928
0.0923368
0.0598764
0.0896124
0.0747438
0.195755
0.0914516
0.106854
0.210419
0.0569839
0.0993984
0.109179
0.0743198
0.162429
0.10405
0.0962404
0.058412
0.160789
0.120667
0.0629453
0.241615
0.0751817
0.0784033
0.162405
0.0696283
0.198474
0.133332
0.0838785
0.177882
0.101539
0.101951
0.173122
0.0446435
0.190917
0.123924
0.0974911
0.0558793
0.193306
0.118771
0.0768818
0.0994774
0.119657
0.0687966
0.108815
0.0935717
0.0888975
0.119047
0.192246
0.210698
0.0640749
0.0951528
0.208278
0.121255
0.168538
0.148393
0.182212
0.0324751
0.223374
0.0865751
0.0472436
0.0879095
0.0828943
0.0988224
0.118934
0.183531
0.239432
0.1749
0.116423
0.162644
0.155125
0.193712
0.149383
0.177772
0.0438445
0.0987979
0.0371666
0.138344
0.0505313
0.123071
0.112389
0.100399
0.06372
0.123493
0.0828862
0.0511716
0.161102
0.141193
0.052568
0.212919
0.0762705
0.133878
0.084146
0.0579546
0.057485
0.0816521
0.103402
0.160931
0.200565
0.0925259
0.110027
0.127622
0.0637566
0.162992
0.14858
0.141256
0.105387
0.0738142
0.173898
0.217439
0.173215
0.0594684
0.0827498
0.119061
0.0772438
0.146401
0.137643
0.104085
0.0778559
0.106839
0.235763
0.120684
0.0976761
0.116334
0.0448046
0.16085
0.110671
0.203072
0.113726
0.141955
0.115554
0.110993
0.125935
0.116336
0.20193
0.104938
0.161132
0.0901126
0.0600589
0.149217
0.143652
0.132605
0.127651
0.103129
0.13568
0.042557
0.135756
0.0437038
0.100564
0.142339
0.0565624
0.0870235
0.0570526
0.071117
0.0927262
0.0613762
0.220003
0.093748
0.0359036
0.131896
0.0524039
0.0656386
0.131837
0.118564
0.0695698
0.0675525
0.0872349
0.0917497
0.123694
0.140665
0.212681
0.168472
0.163125
0.0737222
0.0924739
0.0743182
0.124749
0.0521284
0.0768446
0.117968
0.0564494
0.0749482
0.0639409
0.057206
0.22409
0.127206
0.127895
0.181687
0.111528
0.142993
0.099917
0.0898809
0.117883
0.0686259
0.147652
0.0977677
0.117898
0.0707901
0.119952
0.0669369
0.114168
0.0956492
0.113474
0.0507372
0.0755197
0.128281
0.0594428
0.0740446
0.0894241
0.10589
0.131295
0.0613526
0.0772393
0.115296
0.0436058
0.0632979
0.0778092
0.0815426
0.103118
0.134076
0.108924
0.0977845
0.124463
0.093914
0.200067
0.158447
0.0977229
0.0823519
0.11735
0.0831185
0.062016
0.0533285
0.0633013
0.0752887
0.186169
0.098269
0.120251
0.157409
0.0669037
0.0881341
0.0750545
0.110424
0.124433
0.103833
0.0373056
0.0774511
0.0906963
0.230009
0.0904302
0.12606
0.0684141
0.133757
0.0635607
0.108132
0.0733684
0.0938113
0.118415
0.0871129
0.156913
0.106618
0.0651389
0.0850203
0.135034
0.168002
0.0886086
0.143382
0.0826668
0.13286
0.135707
0.101095
0.0988106
0.0382609
0.0983986
0.171431
0.196701
0.081224
0.0698188
0.116466
0.0644503
0.144935
0.0618483
0.144203
0.117095
0.0861101
0.0749834
0.0587065
0.147772
0.0496933
0.121507
0.1868
0.0554501
0.185541
0.110177
0.12664
0.165178
0.231597
0.14172
0.0922737
0.174577
0.185757
0.0606271
0.100477
0.143679
0.131624
0.0405999
0.184148
0.119365
0.129241
0.0786287
0.0786685
0.0607672
0.155571
0.198015
0.0507355
0.0848781
0.0674393
0.128352
0.159125
0.136309
0.118396
0.107699
0.0660737
0.1901
0.0893183
0.0764598
0.116573
0.14484
0.13527
0.154192
0.0870517
0.223795
0.0594983
0.0867814
0.178378
0.0824386
0.164084
0.108957
0.110915
0.0408199
0.0297459
0.115777
0.0936621
0.160814
0.173558
0.101969
0.191595
0.0795424
0.0507116
0.146509
0.120539
0.0850881
0.164202
0.0839478
0.0865346
0.110407
0.0624121
0.114103
0.15183
0.203168
0.142172
0.139484
0.0727508
0.13466
0.147032
0.156508
0.129466
0.136039
0.113784
0.11121
0.134791
0.107076
0.102789
0.140472
0.156638
0.0660571
0.0838115
0.167518
0.107622
0.057643
0.143963
0.145681
0.0936668
0.071732
0.124011
0.0531805
0.120524
0.0503748
0.0920333
0.126801
0.0773584
0.0820618
0.0607708
0.143171
0.111267
0.0659466
0.0226189
0.0745882
0.0979597
0.0886258
0.185339
0.061313
0.0643333
0.122642
0.141892
0.215058
0.105753
0.138905
0.119339
0.10329
0.137806
0.14684
0.0972702
0.076157
0.0423063
0.0766449
0.120099
0.0787236
0.063502
0.148528
0.0938076
0.153642
0.12753
0.0916996
0.0899495
0.126955
0.0887963
0.158185
0.36508
0.0818992
0.0554139
0.0283069
0.0916196
0.04204
0.0858908
0.191467
0.101927
0.0571754
0.113579
0.10185
0.0756485
0.0762691
0.0815758
0.0742847
0.132051
0.0274063
0.0663766
0.0553968
0.131992
0.0335002
0.0901748
0.0853425
0.0462301
0.0915525
0.0387968
0.0441579
0.0476578
0.0742086
0.206851
0.107326
0.132243
0.16637
0.0466041
0.0686651
0.0698379
0.0629114
0.0461262
0.0864723
0.135268
0.269163
0.139728
0.0550371
0.149373
0.101453
0.0861226
0.079463
0.0863934
0.136777
0.093749
0.0327729
0.0663545
0.137925
0.0941546
0.0897711
0.130279
0.0927341
0.0204783
0.164487
0.0739415
0.048396
0.088143
0.0267948
0.0895003
0.0949299
0.0409676
0.0770258
0.0693643
0.0565475
0.0986195
0.0345898
0.18053
0.114069
0.0671243
0.149296
0.170406
0.126647
0.043169
0.132508
0.073519
0.0520013
0.0435935
0.0635334
0.185774
0.0794267
0.0854791
0.10554
0.0973611
0.0768841
0.209816
0.0792796
0.195246
0.077481
0.0366473
0.0260208
0.13447
0.0710161
0.0569896
0.0838917
0.0771111
0.044066
0.068899
0.0550526
0.0909764
0.075993
0.163726
0.0455431
0.083638
0.109465
0.099573
0.0563739
0.0817581
0.0824946
0.0832023
0.0610172
0.0613133
0.144032
0.154061
0.0318164
0.0623201
0.0410264
0.0716633
0.0523463
0.0326373
0.0466432
0.0456996
0.119352
0.0507074
0.091172
0.225515
0.0232237
0.0750442
0.102113
0.0575093
0.228274
0.151455
0.0657719
0.0557017
0.0753636
0.0920484
0.0821362
0.0680975
0.0506124
0.0868358
0.0423955
0.0622046
0.0275381
0.0508338
0.0612882
0.117539
0.0640563
0.0516603
0.0513079
0.0406457
0.120576
0.0809152
0.117826
0.105922
0.0363126
0.0402333
0.180337
0.126018
0.035085
0.0824884
0.0655797
0.116511
0.0309483
0.14085
0.171072
0.12203
0.0953232
0.0470287
0.0898226
0.0585116
0.176089
0.0673374
0.125565
0.0651107
0.23879
0.132532
0.0800593
0.0371405
0.123088
0.0815951
0.122562
0.0906514
0.102494
0.109586
0.0869246
0.127724
0.0595575
0.191526
0.034217
0.0701257
0.0315431
0.0818221
0.0762692
0.0585094
0.0429521
0.0977516
0.0861637
0.109148
0.0903372
0.167122
0.125644
0.148918
0.0689093
0.0508157
0.155795
0.121727
0.0775048
0.114488
0.0557037
0.0461862
0.209795
0.0860925
0.0769649
0.0922976
0.186941
0.0885696
0.114255
0.103709
0.0279402
0.0728499
0.122871
0.220654
0.21124
0.0419377
0.0971248
0.0859593
0.0570448
0.177481
0.114626
0.110971
0.0501022
0.103121
0.044012
0.188177
0.0544641
0.0391949
0.0208534
0.0972607
0.0600392
0.106401
0.0630149
0.0389422
0.0754113
0.135835
0.060195
0.196981
0.174041
0.0418611
0.115447
0.144227
0.07221
0.0936712
0.0272263
0.0538887
0.0866056
0.0774923
0.0976778
0.0568354
0.0993804
0.073641
0.0535527
0.163474
0.156603
0.154112
0.141798
0.0715066
0.0774402
0.0841943
0.0862535
0.0813403
0.0654246
0.173464
0.146117
0.0896174
0.072002
0.171603
0.0698185
0.161775
0.120688
0.0214187
0.0624569
0.0943778
0.128774
0.0510645
0.0340584
0.0490134
0.0401718
0.0845302
0.0787481
0.117975
0.0811966
0.0429018
0.211379
0.0255045
0.0724512
0.101782
0.100177
0.119338
0.0867429
0.113305
0.0629798
0.238217
0.120236
0.0598304
0.105486
0.133702
0.133356
0.0745244
0.0918156
0.0539158
0.0337721
0.254121
0.0640102
0.103277
0.109049
0.0682368
0.0661318
0.0713038
0.112501
0.0481929
0.0365433
0.117801
0.041896
0.0543573
0.0468924
0.105133
0.060428
0.255633
0.0759861
0.125491
0.123864
0.0544218
0.165492
0.0689416
0.169239
0.0389358
0.117518
0.0611937
0.0362699
0.050971
0.0715631
0.0391321
0.0210489
0.0612716
0.0300243
0.130358
0.145563
0.0799133
0.0785816
0.0543456
0.118003
0.0317659
0.116061
0.093476
0.0291556
0.0389909
0.0549682
0.112126
0.0723614
0.0720853
0.0703789
0.0811181
0.0467535
0.131486
0.08115
0.0432362
0.032365
0.0758831
0.101736
0.132862
0.139308
0.0846628
0.181072
0.0226615
0.0884203
0.0703942
0.0404971
0.236146
0.151656
0.239756
0.0404016
0.0483887
0.0587248
0.0492533
0.115034
0.0303579
0.0707964
0.0400127
0.120029
0.0247948
0.0687133
0.10036
0.113826
0.052829
0.128658
0.0592025
0.0476361
0.0676665
0.0484654
0.102403
0.0640032
0.105005
0.054381
0.242632
0.14902
0.141391
0.166843
0.0651558
0.0681844
0.0973663
0.106271
0.154097
0.0344203
0.237262
0.108901
0.0634003
0.0416109
0.0644726
0.102396
0.0378602
0.207585
0.08374
0.111484
0.0625253
0.0254562
0.0637681
0.0579683
0.0515496
0.10377
0.0714712
0.105081
0.0952678
0.0447749
0.131944
0.188653
0.0316811
0.0669787
0.0327248
0.0580707
0.0565797
0.0749527
0.0201228
0.0236346
0.0541396
0.0360397
0.0353907
0.0564696
0.088466
0.0892603
0.0730615
0.145779
0.0183319
0.170727
0.048474
0.0540581
0.0562098
0.0652377
0.0648618
0.0531788
0.089293
0.0405081
0.0736846
0.0591186
0.0578993
0.161908
0.104628
0.211704
0.0644986
0.0679867
0.0388116
0.0888892
0.132846
0.117891
0.0823892
0.0538382
0.0723598
0.166919
0.111143
0.0885168
0.0857618
0.0961148
0.0530196
0.116795
0.055773
0.135531
0.0452968
0.0361676
0.0778154
0.0654083
0.0614171
0.0653107
0.163993
0.0476783
0.0842629
0.0989372
0.0192366
0.0843648
0.158752
0.0899202
0.056995
0.080718
0.0488381
0.114184
0.0675572
0.0447877
0.166136
0.112897
0.0799833
0.140177
0.0590069
0.07279
0.0689347
0.100131
0.0425492
0.0976258
0.128856
0.0558737
0.180369
0.0417444
0.11975
0.0502803
0.0987126
0.0198102
0.049196
0.077939
0.0611393
0.0991476
0.0600511
0.112197
0.0693513
0.0321555
0.130899
0.0923711
0.167921
0.0317538
0.088445
0.0851771
0.158944
0.053575
0.048382
0.069727
0.0872232
0.0280788
0.125471
0.0795474
0.259403
0.0472071
0.197349
0.0621852
0.0225806
0.07048
0.0811595
0.037397
0.0526793
0.108285
0.097461
0.0884992
0.148585
0.0358021
0.101386
0.108266
0.083857
0.130912
0.110281
0.0729468
0.0921765
0.154343
0.114541
0.0348928
0.107378
0.0555426
0.163847
0.0347823
0.137548
0.127391
0.221353
0.131681
0.0970104
0.132781
0.185008
0.0750364
0.0548807
0.128926
0.20605
0.0945532
0.0786854
0.144181
0.0256797
0.0947731
0.0647572
0.0486188
0.0327337
0.0572788
0.0640026
0.0595378
0.0573656
0.184511
0.0300437
0.147102
0.0345519
0.0845591
0.135035
0.0948246
0.01831
0.0624918
0.0912548
0.0564194
0.10764
0.0439904
0.0359331
0.0444539
0.0946604
0.05927
0.0997817
0.0946046
0.144681
0.0295238
0.0678928
0.0758957
0.0669302
0.0702736
0.0708261
0.0999946
0.0232103
0.0760176
0.0997824
0.0817077
0.14818
0.0402165
0.0519619
0.0991148
0.121102
0.118158
0.0262738
0.0692658
0.091712
0.230095
0.0487981
0.0353497
0.239577
0.0425254
0.113057
0.0716339
0.0548412
0.20851
0.0223263
0.055838
0.0645806
0.238474
0.0888197
0.110717
0.116817
0.0516297
0.0437123
0.0857231
0.0647743
0.0999156
0.073939
0.089068
0.0769878
0.158406
0.274374
0.047185
0.0746404
0.0153639
0.050179
0.065718
0.0494839
0.0270724
0.10772
0.0958118
0.0421364
0.489957
0.0581773
0.0735437
0.10051
0.13231
0.200247
0.054189
0.262616
0.212891
0.151771
0.334558
0.21804
0.125586
0.0542405
0.0641108
0.0922405
0.164529
0.119883
0.214782
0.110373
0.134278
0.207396
0.0375912
0.159269
0.0796896
0.116304
0.170836
0.0645871
0.056632
0.0823594
0.256179
0.0956935
0.120167
0.240653
0.13757
0.21456
0.199896
0.109211
0.201773
0.216683
0.120319
0.214199
0.152794
0.280455
0.188909
0.127775
0.139581
0.0823001
0.103329
0.0817642
0.0630734
0.134546
0.0867494
0.140673
0.141382
0.0805769
0.0991994
0.107812
0.107671
0.134274
0.098988
0.161308
0.0743401
0.281494
0.187429
0.146389
0.195511
0.0534002
0.0439809
0.259307
0.255634
0.270651
0.0531465
0.093174
0.114147
0.0799751
0.201626
0.104631
0.107771
0.255144
0.0847997
0.159352
0.112377
0.0844574
0.100736
0.149703
0.296712
0.0658553
0.0883551
0.10323
0.14481
0.272663
0.0871345
0.0529229
0.116986
0.150005
0.153976
0.208673
0.0906374
0.119989
0.0839248
0.111487
0.210006
0.169516
0.246063
0.189421
0.268318
0.234782
0.0782873
0.0377673
0.0686701
0.210983
0.108402
0.281424
0.111257
0.247027
0.0502382
0.112759
0.192092
0.152199
0.143589
0.195171
0.133594
0.0630353
0.213175
0.13385
0.0590715
0.189847
0.0536328
0.0589988
0.128366
0.127567
0.314888
0.0975148
0.0889878
0.22927
0.0485465
0.0394885
0.0894036
0.159447
0.270055
0.0854145
0.0539881
0.0644959
0.0879787
0.20029
0.171827
0.211009
0.164738
0.245953
0.0686928
0.099064
0.119961
0.04736
0.230321
0.0337791
0.0507579
0.202444
0.135025
0.172449
0.130076
0.0615379
0.0811499
0.285686
0.213567
0.125515
0.183563
0.129949
0.297987
0.101888
0.043703
0.289841
0.0681564
0.0727461
0.147261
0.0623259
0.193434
0.108208
0.156577
0.191452
0.0598316
0.138993
0.0460426
0.229071
0.163712
0.0834307
0.288912
0.112597
0.158851
0.160052
0.373697
0.0581101
0.112315
0.0469493
0.221747
0.157262
0.175107
0.196294
0.162771
0.0456984
0.213548
0.0568877
0.224284
0.12399
0.110275
0.179661
0.151254
0.133802
0.0887666
0.0637212
0.122257
0.21707
0.110768
0.0641483
0.230954
0.105889
0.227291
0.125133
0.236514
0.0393329
0.123667
0.18772
0.0981385
0.308839
0.133187
0.183734
0.3174
0.127407
0.0540777
0.102631
0.0966259
0.0734591
0.154454
0.0253344
0.0712664
0.0921633
0.0718423
0.19676
0.116033
0.044162
0.0887287
0.144758
0.0945929
0.196197
0.264525
0.107476
0.127903
0.0928925
0.101816
0.128807
0.174118
0.236351
0.0843019
0.158178
0.0940429
0.231003
0.0901647
0.0685185
0.056019
0.0551916
0.152836
0.110595
0.258427
0.143761
0.139647
0.0817952
0.14628
0.123959
0.0941948
0.0664027
0.156148
0.0409814
0.204309
0.178821
0.0873873
0.154504
0.08842
0.137851
0.207937
0.108688
0.0276321
0.196553
0.205931
0.0962893
0.248023
0.105072
0.145565
0.297022
0.249336
0.11704
0.180645
0.0958333
0.13271
0.134467
0.207657
0.257091
0.079168
0.100861
0.106389
0.24429
0.373564
0.169266
0.0906768
0.129873
0.126759
0.091082
0.0531628
0.0884036
0.236179
0.0740407
0.0421068
0.0562089
0.276435
0.0442008
0.0735039
0.223713
0.151762
0.172777
0.121874
0.19229
0.0609117
0.0248628
0.0584703
0.10732
0.185855
0.189565
0.0589818
0.0402559
0.110739
0.10351
0.107088
0.0770448
0.124474
0.227059
0.0589253
0.151676
0.0430942
0.117183
0.0487336
0.0775706
0.0896036
0.163275
0.150496
0.0487213
0.102468
0.236191
0.178632
0.220138
0.262046
0.108722
0.0838872
0.0537055
0.145733
0.0619226
0.13847
0.228699
0.100546
0.0566859
0.10181
0.0296633
0.289724
0.151867
0.27713
0.149037
0.189744
0.20904
0.173634
0.199059
0.128664
0.0991797
0.107555
0.155158
0.342339
0.0889874
0.179258
0.0911569
0.209108
0.137869
0.0983223
0.153198
0.201528
0.090745
0.193835
0.181386
0.0792496
0.0641707
0.0909073
0.207867
0.302869
0.0699878
0.207321
0.235442
0.112658
0.033953
0.153224
0.138123
0.193414
0.223075
0.305793
0.100412
0.0961723
0.175599
0.115683
0.196428
0.124039
0.270536
0.111618
0.0516909
0.145621
0.122605
0.233579
0.220472
0.107058
0.263444
0.150164
0.0504916
0.0993081
0.0854529
0.272729
0.0556101
0.105149
0.236711
0.138183
0.117712
0.0940802
0.168097
0.139766
0.233344
0.188154
0.164219
0.148141
0.0587109
0.0869433
0.162153
0.130814
0.274831
0.304045
0.177505
0.222704
0.166368
0.0611266
0.18252
0.126117
0.100916
0.107343
0.151826
0.236416
0.251564
0.144711
0.0880607
0.135418
0.071177
0.146237
0.131375
0.113269
0.0514657
0.0622953
0.225502
0.148843
0.113715
0.352108
0.120972
0.0561747
0.113532
0.0913472
0.0752196
0.12448
0.162498
0.0548964
0.122373
0.0657784
0.100127
0.100658
0.102585
0.0715435
0.229621
0.0448047
0.0894004
0.0631592
0.150598
0.0546177
0.136423
0.0525859
0.0286991
0.0457479
0.0530001
0.0855043
0.112761
0.168958
0.0899148
0.207016
0.0588848
0.154156
0.105953
0.0658166
0.102472
0.122735
0.102483
0.179665
0.156203
0.0951037
0.290637
0.221927
0.235312
0.181464
0.0893228
0.137262
0.108428
0.0902071
0.054738
0.181254
0.355193
0.14208
0.128417
0.116269
0.101599
0.0768876
0.120136
0.184137
0.148645
0.188174
0.0647557
0.0548773
0.286837
0.0714066
0.105471
0.221934
0.162335
0.180237
0.0679681
0.206995
0.0493904
0.156076
0.190187
0.175047
0.240425
0.137979
0.165974
0.0892194
0.0582885
0.048025
0.13224
0.156897
0.171719
0.10086
0.061504
0.0665538
0.0490567
0.132186
0.197056
0.113031
0.0723961
0.140323
0.110906
0.17319
0.0874994
0.111715
0.063125
0.101689
0.167934
0.153834
0.0743082
0.0648296
0.127272
0.123992
0.0793512
0.170763
0.137188
0.333001
0.0814552
0.0536592
0.150375
0.0824942
0.248932
0.132739
0.102098
0.249367
0.0618602
0.0675797
0.161574
0.119406
0.19414
0.143751
0.16731
0.0609658
0.166095
0.120831
0.145512
0.188671
0.130949
0.0941871
0.206207
0.131087
0.105502
0.105164
0.197585
0.117047
0.11881
0.307048
0.0959751
0.156389
0.140567
0.181602
0.114139
0.096524
0.283724
0.167142
0.157505
0.106634
0.0541981
0.0967806
0.163572
0.0912021
0.0669837
0.104248
0.172645
0.168249
0.137486
0.229148
0.129318
0.0926206
0.0559894
0.102196
0.269359
0.131548
0.166989
0.0646784
0.195667
0.174736
0.0439388
0.0813005
0.224593
0.0614622
0.108778
0.0997284
0.130837
0.245353
0.170631
0.19964
0.0780752
0.354384
0.209497
0.165984
0.229223
0.125286
0.0726793
0.125493
0.0505443
0.084255
0.0999629
0.0460054
0.184273
0.188292
0.126419
0.195915
0.061134
0.193716
0.126046
0.0883735
0.157411
0.479033
0.0959516
0.279007
0.103925
0.0406817
0.204055
0.0449236
0.113128
0.255665
0.0381756
0.0405129
0.0857527
0.0857874
0.142128
0.208697
0.086007
0.182689
0.0892331
0.0533116
0.129983
0.116634
0.0802498
0.251742
0.165497
0.0846818
0.0508228
0.0879632
0.150358
0.121977
0.109671
0.109912
0.329852
0.177487
0.047947
0.182271
0.185332
0.0253916
0.205736
0.126826
0.300775
0.307582
0.175963
0.151638
0.050834
0.0569526
0.13862
0.210521
0.0499598
0.0986885
0.0929976
0.114121
0.150829
0.144056
0.0529839
0.146842
0.0526901
0.0794992
0.0597148
0.240104
0.157658
0.0747593
0.242844
0.307542
0.133357
0.217649
0.0641859
0.17373
0.0713891
0.0520951
0.105285
0.0525559
0.171611
0.0171355
0.0855274
0.0958398
0.116362
0.0421343
0.113356
0.136887
0.113568
0.0630023
0.0531422
0.0453428
0.189881
0.104217
0.129964
0.0480549
0.0912019
0.2296
0.0220985
0.122243
0.117855
0.0986504
0.164539
0.165388
0.341299
0.115414
0.0823206
0.149844
0.0616345
0.079942
0.0302767
0.208184
0.0350125
0.0959427
0.060154
0.123524
0.137193
0.172117
0.0475562
0.132468
0.0816793
0.326115
0.109984
0.0255946
0.107544
0.0405118
0.0874491
0.0597601
0.0837474
0.0793442
0.108602
0.079121
0.14387
0.124526
0.23719
0.388823
0.171295
0.0654955
0.139391
0.0771433
0.122763
0.133476
0.0590261
0.227865
0.0605305
0.0368668
0.151922
0.118779
0.14306
0.145223
0.076488
0.12212
0.134535
0.103432
0.245579
0.242568
0.0840298
0.14786
0.135693
0.0916828
0.293198
0.0713741
0.0558576
0.195818
0.14859
0.0600899
0.189659
0.0431254
0.0935887
0.106398
0.0353237
0.0533573
0.23292
0.0597687
0.0577748
0.18307
0.085463
0.219479
0.0912794
0.157091
0.293649
0.0670016
0.0943393
0.20576
0.212364
0.0597988
0.160148
0.138786
0.0747885
0.104979
0.0898494
0.109471
0.0987016
0.132169
0.0515384
0.138343
0.172861
0.036519
0.116691
0.155359
0.0861616
0.0935309
0.106131
0.199753
0.0507593
0.0333016
0.0218621
0.174519
0.102784
0.101342
0.244925
0.161772
0.0861971
0.0414227
0.053341
0.30859
0.0566102
0.0909545
0.135813
0.18487
0.12706
0.0579112
0.12001
0.112603
0.35527
0.075913
0.094573
0.0814824
0.033462
0.0681183
0.0874566
0.0670486
0.179173
0.194574
0.119547
0.0678407
0.118285
0.131109
0.0505705
0.106778
0.0742149
0.162446
0.0362356
0.146607
0.0961015
0.100449
0.183184
0.147005
0.0801973
0.0248471
0.132122
0.0773551
0.0774561
0.110486
0.117831
0.0651151
0.222603
0.0651308
0.188235
0.119039
0.0974789
0.177341
0.115489
0.154747
0.103823
0.205466
0.204198
0.0468354
0.148324
0.196517
0.280748
0.192121
0.0368238
0.105002
0.0712973
0.124504
0.0749461
0.131996
0.0964703
0.0922165
0.104694
0.124451
0.25395
0.107175
0.0656804
0.117164
0.101292
0.0313975
0.121789
0.144206
0.206518
0.254448
0.0677102
0.0781246
0.079125
0.122074
0.0583253
0.0559752
0.083585
0.0923898
0.049952
0.114043
0.0659746
0.0881064
0.141573
0.107862
0.0651622
0.0872449
0.103744
0.152271
0.143089
0.156913
0.0402465
0.0383429
0.0976796
0.133351
0.0842035
0.171572
0.258074
0.235363
0.170021
0.0379012
0.159826
0.244633
0.0834234
0.0834398
0.247095
0.127407
0.0393178
0.123676
0.113293
0.25327
0.202115
0.154079
0.0513522
0.0947355
0.0984084
0.0502229
0.252696
0.127483
0.277848
0.122027
0.0869534
0.11724
0.156465
0.143686
0.123286
0.0466226
0.186554
0.108324
0.0900512
0.0899343
0.0216139
0.0653227
0.0563938
0.0892162
0.151272
0.0710677
0.0815982
0.0608921
0.0921533
0.124661
0.0779934
0.119926
0.175463
0.1448
0.152746
0.110788
0.171615
0.0793543
0.0653637
0.154986
0.118359
0.100084
0.10442
0.0653116
0.149334
0.0404005
0.0755065
0.122364
0.119456
0.141461
0.213678
0.158689
0.0418945
0.158727
0.0988208
0.052032
0.215767
0.18668
0.0702122
0.036353
0.0687316
0.0792667
0.186496
0.0745946
0.0812421
0.200949
0.0535411
0.0823059
0.0889382
0.114124
0.0786891
0.0910707
0.115043
0.174823
0.0359529
0.103888
0.0639419
0.0746743
0.191195
0.108164
0.0758028
0.177143
0.0946251
0.0568677
0.115206
0.141236
0.152953
0.196352
0.0574349
0.126154
0.106979
0.0452115
0.104347
0.0721164
0.247871
0.128852
0.11331
0.0767034
0.0577477
0.0701925
0.121094
0.17939
0.0994273
0.0637685
0.241108
0.235093
0.0561292
0.0790397
0.120359
0.109891
0.183433
0.12544
0.0485178
0.272188
0.128899
0.0964025
0.108733
0.283105
0.0465553
0.0677949
0.0373695
0.0654926
0.12626
0.0694682
0.148304
0.0292798
0.131462
0.0501008
0.159632
0.0475476
0.066977
0.131965
0.138366
0.120317
0.1988
0.0630764
0.139117
0.17562
0.176025
0.103431
0.0774864
0.151287
0.0931271
0.14372
0.239486
0.25899
0.265019
0.191082
0.0673242
0.0582134
0.106128
0.130452
0.079204
0.122936
0.190207
0.0351085
0.103605
0.220752
0.0424582
0.110423
0.0983462
0.123241
0.0622539
0.23067
0.15914
0.0798398
0.0382915
0.0486487
0.105634
0.119586
0.0932143
0.0987408
0.0679883
0.15573
0.053273
0.0588066
0.175845
0.144929
0.0643131
0.17714
0.0739817
0.0745406
0.117748
0.106432
0.0794243
0.0686681
0.085484
0.25596
0.135264
0.0266097
0.108298
0.102819
0.0908759
0.242496
0.31658
0.0388988
0.0835643
0.132473
0.127611
0.0902202
0.0451627
0.134475
0.135288
0.226358
0.0648559
0.0678315
0.129959
0.0449765
0.0992885
0.0346958
0.151525
0.266271
0.158997
0.150153
0.0925804
0.281357
0.188305
0.0841247
0.258183
0.0716453
0.140879
0.14072
0.0454987
0.14016
0.0840005
0.0505364
0.207617
0.0583796
0.249385
0.136143
0.0867575
0.0372147
0.0998862
0.0613857
0.0557588
0.0952406
0.0406736
0.0666341
0.113019
0.0440994
0.132761
0.0453982
0.088501
0.106785
0.13084
0.0721039
0.129493
0.133553
0.0803885
0.0845109
0.300148
0.0356929
0.0499757
0.0710222
0.0361912
0.13223
0.321851
0.127454
0.292066
0.254334
0.0689611
0.16316
0.17052
0.120213
0.0902656
0.218598
0.215082
0.100616
0.165774
0.168646
0.174553
0.0696747
0.128616
0.0701955
0.0333231
0.187167
0.0342333
0.104294
0.0960714
0.0637051
0.275606
0.150634
0.130221
0.066942
0.155327
0.101132
0.137041
0.180212
0.232345
0.157652
0.0748526
0.100398
0.14767
0.044858
0.142135
0.0439074
0.116176
0.125614
0.314678
0.151388
0.0322532
0.0389365
0.0495976
0.119871
0.16501
0.084713
0.145155
