0.427347
0.225449
0.301459
0.256563
0.18089
0.237463
0.268863
0.204979
0.243877
0.196954
0.281334
0.249371
0.22731
0.267305
0.239193
0.254128
0.2643
0.159646
0.213828
0.263271
0.202755
0.302464
0.244567
0.293354
0.247482
0.207274
0.25999
0.229105
0.307075
0.3313
0.205156
0.214408
0.276864
0.298067
0.27726
0.348003
0.28624
0.205598
0.249445
0.168693
0.300609
0.253798
0.268283
0.195707
0.277307
0.327059
0.270896
0.249598
0.173507
0.350199
0.324205
0.251899
0.199668
0.217241
0.184221
0.280012
0.27939
0.321586
0.190032
0.264967
0.325077
0.271369
0.326638
0.299595
0.25305
0.263704
0.251392
0.241551
0.19073
0.285044
0.197157
0.270768
0.120899
0.342885
0.410354
0.224449
0.24959
0.254102
0.24384
0.283547
0.239053
0.292262
0.280435
0.275926
0.27396
0.225794
0.211111
0.241806
0.249832
0.233931
0.232231
0.330786
0.179046
0.239928
0.324621
0.313858
0.364507
0.264414
0.276538
0.302818
0.324106
0.222719
0.244233
0.29876
0.268524
0.269921
0.244736
0.292367
0.196284
0.227766
0.226528
0.23281
0.290833
0.308792
0.298948
0.325734
0.224216
0.250959
0.265667
0.265744
0.255017
0.24475
0.216874
0.318604
0.23494
0.270926
0.222351
0.287175
0.262613
0.245938
0.238452
0.232443
0.266395
0.336317
0.258107
0.403403
0.236189
0.293632
0.245973
0.268268
0.199811
0.238136
0.219617
0.295993
0.232937
0.274465
0.224203
0.28715
0.176509
0.276753
0.252874
0.376554
0.2055
0.328107
0.299435
0.206223
0.228787
0.244301
0.354101
0.307373
0.304431
0.317106
0.229723
0.251921
0.270664
0.229981
0.228898
0.219603
0.307701
0.286606
0.316273
0.327788
0.24252
0.243919
0.281694
0.213484
0.203957
0.2713
0.289266
0.262897
0.206572
0.21433
0.180758
0.250738
0.313144
0.210459
0.206517
0.23781
0.266054
0.134857
0.252469
0.0931571
0.239826
0.2222
0.256665
0.317427
0.358451
0.282724
0.292292
0.236173
0.30946
0.272829
0.21772
0.304583
0.271728
0.290098
0.215072
0.2648
0.277444
0.337294
0.208046
0.247166
0.235315
0.231019
0.233477
0.196918
0.290343
0.38787
0.262174
0.266272
0.267136
0.365274
0.301242
0.365773
0.336026
0.351452
0.256752
0.328061
0.314793
0.250434
0.206352
0.28353
0.246109
0.242271
0.298973
0.305457
0.221681
0.268091
0.252708
0.218535
0.250329
0.254937
0.245639
0.262426
0.281526
0.26194
0.201264
0.255106
0.199243
0.283825
0.228201
0.224085
0.336389
0.210659
0.246742
0.197889
0.264764
0.332301
0.236995
0.286748
0.278348
0.273159
0.244423
0.332256
0.347878
0.180421
0.294971
0.254459
0.269437
0.293266
0.280666
0.266136
0.307583
0.20759
0.151891
0.242904
0.215465
0.358189
0.210946
0.282071
0.163921
0.218588
0.250715
0.297843
0.246238
0.285427
0.207411
0.359092
0.291209
0.224813
0.279028
0.247025
0.262543
0.226328
0.275857
0.282722
0.304593
0.186834
0.288496
0.22237
0.278933
0.208454
0.203307
0.26627
0.328387
0.223246
0.241128
0.278285
0.405411
0.283074
0.328486
0.270434
0.307275
0.200755
0.241263
0.249046
0.297406
0.259464
0.214326
0.280008
0.207466
0.191239
0.295856
0.195434
0.281397
0.219163
0.191865
0.285558
0.246122
0.19113
0.254863
0.295528
0.255564
0.220262
0.306256
0.268483
0.215803
0.211764
0.242954
0.241708
0.245923
0.314974
0.176915
0.23829
0.201371
0.203407
0.382793
0.306055
0.245711
0.253139
0.276947
0.339914
0.183633
0.25507
0.234408
0.229989
0.216906
0.197832
0.256493
0.283182
0.263856
0.219519
0.209966
0.284132
0.267774
0.124239
0.224418
0.226728
0.215426
0.218091
0.228075
0.188955
0.2664
0.287048
0.247008
0.224633
0.175084
0.365772
0.26592
0.277831
0.218983
0.224932
0.185425
0.319811
0.225142
0.270613
0.267439
0.237058
0.331449
0.252675
0.259095
0.25633
0.261507
0.259706
0.179068
0.229377
0.233023
0.272863
0.301899
0.286266
0.175192
0.26266
0.276552
0.245603
0.165694
0.217205
0.174104
0.270396
0.294389
0.269176
0.328663
0.213041
0.29122
0.315218
0.243484
0.20143
0.279388
0.169595
0.374958
0.297914
0.265947
0.288324
0.280383
0.243576
0.349823
0.245043
0.239295
0.241292
0.282196
0.276732
0.252088
0.354543
0.262731
0.248163
0.142262
0.196118
0.246882
0.247445
0.278613
0.307455
0.301312
0.318517
0.227576
0.340787
0.32924
0.314038
0.251309
0.23751
0.152677
0.254405
0.210458
0.252826
0.32574
0.278907
0.237794
0.179831
0.156449
0.202622
0.152855
0.289608
0.342612
0.274553
0.243425
0.345204
0.32583
0.186426
0.289489
0.277109
0.246254
0.198894
0.256568
0.303034
0.285141
0.23044
0.180812
0.267439
0.254723
0.253981
0.255203
0.260837
0.167721
0.273495
0.294756
0.233822
0.235136
0.281203
0.307988
0.257918
0.29005
0.276169
0.263845
0.234255
0.256596
0.246501
0.214159
0.345141
0.328316
0.314005
0.219503
0.302828
0.289792
0.56156
0.237564
0.319396
0.271361
0.29516
0.33758
0.301794
0.285881
0.184757
0.328937
0.228879
0.339636
0.345861
0.394653
0.258779
0.334286
0.331628
0.281163
0.355262
0.412925
0.332042
0.322728
0.266274
0.251772
0.338261
0.302864
0.224028
0.197621
0.247937
0.276704
0.267015
0.300341
0.283887
0.417752
0.330091
0.322416
0.336506
0.270465
0.353204
0.265377
0.369001
0.291198
0.359554
0.339628
0.248313
0.303867
0.358605
0.198488
0.26892
0.374383
0.270806
0.253037
0.231221
0.365463
0.292707
0.258014
0.393789
0.262214
0.355139
0.324643
0.293199
0.346315
0.381553
0.236477
0.371294
0.406895
0.360122
0.239158
0.245667
0.27924
0.265919
0.291078
0.268509
0.326952
0.319895
0.263363
0.34486
0.297759
0.325571
0.211757
0.223903
0.321592
0.343839
0.294347
0.328476
0.177053
0.225345
0.265029
0.365312
0.217537
0.253366
0.313849
0.299128
0.289846
0.251151
0.281691
0.262318
0.355965
0.279448
0.368854
0.266471
0.26997
0.244373
0.305403
0.252649
0.349071
0.212065
0.32856
0.355149
0.339812
0.346098
0.226988
0.281756
0.267984
0.335375
0.271736
0.223172
0.290951
0.242569
0.327413
0.399067
0.347913
0.327119
0.315143
0.296435
0.32381
0.267155
0.256589
0.204429
0.269824
0.241055
0.318079
0.290863
0.30349
0.347969
0.265081
0.235869
0.271779
0.205559
0.342109
0.180096
0.308625
0.294832
0.269143
0.196218
0.213426
0.257597
0.257195
0.183428
0.226137
0.337674
0.343958
0.291379
0.277629
0.316901
0.36607
0.20616
0.315572
0.291355
0.270547
0.246236
0.399072
0.318704
0.318645
0.303404
0.169897
0.309765
0.211674
0.316143
0.350147
0.225421
0.275902
0.224413
0.294113
0.340907
0.185417
0.188565
0.199405
0.282576
0.376544
0.32206
0.2406
0.33477
0.321353
0.284488
0.276814
0.276752
0.331084
0.342258
0.39854
0.249589
0.283275
0.294541
0.347921
0.220205
0.231184
0.255849
0.23792
0.371221
0.300099
0.311646
0.317367
0.24831
0.289222
0.355443
0.359629
0.401083
0.363555
0.375934
0.229208
0.340858
0.177703
0.196045
0.265897
0.32568
0.279039
0.280696
0.317756
0.312963
0.296454
0.284087
0.310681
0.399311
0.278282
0.24653
0.269031
0.349759
0.260372
0.332442
0.211162
0.333969
0.286883
0.251544
0.391405
0.286851
0.22813
0.2584
0.207294
0.236067
0.326043
0.363475
0.317193
0.265729
0.230325
0.263283
0.270548
0.242918
0.278178
0.237765
0.279095
0.317941
0.323183
0.364378
0.305383
0.321585
0.357098
0.217661
0.335333
0.325692
0.177193
0.231282
0.39419
0.261327
0.343257
0.312984
0.330499
0.365273
0.298698
0.240901
0.407614
0.342787
0.290672
0.379391
0.272433
0.274411
0.284679
0.323361
0.30369
0.246858
0.268145
0.164723
0.306376
0.377518
0.23888
0.346255
0.349306
0.320592
0.304431
0.302231
0.263665
0.292004
0.280189
0.24799
0.286185
0.260808
0.354392
0.24931
0.315775
0.303462
0.417762
0.262084
0.294833
0.280706
0.355659
0.325557
0.358095
0.372276
0.348008
0.26638
0.357163
0.299188
0.253266
0.388256
0.286357
0.312815
0.286097
0.313769
0.268904
0.356371
0.341997
0.28637
0.304567
0.227921
0.278224
0.18686
0.328278
0.284163
0.408392
0.236099
0.27691
0.350474
0.382767
0.293149
0.313113
0.214768
0.280759
0.303657
0.234949
0.304009
0.362346
0.322232
0.303948
0.363161
0.21995
0.254142
0.259861
0.223475
0.244194
0.232536
0.318066
0.300293
0.342136
0.342954
0.27351
0.343089
0.223332
0.263087
0.357592
0.290647
0.201338
0.21429
0.249243
0.400509
0.293123
0.361459
0.301371
0.322884
0.265252
0.378633
0.280777
0.290497
0.365261
0.260873
0.304742
0.366953
0.356207
0.303129
0.279391
0.344766
0.279857
0.284611
0.323284
0.195384
0.362383
0.176171
0.295091
0.304478
0.267685
0.343412
0.29991
0.291856
0.281964
0.380112
0.30821
0.250195
0.357858
0.352139
0.290697
0.283002
0.308353
0.266293
0.296635
0.312658
0.391435
0.322924
0.243224
0.310083
0.273971
0.370009
0.284627
0.302559
0.285101
0.285534
0.271918
0.279458
0.219819
0.299759
0.396976
0.333917
0.427649
0.383499
0.295543
0.330665
0.33547
0.325422
0.32707
0.238634
0.357996
0.185885
0.25147
0.326462
0.225327
0.204071
0.27269
0.277211
0.267941
0.276033
0.264448
0.284368
0.297848
0.323899
0.299851
0.374414
0.286483
0.284679
0.388596
0.317902
0.263677
0.251304
0.304775
0.391635
0.321334
0.369788
0.294044
0.234096
0.331879
0.269952
0.266675
0.292709
0.248071
0.392209
0.32534
0.254458
0.359029
0.257202
0.338559
0.277049
0.326685
0.261239
0.241638
0.417895
0.233464
0.295928
0.251193
0.380401
0.307199
0.316987
0.270392
0.336299
0.163908
0.343029
0.433645
0.346523
0.28198
0.435494
0.369957
0.374926
0.285246
0.278839
0.301294
0.307259
0.305704
0.290089
0.237025
0.244763
0.386519
0.282353
0.405337
0.206091
0.384158
0.543508
0.413924
0.406091
0.379912
0.381605
0.345583
0.353929
0.380561
0.426703
0.310229
0.406104
0.392568
0.394454
0.333252
0.388086
0.422244
0.381338
0.352174
0.416008
0.443642
0.411817
0.363683
0.381427
0.3958
0.369923
0.296301
0.375365
0.36913
0.434428
0.409581
0.352623
0.285495
0.364258
0.416944
0.368535
0.402181
0.415447
0.355294
0.387048
0.412521
0.349108
0.410422
0.378668
0.398852
0.390967
0.366452
0.33316
0.427415
0.339531
0.405873
0.456843
0.438946
0.375365
0.397652
0.385472
0.36443
0.320353
0.381019
0.315851
0.375826
0.344007
0.385694
0.403398
0.396219
0.422813
0.408545
0.383833
0.399804
0.365872
0.325683
0.473386
0.32622
0.295005
0.454734
0.383564
0.405809
0.335381
0.329745
0.366744
0.339785
0.422738
0.311404
0.417292
0.361388
0.393079
0.403076
0.352161
0.372574
0.363717
0.280764
0.36018
0.419236
0.347462
0.338854
0.352886
0.358096
0.35103
0.344007
0.332763
0.385685
0.315712
0.350007
0.3549
0.386405
0.372508
0.411616
0.459671
0.329002
0.398766
0.407778
0.428176
0.240197
0.304539
0.257408
0.346767
0.265586
0.315634
0.376291
0.422915
0.379795
0.308213
0.420721
0.337365
0.414356
0.360656
0.282593
0.368825
0.331927
0.339034
0.331999
0.397205
0.312061
0.317164
0.3793
0.475839
0.382114
0.344026
0.340172
0.279359
0.387436
0.238296
0.408727
0.435036
0.312612
0.425731
0.376045
0.292706
0.319798
0.360735
0.338558
0.39761
0.349523
0.279615
0.29131
0.417554
0.471704
0.300957
0.34848
0.344662
0.254848
0.302786
0.373553
0.38659
0.365598
0.296112
0.400599
0.384463
0.330166
0.347578
0.389929
0.334577
0.298173
0.324571
0.407039
0.408118
0.403518
0.423765
0.420687
0.412803
0.378583
0.418304
0.22085
0.348873
0.402998
0.382544
0.442147
0.437031
0.331942
0.359563
0.387884
0.378617
0.325114
0.398543
0.3688
0.369224
0.348499
0.431038
0.420486
0.300467
0.449187
0.360922
0.432155
0.383529
0.374828
0.356707
0.429716
0.30869
0.439516
0.352082
0.370644
0.335498
0.453572
0.34317
0.358334
0.315199
0.332053
0.317515
0.362804
0.415786
0.355484
0.41582
0.412307
0.450954
0.298046
0.397924
0.38381
0.362471
0.179786
0.283689
0.336334
0.414243
0.392967
0.398812
0.355387
0.42477
0.374186
0.389328
0.408907
0.392663
0.348624
0.39676
0.365867
0.395388
0.388269
0.372135
0.388649
0.368776
0.291319
0.455785
0.359618
0.419765
0.269636
0.385305
0.438986
0.368369
0.234232
0.377697
0.25863
0.376136
0.377352
0.402349
0.417446
0.359995
0.383907
0.407966
0.319315
0.347296
0.311718
0.442402
0.313922
0.433167
0.265101
0.324657
0.43047
0.429364
0.452439
0.368409
0.389202
0.279144
0.322148
0.47821
0.35826
0.488756
0.30587
0.405064
0.405181
0.366253
0.326864
0.356889
0.326485
0.287348
0.325917
0.450207
0.417541
0.23648
0.373676
0.352033
0.355567
0.384961
0.442639
0.386808
0.407899
0.329278
0.350762
0.352978
0.437771
0.372191
0.352399
0.458528
0.383218
0.381583
0.359728
0.463496
0.358625
0.248982
0.264529
0.406569
0.397634
0.348986
0.340967
0.406249
0.33814
0.336585
0.311167
0.380234
0.33266
0.392826
0.418287
0.382497
0.322978
0.364279
0.462615
0.416297
0.381812
0.423163
0.441499
0.368243
0.454642
0.311483
0.293454
0.252876
0.420663
0.367285
0.402473
0.396777
0.385188
0.389734
0.341487
0.346743
0.37103
0.431793
0.450213
0.400878
0.374548
0.423194
0.350641
0.34066
0.390186
0.393539
0.306432
0.304202
0.355445
0.384097
0.430131
0.387136
0.352569
0.366626
0.397871
0.40656
0.440537
0.368484
0.3916
0.412134
0.416666
0.421544
0.329942
0.384909
0.361747
0.393137
0.36306
0.33631
0.417923
0.388562
0.414773
0.346446
0.330681
0.352052
0.3539
0.352773
0.435635
0.420537
0.378812
0.399837
0.275864
0.250265
0.405381
0.388127
0.316051
0.311308
0.390772
0.397004
0.392289
0.433306
0.382311
0.365478
0.398394
0.35989
0.370007
0.382526
0.40282
0.366405
0.381054
0.382379
0.44288
0.25526
0.370948
0.357259
0.319454
0.314594
0.351942
0.375775
0.431992
0.311628
0.301114
0.33244
0.345601
0.360975
0.400875
0.352302
0.395787
0.405101
0.313892
0.399674
0.384177
0.343395
0.367399
0.428086
0.380839
0.281285
0.305502
0.304189
0.380081
0.361158
0.337504
0.245508
0.384029
0.331816
0.364332
0.384788
0.224024
0.340761
0.36223
0.333735
0.350937
0.432121
0.458991
0.37744
0.300769
0.384875
0.352657
0.330244
0.339894
0.334504
0.441148
0.326587
0.372949
0.314758
0.363835
0.308266
0.361779
0.431621
0.367634
0.41239
0.333525
0.403277
0.388311
0.411582
0.279688
0.397892
0.365037
0.357986
0.434441
0.365515
0.400809
0.32303
0.250844
0.291698
0.336675
0.378445
0.291436
0.335961
0.387679
0.392011
0.349842
0.386014
0.346216
0.396978
0.421376
0.315075
0.396664
0.340258
0.361767
0.431881
0.448937
0.404938
0.441865
0.344191
0.199242
0.436684
0.331029
0.453681
0.43957
0.430349
0.460451
0.444801
0.282476
0.40624
0.461212
0.37828
0.427369
0.392043
0.403344
0.388061
0.433423
0.418723
0.434674
0.343906
0.397697
0.317706
0.446442
0.470773
0.277576
0.484705
0.357339
0.491039
0.459147
0.450888
0.397783
0.420707
0.501411
0.516909
0.362932
0.409624
0.442385
0.378451
0.325113
0.447466
0.493429
0.461978
0.372366
0.459647
0.305845
0.27102
0.476756
0.460236
0.421906
0.472248
0.44688
0.509125
0.405725
0.441158
0.322438
0.460806
0.438963
0.331475
0.437553
0.345348
0.326351
0.336696
0.356345
0.412632
0.33956
0.34012
0.421748
0.280422
0.367017
0.285147
0.405038
0.409343
0.482194
0.343397
0.316796
0.455082
0.422261
0.499179
0.495444
0.476469
0.421447
0.391495
0.329835
0.365191
0.418122
0.396813
0.351665
0.446485
0.391771
0.457942
0.421986
0.470184
0.469136
0.384323
0.281571
0.446976
0.412266
0.431536
0.348121
0.321359
0.254164
0.423363
0.468998
0.480773
0.489594
0.47877
0.409757
0.332816
0.391332
0.40898
0.446363
0.402203
0.249331
0.39699
0.408809
0.384958
0.396651
0.408564
0.479871
0.419838
0.502844
0.409746
0.416765
0.418739
0.277842
0.426618
0.424796
0.369335
0.486891
0.39964
0.425507
0.350918
0.386025
0.459697
0.440138
0.26625
0.391057
0.450832
0.39595
0.431266
0.427926
0.282804
0.325019
0.448457
0.32175
0.452345
0.284777
0.44875
0.457861
0.387792
0.413073
0.518489
0.421579
0.411852
0.428418
0.435635
0.467554
0.411376
0.426006
0.326633
0.418764
0.451451
0.466877
0.353486
0.368385
0.443268
0.425937
0.410869
0.355432
0.45922
0.467302
0.303981
0.459208
0.376195
0.346948
0.376572
0.41039
0.304136
0.393971
0.371611
0.3554
0.468541
0.477639
0.411442
0.374827
0.35148
0.256381
0.459083
0.439833
0.399198
0.242511
0.425644
0.430723
0.46913
0.400018
0.341463
0.430742
0.168373
0.530613
0.375607
0.254958
0.196403
0.372383
0.417447
0.411514
0.399268
0.262577
0.286358
0.301561
0.401937
0.403389
0.313502
0.451514
0.33893
0.233825
0.419777
0.453037
0.424372
0.266542
0.406702
0.360156
0.33768
0.441248
0.412371
0.320271
0.225736
0.489739
0.426654
0.398467
0.429669
0.408695
0.307967
0.329905
0.412342
0.390679
0.370984
0.347679
0.39893
0.411463
0.273939
0.431451
0.496601
0.356102
0.293498
0.433413
0.315918
0.45965
0.462882
0.330009
0.420205
0.330433
0.469287
0.396483
0.368787
0.479231
0.430729
0.283254
0.448059
0.378164
0.4739
0.410996
0.409526
0.438558
0.466055
0.4123
0.474004
0.397948
0.396304
0.303304
0.237286
0.42422
0.3911
0.441122
0.422546
0.310452
0.35071
0.270786
0.437687
0.370058
0.411938
0.35841
0.432311
0.442134
0.438146
0.33053
0.424348
0.443375
0.467319
0.433345
0.420581
0.227979
0.415793
0.500458
0.372244
0.459872
0.404674
0.339254
0.259568
0.371177
0.433672
0.457817
0.296831
0.31872
0.199591
0.443346
0.373919
0.343665
0.341389
0.46527
0.376791
0.248434
0.359795
0.379561
0.451749
0.459294
0.438975
0.506962
0.274357
0.290588
0.425281
0.472751
0.311494
0.408991
0.474246
0.462937
0.385827
0.425581
0.411996
0.442182
0.48395
0.250725
0.412841
0.440055
0.384977
0.406459
0.366234
0.4083
0.207547
0.436999
0.428981
0.393982
0.47715
0.399338
0.319342
0.433631
0.412462
0.447394
0.376168
0.41706
0.392207
0.274889
0.370673
0.417104
0.480953
0.399624
0.447015
0.385912
0.414285
0.430728
0.465254
0.40643
0.317447
0.493791
0.509067
0.444218
0.438555
0.449814
0.438375
0.393241
0.448632
0.364414
0.274107
0.454907
0.445329
0.413318
0.43243
0.376432
0.47578
0.344959
0.441816
0.313923
0.447562
0.337675
0.482665
0.488338
0.204078
0.46432
0.479057
0.441132
0.457146
0.374264
0.451255
0.344938
0.38524
0.262568
0.305402
0.394834
0.521509
0.386683
0.426336
0.443773
0.384158
0.269655
0.380453
0.47051
0.409943
0.412115
0.472676
0.372232
0.39348
0.340477
0.47803
0.451922
0.46394
0.460045
0.398795
0.299136
0.503788
0.477517
0.485371
0.37539
0.372363
0.458776
0.43155
0.376432
0.501425
0.421504
0.401217
0.40192
0.424488
0.431682
0.428715
0.248107
0.437761
0.411579
0.485661
0.293429
0.336101
0.411912
0.382018
0.449172
0.500686
0.337264
0.455387
0.411845
0.449009
0.466408
0.461655
0.469851
0.44068
0.338686
0.425076
0.479667
0.416479
0.460706
0.438085
0.451231
0.358985
0.449275
0.385119
0.487204
0.388377
0.495043
0.465947
0.441141
0.490463
0.476082
0.320375
0.442704
0.470214
0.238042
0.371919
0.374182
0.389383
0.329339
0.253564
0.438239
0.366433
0.430133
0.388623
0.373455
0.430865
0.409382
0.507299
0.30232
0.386372
0.366341
0.432916
0.456164
0.395306
0.536648
0.327214
0.349283
0.428099
0.481174
0.631132
0.513541
0.517544
0.551679
0.34521
0.486054
0.484952
0.402582
0.135507
0.465642
0.247046
0.417291
0.510723
0.463406
0.373366
0.547526
0.523104
0.539925
0.542429
0.505784
0.539261
0.407942
0.431688
0.408224
0.41065
0.501002
0.426272
0.400014
0.449895
0.497978
0.478794
0.507603
0.471355
0.512658
0.129111
0.451013
0.525024
0.403676
0.445835
0.380533
0.439853
0.400772
0.339663
0.544537
0.468559
0.468847
0.452267
0.426664
0.543257
0.346239
0.535062
0.194063
0.507046
0.322368
0.299537
0.446607
0.439509
0.536475
0.507401
0.228138
0.342503
0.310718
0.539713
0.488469
0.509554
0.491895
0.398059
0.429379
0.163773
0.467345
0.449506
0.451464
0.459657
0.459267
0.384759
0.503297
0.365733
0.431842
0.421582
0.308052
0.545494
0.558005
0.469234
0.212835
0.408417
0.488781
0.446192
0.481189
0.43061
0.412639
0.518541
0.402551
0.492219
0.368127
0.433135
0.516974
0.419389
0.473953
0.282207
0.224933
0.214305
0.405124
0.417969
0.440904
0.456002
0.452175
0.330711
0.500671
0.487519
0.46757
0.441101
0.304184
0.427346
0.320028
0.474556
0.453483
0.488432
0.523414
0.517537
0.453702
0.35269
0.522054
0.454072
0.387321
0.516866
0.314412
0.429855
0.495239
0.374087
0.61174
0.409687
0.45628
0.465799
0.350505
0.463084
0.383058
0.518992
0.455522
0.443269
0.46324
0.343485
0.490215
0.360423
0.414054
0.396107
0.299476
0.481897
0.392095
0.380344
0.361437
0.347689
0.429873
0.479149
0.291415
0.435171
0.435154
0.385212
0.50796
0.413681
0.230224
0.539747
0.409286
0.354469
0.356933
0.459557
0.424456
0.452384
0.461095
0.270366
0.430011
0.40445
0.528164
0.481944
0.453503
0.509477
0.489769
0.209859
0.41601
0.37533
0.234877
0.482434
0.553509
0.382904
0.487609
0.366507
0.549692
0.442107
0.486285
0.444329
0.392837
0.452327
0.465136
0.409734
0.3612
0.476165
0.376244
0.53419
0.455027
0.373963
0.448668
0.458359
0.390963
0.493924
0.311555
0.434018
0.442539
0.472949
0.327693
0.214758
0.359177
0.490358
0.460942
0.490246
0.411412
0.481225
0.279951
0.317745
0.474074
0.320519
0.509156
0.310531
0.430693
0.364288
0.416701
0.442639
0.527016
0.41065
0.463033
0.507697
0.458273
0.400542
0.234792
0.389978
0.277255
0.561998
0.493535
0.554146
0.472283
0.482928
0.429916
0.457773
0.459898
0.482263
0.230678
0.463477
0.403103
0.312821
0.494724
0.364424
0.424658
0.315662
0.354875
0.443083
0.371487
0.50508
0.3726
0.5516
0.441516
0.421682
0.431448
0.449188
0.495086
0.368887
0.475867
0.46696
0.434476
0.471715
0.543834
0.332166
0.555844
0.350251
0.427763
0.475458
0.347773
0.347501
0.534398
0.451174
0.408866
0.542119
0.448407
0.538101
0.535934
0.495228
0.489716
0.48051
0.523789
0.188202
0.431447
0.363197
0.429494
0.507186
0.351794
0.461824
0.419786
0.47116
0.46185
0.486663
0.348318
0.380334
0.535357
0.566745
0.523382
0.396531
0.400217
0.408449
0.473801
0.439757
0.30896
0.344299
0.394898
0.237015
0.261106
0.558171
0.38346
0.419699
0.359545
0.39469
0.31516
0.546732
0.412257
0.382971
0.414682
0.348252
0.302968
0.441809
0.452922
0.373284
0.389079
0.361285
0.383793
0.416949
0.361864
0.380045
0.309326
0.359796
0.36803
0.383299
0.335719
0.336914
0.381078
0.292641
0.408232
0.392496
0.414363
0.359261
0.264785
0.373807
0.416481
0.179953
0.320247
0.401669
0.470575
0.330186
0.363292
0.471039
0.424225
0.404931
0.200829
0.365414
0.433338
0.243979
0.414805
0.355999
0.203006
0.0650912
0.350368
0.413703
0.410199
0.414077
0.314929
0.371721
0.546954
0.524596
0.368998
0.352322
0.373543
0.443599
0.401733
0.520946
0.392132
0.329695
0.401403
0.327878
0.377205
0.417854
0.418059
0.441212
0.37417
0.380702
0.422357
0.464753
0.34475
0.100986
0.521223
0.345055
0.497966
0.433702
0.345268
0.329402
0.396807
0.410613
0.293711
0.0936071
0.362801
0.530162
0.356593
0.382573
0.403963
0.297573
0.437206
0.514015
0.426088
0.449919
0.396753
0.40229
0.41788
0.53617
0.407065
0.381542
0.510264
0.256926
0.535561
0.416562
0.541084
0.395979
0.341352
0.366307
0.414558
0.360904
0.326689
0.332901
0.422896
0.251816
0.413324
0.319336
0.399184
0.402198
0.276854
0.296893
0.394718
0.326466
0.357283
0.355513
0.505115
0.331759
0.196555
0.151107
0.530662
0.520538
0.380302
0.332787
0.457182
0.480641
0.426069
0.413348
0.520919
0.523357
0.421214
0.528402
0.316173
0.300925
0.143032
0.413321
0.232695
0.380347
0.370442
0.371771
0.472375
0.412691
0.388502
0.206216
0.3589
0.397724
0.244871
0.331983
0.313097
0.417138
0.332795
0.395537
0.313405
0.435032
0.403007
0.153491
0.314803
0.454192
0.438164
0.38503
0.413192
0.517812
0.393237
0.376858
0.393572
0.133204
0.221175
0.383287
0.366667
0.287041
0.204338
0.45848
0.354764
0.367493
0.515047
0.505642
0.411773
0.324114
0.429374
0.460138
0.378987
0.359401
0.260708
0.0876741
0.480474
0.332149
0.465327
0.315228
0.503936
0.157774
0.507671
0.435325
0.542275
0.219799
0.339614
0.423848
0.312528
0.382513
0.529887
0.349026
0.381627
0.390916
0.509194
0.337293
0.220018
0.393128
0.433147
0.38308
0.397323
0.324935
0.386046
0.327868
0.418421
0.502461
0.547505
0.323441
0.295507
0.405898
0.273119
0.531732
0.168267
0.342074
0.370108
0.54215
0.386669
0.339996
0.403509
0.35827
0.339853
0.351034
0.435237
0.520753
0.285455
0.322296
0.525459
0.280112
0.245766
0.402475
0.479403
0.33429
0.290601
0.371397
0.416456
0.340831
0.420212
0.469796
0.410833
0.369722
0.351869
0.303091
0.429084
0.427302
0.330271
0.501481
0.379936
0.384469
0.494897
0.384073
0.415305
0.447085
0.449156
0.448095
0.177169
0.361886
0.458104
0.374253
0.439973
0.371057
0.359524
0.390796
0.353831
0.436362
0.330183
0.412753
0.444453
0.488
0.213346
0.0868867
0.0933403
0.23808
0.31499
0.0835713
0.212139
0.144349
0.0953968
0.382962
0.239184
0.235005
0.158749
0.302127
0.322692
0.103908
0.0418077
0.328837
0.0956903
0.28912
0.212829
0.376889
0.382512
0.404482
0.319275
0.158245
0.324166
0.0980115
0.278315
0.16098
0.213175
0.0851186
0.367889
0.157916
0.401156
0.294247
0.309119
0.187738
0.270967
0.198329
0.13369
0.195153
0.204484
0.416503
0.398886
0.386464
0.123723
0.194171
0.243571
0.253128
0.214685
0.19434
0.0844497
0.117444
0.284229
0.198036
0.0558169
0.392799
0.0631805
0.381556
0.101951
0.410111
0.2559
0.109953
0.370871
0.342613
0.282159
0.276351
0.329863
0.0997542
0.157865
0.152821
0.253499
0.286488
0.203323
0.279803
0.223342
0.397728
0.234415
0.261978
0.428451
0.240841
0.205064
0.175167
0.414747
0.291572
0.287194
0.0628049
0.380086
0.128853
0.187071
0.293157
0.395936
0.234725
0.25124
0.173489
0.26085
0.105855
0.269352
0.104878
0.0999314
0.133517
0.293464
0.182632
0.305201
0.176631
0.0585137
0.33294
0.118006
0.227208
0.27155
0.222776
0.294414
0.185125
0.249141
0.184898
0.203356
0.293453
0.0817133
0.221541
0.108821
0.120712
0.32024
0.165671
0.274084
0.170853
0.0951311
0.233305
0.211381
0.116626
0.285665
0.264
0.291956
0.368176
0.0687071
0.319204
0.191414
0.277975
0.290002
0.212216
0.282689
0.0603624
0.152087
0.14978
0.255101
0.232078
0.305269
0.0586912
0.315496
0.291698
0.241682
0.189955
0.095556
0.0775438
0.247905
0.17492
0.0521853
0.219779
0.0751017
0.168273
0.290131
0.168655
0.317642
0.217146
0.293702
0.170804
0.201637
0.188426
0.320003
0.346993
0.181213
0.265928
0.0602938
0.114868
0.208979
0.155221
0.156503
0.32503
0.164535
0.228473
0.297253
0.166566
0.368927
0.283582
0.293778
0.156669
0.124734
0.360863
0.0863913
0.0556224
0.225887
0.108612
0.0755902
0.129773
0.291911
0.13448
0.0846827
0.223363
0.280962
0.172737
0.263383
0.284164
0.405655
0.181019
0.196369
0.244647
0.217701
0.280838
0.0463988
0.391603
0.258063
0.382192
0.321253
0.240359
0.274233
0.27405
0.254845
0.133341
0.143505
0.351081
0.164436
0.139774
0.0597424
0.342393
0.388377
0.232473
0.332733
0.2273
0.264421
0.208549
0.236109
0.376398
0.0576613
0.126413
0.397
0.0986266
0.269284
0.259492
0.186625
0.350192
0.219532
0.0834746
0.105395
0.300526
0.235352
0.233831
0.22783
0.283229
0.398183
0.193601
0.25825
0.106865
0.138585
0.218655
0.198126
0.262015
0.169865
0.338594
0.121154
0.246044
0.32743
0.273822
0.401776
0.16931
0.0557827
0.167027
0.239402
0.264745
0.275687
0.239607
0.213497
0.179584
0.155686
0.270229
0.219779
0.1848
0.199831
0.387516
0.240587
0.283728
0.154207
0.288556
0.39872
0.248401
0.376666
0.345527
0.189986
0.182278
0.0924012
0.181258
0.16601
0.22487
0.325077
0.170524
0.0851596
0.234357
0.157687
0.249577
0.077024
0.0619916
0.558245
0.485968
0.523253
0.43608
0.354423
0.424538
0.494055
0.456674
0.476129
0.49007
0.487401
0.0942625
0.461644
0.328052
0.474353
0.436663
0.461603
0.368409
0.472499
0.440394
0.113359
0.422805
0.320793
0.517532
0.413549
0.398243
0.339224
0.471718
0.339094
0.502169
0.539363
0.511225
0.520914
0.310353
0.438499
0.458717
0.531984
0.482158
0.494236
0.48527
0.402616
0.402616
0.462979
0.419446
0.145977
0.470715
0.411097
0.462398
0.460552
0.338056
0.420369
0.460257
0.467102
0.329983
0.451608
0.360119
0.437392
0.447847
0.356584
0.460552
0.0506314
0.354002
0.313354
0.320221
0.331829
0.134329
0.334989
0.33329
0.378668
0.464432
0.484877
0.459081
0.341609
0.479892
0.458116
0.469159
0.458116
0.401119
0.344754
0.466662
0.446371
0.380942
0.437622
0.432356
0.331011
0.436666
0.371924
0.4749
0.239215
0.376144
0.425096
0.308022
0.413869
0.439534
0.394075
0.41629
0.472355
0.400833
0.0863235
0.367919
0.51684
0.336873
0.487082
0.383229
0.454006
0.447437
0.479602
0.556118
0.39732
0.238716
0.441501
0.444867
0.368951
0.476096
0.446371
0.464435
0.340653
0.489237
0.405219
0.491616
0.437638
0.154015
0.366007
0.452007
0.22378
0.142224
0.184048
0.406546
0.373181
0.43881
0.429721
0.517689
0.425395
0.391099
0.531653
0.412962
0.40935
0.486219
0.45919
0.452007
0.422805
0.447343
0.451608
0.495488
0.439653
0.439061
0.350492
0.436666
0.505847
0.551398
0.461603
0.496969
0.477871
0.235698
0.107679
0.411295
0.463856
0.357039
0.464465
0.32458
0.536786
0.35906
0.456165
0.454006
0.512259
0.434758
0.462979
0.406314
0.436872
0.107679
0.507732
0.340311
0.46313
0.486083
0.297467
0.366782
0.408408
0.455432
0.556854
0.239215
0.5494
0.487082
0.55217
0.211884
0.453669
0.441158
0.495754
0.45063
0.469294
0.424225
0.443982
0.457239
0.467741
0.480947
0.479191
0.442024
0.424069
0.349262
0.345715
0.476907
0.414319
0.522078
0.164529
0.358644
0.120385
0.37406
0.400311
0.498862
0.402943
0.375525
0.454336
0.374931
0.512333
0.355032
0.425304
0.466126
0.524389
0.402587
0.421222
0.211309
0.463536
0.469058
0.456165
0.374767
0.489961
0.483876
0.413869
0.497559
0.463683
0.371924
0.565222
0.437614
0.447059
0.377809
0.113077
0.203593
0.143287
0.356321
0.366415
0.463683
0.308521
0.4749
0.463296
0.498075
0.368434
0.456642
0.48865
0.342444
0.228755
0.11514
0.476603
0.444683
0.320783
0.46562
0.479892
0.416677
0.338979
0.46562
0.433895
0.46012
0.473731
0.49889
0.38581
0.502872
0.450927
0.373364
0.495214
0.467593
0.33329
0.417876
0.456637
0.433562
0.387069
0.460279
0.49007
0.384256
0.550002
0.38767
0.466662
0.512619
0.439061
0.3115
0.463296
0.457917
0.524028
0.332307
0.522
0.473731
0.362333
0.495516
0.357197
0.0863235
0.508468
0.421135
0.43054
0.46012
0.571446
0.335374
0.365665
0.120385
0.340257
0.349411
0.08745
0.100902
0.110105
0.121287
0.0430741
0.0869488
0.116791
0.124535
0.0591524
0.105894
0.175532
0.135189
0.0405374
0.0860447
0.105423
0.0913812
0.181576
0.0541581
0.14251
0.078936
0.120325
0.0465974
0.145059
0.138194
0.0868702
0.0850472
0.0875087
0.136085
0.107882
0.131478
0.0380977
0.0709393
0.116733
0.056265
0.0459492
0.0780591
0.164653
0.0736423
0.145148
0.020145
0.0242089
0.0737525
0.0474682
0.0823018
0.0796005
0.0467258
0.106801
0.150953
0.100092
0.122439
0.100385
0.134242
0.0857562
0.13238
0.0217116
0.0603711
0.0655132
0.110694
0.0977347
0.0900276
0.0651969
0.118972
0.0657362
0.0709787
0.0591609
0.130235
0.151256
0.0874448
0.193536
0.0908504
0.0967079
0.127187
0.112827
0.166415
0.0884246
0.232983
0.145548
0.111427
0.0797447
0.130464
0.0663815
0.165373
0.116974
0.0839181
0.179567
0.148218
0.070362
0.1669
0.103514
0.120861
0.107644
0.0509284
0.0846683
0.118036
0.116928
0.046508
0.114795
0.100447
0.0679121
0.0739896
0.103077
0.0887555
0.137014
0.117676
0.0344689
0.0991305
0.14218
0.0621812
0.150325
0.0675579
0.120283
0.108523
0.0951345
0.0906498
0.0267111
0.0292264
0.0921581
0.078509
0.154672
0.124494
0.0807056
0.146996
0.068914
0.0341045
0.0434962
0.022694
0.319447
0.0816093
0.148018
0.0746398
0.038135
0.142433
0.141854
0.100669
0.101824
0.116816
0.0947146
0.138878
0.115969
0.156352
0.0583109
0.0912076
0.140679
0.0679737
0.0998201
0.0706383
0.119036
0.067879
0.0805184
0.0420401
0.0593322
0.0608969
0.0885759
0.219115
0.0642653
0.0884964
0.122028
0.0711668
0.106287
0.130676
0.118465
0.17496
0.115859
0.0380191
0.0643957
0.115629
0.122475
0.143235
0.0470126
0.144217
0.0296146
0.100163
0.202741
0.122928
0.145224
0.0989135
0.0482778
0.0445224
0.103917
0.0825869
0.025336
0.131913
0.0711639
0.0514838
0.128406
0.0958416
0.0665487
0.0659624
0.110208
0.0711728
0.139653
0.0807277
0.166132
0.144105
0.0826491
0.0604912
0.0433895
0.148257
0.0371673
0.0884549
0.0833789
0.054142
0.143824
0.0364256
0.108211
0.0483977
0.0131164
0.0607193
0.0574378
0.135806
0.0300693
0.162487
0.0904435
0.131717
0.223047
0.0650366
0.0238023
0.160828
0.103746
0.085407
0.0555747
0.107638
0.0272704
0.0637557
0.125549
0.0848936
0.137514
0.140431
0.0304809
0.135339
0.155211
0.136094
0.102659
0.103696
0.0818192
0.147786
0.11799
0.163027
0.113662
0.109845
0.0402527
0.0578429
0.0573567
0.172688
0.102255
0.0603408
0.0870352
0.148589
0.124138
0.117654
0.102288
0.0443238
0.131311
0.0407367
0.0687883
0.149246
0.171112
0.154699
0.0834611
0.142186
0.176908
0.0502894
0.212408
0.153146
0.128176
0.0196431
0.153768
0.0920705
0.129082
0.0908927
0.0612162
0.0989982
0.0752699
0.143839
0.0666171
0.0935689
0.0435916
0.053331
0.101246
0.0391437
0.199813
0.0258432
0.0516795
0.0986278
0.106037
0.08681
0.070995
0.119171
0.102172
0.106491
0.0856257
0.0648994
0.0986735
0.132733
0.129728
0.0718782
0.113196
0.0679919
0.128224
0.107246
0.044821
0.105489
0.0967333
0.0921861
0.0184847
0.0718934
0.0766141
0.0703729
0.116646
0.12075
0.100662
0.0508112
0.108104
0.0244368
0.197648
0.124056
0.178871
0.100461
0.122458
0.0841714
0.0632665
0.0860098
0.128412
0.096158
0.0768931
0.086805
0.0850126
0.0680042
0.0910437
0.0915094
0.0272223
0.0587332
0.0296974
0.044036
0.024989
0.126852
0.111486
0.167669
0.081027
0.0421121
0.117367
0.0635408
0.149133
0.113642
0.163804
0.0305814
0.127219
0.147913
0.114814
0.0966934
0.0899211
0.125673
0.122607
0.131651
0.082727
0.226491
0.0433288
0.181119
0.0959688
0.043288
0.0318043
0.108936
0.143559
0.0265069
0.0961724
0.0577586
0.177285
0.0220245
0.0397128
0.0897195
0.124971
0.14543
0.0322332
0.106615
0.0717053
0.0870982
0.0725376
0.0334793
0.0316854
0.131405
0.112803
0.0506326
0.0839039
0.197256
0.127919
0.0943892
0.120978
0.115844
0.0948228
0.0892058
0.168854
0.0945008
0.192576
0.0796589
0.0856554
0.160258
0.0579285
0.0590463
0.0297584
0.0761667
0.0735927
0.0870167
0.038844
0.141823
0.100173
0.0863412
0.114959
0.0872507
0.085474
0.0765078
0.0725948
0.0562124
0.10924
0.117287
0.0172473
0.105846
0.0812783
0.136961
0.0860214
0.111906
0.0598951
0.0301651
0.0943149
0.0830354
0.0254426
0.114247
0.0893201
0.225199
0.0873319
0.0638981
0.132043
0.192396
0.0326882
0.131363
0.0766284
0.113324
0.0254925
0.131454
0.0316721
0.109015
0.0932971
0.0969173
0.0689048
0.0498304
0.0271589
0.0956265
0.0680197
0.0295175
0.0996251
0.113056
0.0958936
0.0655941
0.0610173
0.153957
0.119104
0.10978
0.195662
0.0207001
0.0848502
0.0428957
0.0987731
0.0996438
0.0221005
0.115348
0.0730967
0.0449584
0.165997
0.132937
0.148464
0.0918358
0.0806219
0.0954402
0.0774555
0.0708286
0.181867
0.0895715
0.0682729
0.133764
0.136318
0.126164
0.106329
0.0442605
0.0355428
0.133138
0.104212
0.0286983
0.150021
0.0543827
0.130404
0.115509
0.108717
0.179754
0.188411
0.0791423
0.144974
0.107546
0.102257
0.0453005
0.126749
0.112102
0.0873066
0.139932
0.056596
0.0870817
0.0791458
0.142754
0.0611223
0.162427
0.107073
0.229764
0.135527
0.156125
0.107981
0.102426
0.0620405
0.0605015
0.0881313
0.0743325
0.040143
0.11118
0.071081
0.113654
0.122318
0.0862222
0.190699
0.108251
0.0469186
0.142398
0.135228
0.216153
0.0909028
0.116072
0.0682564
0.0837187
0.163434
0.074518
0.152022
0.0670078
0.114289
0.0933571
0.078531
0.058199
0.0811674
0.10239
0.102153
0.0360293
0.0895672
0.0460933
0.154088
0.122316
0.0710516
0.127102
0.0348178
0.106596
0.135163
0.150024
0.0433824
0.0480976
0.0718427
0.0904014
0.0418196
0.0891174
0.0822744
0.0391037
0.119529
0.140843
0.124429
0.142429
0.102503
0.0721695
0.116166
0.112413
0.0311012
0.140711
0.202392
0.0916667
0.0368959
0.129419
0.0718206
0.140593
0.0730584
0.155055
0.0819776
0.0858754
0.0996939
0.0794937
0.074077
0.0953186
0.113067
0.116983
0.0992365
0.0882844
0.0679775
0.0923533
0.176482
0.0509199
0.145644
0.117285
0.042216
0.107853
0.0699027
0.0658772
0.0809511
0.122309
0.0446532
0.130819
0.0826942
0.149365
0.183031
0.111074
0.114812
0.0644824
0.0316314
0.0712986
0.0441125
0.0876661
0.173557
0.123112
0.0942835
0.105029
0.144549
0.200117
0.0312434
0.158557
0.0700834
0.059645
0.124052
0.104977
0.0472256
0.144858
0.121712
0.0187189
0.106886
0.0714
0.0416642
0.159319
0.0537833
0.0263165
0.0876691
0.0751665
0.0184374
0.0376907
0.0640299
0.0627354
0.0362814
0.0878574
0.145267
0.0667164
0.189377
0.106141
0.110768
0.0770666
0.110307
0.0886026
0.025564
0.0807991
0.111417
0.0483699
0.0205924
0.115821
0.121319
0.148569
0.0775311
0.0510812
0.123613
0.055435
0.0397471
0.130106
0.0741182
0.0252205
0.084416
0.0770975
0.229877
0.0702197
0.210289
0.0759294
0.109823
0.0361899
0.0357417
0.0351272
0.0912691
0.0823871
0.0960501
0.171755
0.126435
0.544644
0.0961742
0.417268
0.147967
0.352541
0.170539
0.131675
0.465205
0.165042
0.264283
0.391377
0.0704472
0.218321
0.102554
0.325536
0.338914
0.168392
0.154399
0.11518
0.153731
0.0930122
0.442995
0.0651983
0.107108
0.1594
0.0325164
0.159791
0.0817354
0.323322
0.435589
0.0644982
0.304189
0.4152
0.359185
0.132191
0.311015
0.305142
0.326553
0.222606
0.265373
0.0514447
0.063982
0.215705
0.159146
0.218855
0.45555
0.348798
0.205778
0.381144
0.278495
0.118113
0.225028
0.118423
0.334437
0.163728
0.189852
0.232027
0.256872
0.235223
0.171162
0.210771
0.155242
0.187691
0.121308
0.0836195
0.215059
0.441441
0.337572
0.333824
0.114687
0.145051
0.163546
0.132012
0.284682
0.241127
0.331966
0.103048
0.298651
0.287367
0.0971378
0.162024
0.183766
0.103248
0.439818
0.164398
0.0610466
0.218156
0.147209
0.436609
0.412009
0.156726
0.121621
0.279985
0.0497433
0.202101
0.436022
0.181599
0.234536
0.257334
0.0608774
0.0702918
0.272912
0.218891
0.195707
0.0370456
0.301161
0.128688
0.224023
0.432981
0.191898
0.112221
0.0928795
0.309332
0.376932
0.170233
0.212496
0.244664
0.17783
0.367763
0.197161
0.0667509
0.0383009
0.33273
0.383163
0.157744
0.186123
0.148233
0.124235
0.481958
0.251653
0.073034
0.0833942
0.172291
0.229176
0.205908
0.07309
0.111278
0.407549
0.229657
0.434416
0.0845843
0.494155
0.299236
0.394016
0.163542
0.260095
0.351745
0.280895
0.174595
0.194192
0.442699
0.161254
0.387075
0.243907
0.217915
0.318951
0.0948111
0.481538
0.386763
0.113617
0.112515
0.129237
0.184108
0.0403972
0.105746
0.174915
0.484057
0.222311
0.13833
0.0867781
0.221401
0.1301
0.144021
0.430143
0.103649
0.166631
0.348283
0.0250316
0.0767063
0.140704
0.260177
0.0490736
0.233237
0.339969
0.282006
0.337949
0.272155
0.361883
0.245895
0.165447
0.387641
0.0824823
0.06214
0.0914086
0.21202
0.283083
0.21881
0.412535
0.103924
0.213857
0.234022
0.294892
0.0807341
0.288749
0.190933
0.0277617
0.342309
0.187336
0.169479
0.0681272
0.499284
0.112511
0.153094
0.320168
0.182732
0.136338
0.104074
0.106415
0.200044
0.135783
0.103878
0.399241
0.172408
0.470153
0.20972
0.240714
0.184781
0.136838
0.209685
0.108371
0.121713
0.0773641
0.201575
0.401405
0.0645804
0.478281
0.0789998
0.130042
0.338885
0.377982
0.171107
0.255159
0.303115
0.141927
0.337646
0.293754
0.412104
0.173597
0.353216
0.259825
0.472596
0.472411
0.113657
0.124353
0.243436
0.477022
0.365339
0.439634
0.247321
0.0493398
0.302079
0.0749402
0.172491
0.456138
0.147841
0.288004
0.289263
0.0491743
0.375645
0.32169
0.130474
0.18669
0.317941
0.354183
0.131783
0.189816
0.406878
0.144469
0.252226
0.351194
0.163586
0.459566
0.177472
0.382339
0.217944
0.240768
0.0975686
0.274474
0.334831
0.118674
0.264698
0.038833
0.156785
0.0348894
0.0420803
0.0587214
0.139932
0.13172
0.151141
0.427343
0.0920937
0.105641
0.188527
0.0983712
0.0440889
0.0532243
0.328823
0.0623346
0.25028
0.146727
0.187671
0.0892108
0.18431
0.154048
0.445863
0.0503061
0.318123
0.230766
0.37516
0.0773593
0.0427798
0.215097
0.0968735
0.119784
0.165632
0.208797
0.308512
0.04411
0.196465
0.161762
0.215769
0.276437
0.2248
0.176367
0.244627
0.381251
0.481242
0.139926
0.118303
0.243631
0.441489
0.41307
0.11488
0.266671
0.0471474
0.0487023
0.179675
0.315241
0.459393
0.443701
0.145526
0.145893
0.0609885
0.123866
0.342356
0.279566
0.508559
0.0787213
0.261471
0.233658
0.171846
0.0632155
0.207705
0.0470337
0.48675
0.453
0.283753
0.382006
0.125686
0.283262
0.239343
0.173816
0.276988
0.442763
0.440785
0.102411
0.210554
0.283508
0.396161
0.191626
0.061625
0.0434989
0.146622
0.437429
0.0995458
0.374401
0.228485
0.0453589
0.155785
0.165613
0.296615
0.0832903
0.190076
0.215969
0.224764
0.238952
0.0716593
0.147525
0.175258
0.0308535
0.266504
0.23775
0.169004
0.0987014
0.214286
0.143692
0.286963
0.0805789
0.20737
0.120437
0.0673207
0.0740471
0.274214
0.04398
0.0706326
0.383921
0.176301
0.236079
0.400844
0.10589
0.232364
0.146978
0.330941
0.117687
0.311885
0.449054
0.0811415
0.0667636
0.314462
0.13634
0.151021
0.268082
0.456627
0.0219487
0.244678
0.44643
0.217678
0.273172
0.321182
0.0709907
0.150435
0.524591
0.398126
0.134301
0.173853
0.455852
0.123809
0.383066
0.165622
0.0440576
0.4122
0.07996
0.0746272
0.0849999
0.306868
0.134776
0.208503
0.241699
0.114933
0.084467
0.0728398
0.324234
0.28344
0.121218
0.225085
0.264914
0.247979
0.365241
0.259635
0.0345895
0.191143
0.16203
0.158339
0.201602
0.31837
0.0489792
0.122874
0.0824382
0.119064
0.154392
0.241498
0.157751
0.424713
0.372597
0.23712
0.0346572
0.125143
0.326543
0.35961
0.103714
0.227543
0.392344
0.253523
0.185774
0.068476
0.111701
0.227514
0.163242
0.130558
0.383101
0.068666
0.299161
0.298088
0.0906787
0.113285
0.265691
0.180293
0.096372
0.165193
0.387276
0.0551249
0.212206
0.13167
0.260898
0.244323
0.14485
0.314679
0.220951
0.317243
0.160112
0.121279
0.432007
0.218248
0.103641
0.142043
0.180914
0.113802
0.439608
0.177394
0.333981
0.127143
0.313077
0.17802
0.0963418
0.239003
0.234644
0.220396
0.130043
0.122779
0.399748
0.21012
0.172822
0.0573091
0.19922
0.135974
0.259473
0.372695
0.0853931
0.0396932
0.375994
0.360159
0.180591
0.236189
0.0499124
0.135074
0.113011
0.18483
0.315243
0.425354
0.236069
0.0931797
0.26847
0.103419
0.21459
0.226243
0.217804
0.450925
0.0346702
0.382677
0.0903753
0.0957117
0.171608
0.110137
0.455021
0.501625
0.133394
0.412369
0.0578282
0.443618
0.0971289
0.291252
0.1652
0.437097
0.367737
0.203834
0.135766
0.13898
0.217293
0.22396
0.335443
0.152861
0.257882
0.168274
0.146761
0.290751
0.132816
0.169694
0.443373
0.446994
0.434282
0.311434
0.413399
0.449369
0.144776
0.189714
0.156287
0.0988833
0.0452075
0.27705
0.0296754
0.30006
0.495068
0.219549
0.213509
0.461543
0.413911
0.0992881
0.222755
0.315507
0.0856418
0.407597
0.319444
0.218894
0.235857
0.205262
0.143826
0.101486
0.188539
0.197204
0.379297
0.30397
0.207334
0.10287
0.179872
0.164583
0.14689
0.173291
0.0920852
0.113409
0.255108
0.345097
0.128102
0.429819
0.197249
0.125052
0.0621824
0.153958
0.419703
0.0671189
0.191367
0.243378
0.143961
0.429308
0.334121
0.545148
0.205545
0.374273
0.196881
0.138092
0.257274
0.160195
0.146815
0.121065
0.0942727
0.363723
0.0694074
0.0757854
0.288141
0.189109
0.206878
0.122683
0.0918005
0.074011
0.0282838
0.234871
0.202738
0.175267
0.0758491
0.208635
0.319275
0.251276
0.0767511
0.368167
0.152799
0.216326
0.0583839
0.179018
0.146282
0.0971593
0.0719917
0.174579
0.21092
0.225626
0.0926411
0.284945
0.305821
0.0995013
0.0862633
0.133759
0.278146
0.390748
0.180187
0.0602565
0.125431
0.22159
0.134466
0.0669478
0.25315
0.0979879
0.307772
0.0910445
0.0888456
0.201025
0.224681
0.0814202
0.245551
0.0921375
0.217491
0.293864
0.274065
0.171179
0.117653
0.258631
0.227592
0.198303
0.232705
0.0761586
0.105766
0.366034
0.272118
0.20946
0.103915
0.132021
0.163549
0.096587
0.147035
0.11841
0.192805
0.153082
0.179802
0.188293
0.272553
0.161657
0.204037
0.114785
0.269031
0.0288654
0.172089
0.327123
0.284707
0.244748
0.144111
0.239986
0.0993923
0.111585
0.0654109
0.0911337
0.29427
0.261899
0.199402
0.109041
0.222678
0.106067
0.139376
0.143804
0.123869
0.0581405
0.397888
0.401854
0.168218
0.0884025
0.197593
0.119773
0.266672
0.223285
0.220239
0.115595
0.114323
0.164619
0.18542
0.417083
0.113715
0.0878448
0.0549454
0.359573
0.133249
0.208629
0.132133
0.0862045
0.0534373
0.247023
0.0410005
0.166474
0.253907
0.175192
0.208026
0.188817
0.0631138
0.206456
0.169825
0.178747
0.258122
0.204191
0.295299
0.175038
0.201219
0.240502
0.349185
0.129047
0.137464
0.0738388
0.0694516
0.113473
0.0556605
0.14178
0.110224
0.0663484
0.205066
0.0331454
0.250561
0.201402
0.0684134
0.165013
0.0911953
0.268673
0.0806209
0.214842
0.170352
0.17921
0.371096
0.245094
0.229604
0.2049
0.149863
0.17004
0.15904
0.166546
0.0811473
0.089275
0.359941
0.128684
0.170606
0.12911
0.355001
0.330107
0.143265
0.116079
0.250953
0.0975577
0.127251
0.098803
0.0397565
0.258428
0.204519
0.203094
0.235919
0.229366
0.108369
0.0881116
0.137554
0.141611
0.29026
0.353063
0.297944
0.0776729
0.0734198
0.0881776
0.145024
0.138161
0.116422
0.0845075
0.259226
0.0354099
0.195878
0.333522
0.1047
0.256554
0.102748
0.126071
0.261543
0.197048
0.0251419
0.08298
0.332017
0.209046
0.0721168
0.122507
0.301228
0.242756
0.0922892
0.178263
0.146436
0.229118
0.170531
0.3437
0.203694
0.283367
0.157449
0.0875549
0.0594767
0.211325
0.104186
0.167555
0.134686
0.201299
0.0746459
0.0965796
0.0758444
0.302198
0.325681
0.108069
0.106886
0.102842
0.239302
0.18843
0.343513
0.0489726
0.0738877
0.0918522
0.234763
0.229705
0.240991
0.183055
0.0735344
0.245959
0.172141
0.208847
0.0308016
0.143041
0.287723
0.0790789
0.0846299
0.383945
0.0686639
0.230731
0.0943317
0.0881174
0.0827137
0.165045
0.100134
0.136566
0.122018
0.261413
0.248192
0.251491
0.182211
0.0729449
0.201494
0.048485
0.135906
0.358515
0.226336
0.212021
0.0777752
0.34691
0.0764951
0.138161
0.116004
0.126384
0.238977
0.262744
0.0773991
0.124748
0.229513
0.0679397
0.0565613
0.147637
0.150863
0.115518
0.1405
0.133815
0.364032
0.0843883
0.0628399
0.26873
0.137488
0.238173
0.286155
0.38302
0.0326747
0.433172
0.283674
0.0316982
0.0950423
0.0696555
0.187702
0.218546
0.339724
0.095138
0.0681873
0.141657
0.340411
0.154351
0.19007
0.0132097
0.118599
0.0863305
0.081418
0.157424
0.078145
0.183151
0.200302
0.319803
0.223343
0.187241
0.0396208
0.143835
0.0793981
0.241189
0.174046
0.17349
0.391163
0.219422
0.221036
0.365406
0.0925988
0.287713
0.0944277
0.18268
0.221082
0.036479
0.0955721
0.142236
0.161304
0.241864
0.113579
0.205634
0.0453979
0.212834
0.186014
0.194708
0.144197
0.281935
0.127907
0.0968681
0.243587
0.212561
0.0526856
0.230172
0.201036
0.126439
0.315071
0.337633
0.189754
0.218212
0.221766
0.296945
0.359915
0.237802
0.075689
0.252363
0.047333
0.12511
0.142212
0.113087
0.174166
0.167964
0.0804284
0.0504434
0.247521
0.248456
0.315034
0.0614707
0.16176
0.154121
0.0692909
0.266345
0.16827
0.251293
0.0556494
0.111462
0.164224
0.14595
0.0550487
0.204425
0.228286
0.318409
0.169387
0.0621531
0.100707
0.0629768
0.129382
0.40142
0.259523
0.071334
0.238691
0.123492
0.0775863
0.300194
0.225403
0.281739
0.397265
0.129269
0.0537705
0.0962077
0.0597272
0.0893157
0.191713
0.108868
0.205551
0.121649
0.160843
0.308964
0.225335
0.125267
0.28036
0.134893
0.0385519
0.123151
0.360854
0.287444
0.112967
0.107973
0.148767
0.261767
0.140766
0.125844
0.114778
0.224348
0.359279
0.209491
0.198941
0.142669
0.273456
0.145527
0.0810513
0.213206
0.105881
0.241084
0.0461171
0.143313
0.188804
0.253864
0.171848
0.131384
0.0607412
0.193504
0.083102
0.155763
0.191628
0.216635
0.0953494
0.144352
0.0430973
0.143637
0.139227
0.217688
0.195896
0.411556
0.202868
0.222161
0.244792
0.167837
0.122125
0.0787574
0.346299
0.0843268
0.156622
0.250406
0.175934
0.272579
0.075632
0.286864
0.214141
0.10948
0.109108
0.180113
0.0830257
0.268683
0.092841
0.237532
0.09761
0.0687719
0.102563
0.229898
0.107793
0.143053
0.172903
0.244088
0.199
0.308667
0.356592
0.11622
0.19237
0.248918
0.268412
0.115487
0.199449
0.329227
0.169447
0.197169
0.129681
0.165359
0.114213
0.219226
0.168169
0.115354
0.240441
0.146222
0.211913
0.132808
0.0836967
0.414483
0.143164
0.150978
0.054045
0.351268
0.202127
0.310649
0.325498
0.0452692
0.113502
0.183225
0.31454
0.0958799
0.100945
0.230702
0.211386
0.0432579
0.177081
0.0598464
0.0810652
0.220663
0.374333
0.120931
0.313619
0.0773312
0.102619
0.097749
0.295678
0.0769602
0.13683
0.112406
0.0972752
0.240331
0.151735
0.027586
0.0772748
0.107335
0.207696
0.270535
0.182384
0.223311
0.123022
0.0768785
0.0874418
0.0669623
0.127276
0.224048
0.137276
0.147004
0.145239
0.148652
0.23706
0.0891986
0.203993
0.222714
0.279797
0.0776199
0.160971
0.231976
0.147101
0.154689
0.217762
0.170649
0.226267
0.146964
0.340328
0.128533
0.119274
0.0835101
0.373863
0.242656
0.169589
0.208392
0.260677
0.104178
0.224207
0.0759657
0.18278
0.17904
0.142663
0.114019
0.118675
0.162459
0.18059
0.310865
0.207272
0.0644031
0.166099
0.226579
0.0969604
0.253571
0.184539
0.209406
0.321641
0.126466
0.203701
0.111317
0.101103
0.314145
0.289942
0.0342402
0.052951
0.225991
0.046698
0.156856
0.114899
0.119898
0.328016
0.255166
0.240641
0.341744
0.154401
0.315703
0.194159
0.0727108
0.101317
0.0847882
0.162672
0.396506
0.0401319
0.0939798
0.0722005
0.343239
0.124597
0.165087
0.164131
0.0375511
0.304235
0.427347
0.134487
0.166615
0.105214
0.0589531
0.0297517
0.304343
0.25515
0.070621
0.0657413
0.0939219
0.143383
0.279103
0.231394
0.158724
0.111797
0.248339
0.236
0.0854114
0.0660873
0.155319
0.158011
0.0909984
0.123579
0.0988388
0.188804
0.057537
0.0960952
0.103943
0.148279
0.091786
0.107712
0.116061
0.11871
0.193925
0.161227
0.115902
0.132588
0.080785
0.159717
0.218737
0.233538
0.186635
0.175036
0.0910615
0.146515
0.137096
0.233454
0.0751059
0.225137
0.203274
0.128188
0.213457
0.0793873
0.100889
0.0771828
0.0778894
0.112384
0.0571505
0.165146
0.0902452
0.0850475
0.142798
0.101442
0.140442
0.151928
0.234034
0.073792
0.035887
0.0329101
0.0267823
0.234186
0.0665603
0.192765
0.193106
0.140161
0.153184
0.177597
0.350092
0.335023
0.0468383
0.119714
0.141785
0.102086
0.0689001
0.0364252
0.248788
0.269001
0.128426
0.172837
0.160737
0.180375
0.101324
0.198052
0.0769409
0.158591
0.0254858
0.223991
0.119746
0.19887
0.0984567
0.129122
0.0709395
0.199878
0.108284
0.255709
0.0981857
0.358889
0.113151
0.224012
0.104686
0.114829
0.0617294
0.0799952
0.053862
0.0940816
0.200739
0.100702
0.151154
0.113423
0.172488
0.188969
0.0818498
0.0872969
0.122888
0.0530895
0.0733385
0.167865
0.118589
0.248472
0.168497
0.0573641
0.174234
0.205726
0.153571
0.071575
0.201462
0.0314259
0.232268
0.122279
0.110601
0.0307919
0.1856
0.191984
0.18713
0.123576
0.0771389
0.0577578
0.154688
0.208272
0.155672
0.101459
0.0481315
0.133085
0.136578
0.168757
0.116605
0.119647
0.208873
0.194139
0.12736
0.0809482
0.0799506
0.123315
0.0512473
0.180579
0.130241
0.162522
0.189695
0.0656153
0.19241
0.182679
0.142058
0.0892405
0.0757857
0.198396
0.0964877
0.151492
0.025678
0.173924
0.225289
0.106008
0.129384
0.26348
0.159541
0.170295
0.144888
0.0821076
0.151371
0.0854225
0.164867
0.0707278
0.142057
0.161021
0.109794
0.0549158
0.060593
0.165697
0.251908
0.1816
0.07118
0.0879801
0.0870985
0.105399
0.167981
0.264476
0.17166
0.290901
0.155943
0.16384
0.13572
0.144245
0.242524
0.119359
0.231947
0.153611
0.246209
0.0382989
0.267505
0.230924
0.186348
0.158371
0.132023
0.223216
0.186907
0.178884
0.126671
0.0608188
0.167335
0.276383
0.122456
0.0776646
0.0763633
0.123946
0.240776
0.0510762
0.261595
0.0808004
0.0526662
0.105116
0.198579
0.148545
0.112051
0.177962
0.344639
0.238352
0.16942
0.130678
0.0750965
0.0646897
0.0904305
0.0669161
0.305149
0.149201
0.201505
0.209429
0.0484171
0.149542
0.213458
0.124451
0.235387
0.20534
0.0767129
0.0697491
0.233976
0.0867603
0.0541382
0.3118
0.151214
0.128362
0.22554
0.0792958
0.214518
0.149777
0.0998622
0.205631
0.0642763
0.118364
0.245663
0.0550749
0.221449
0.171593
0.121292
0.0438661
0.219908
0.109553
0.0725635
0.167819
0.197746
0.102903
0.109676
0.098958
0.0870674
0.11769
0.257832
0.299645
0.100518
0.0958515
0.292683
0.156355
0.204741
0.225057
0.256127
0.0227462
0.278563
0.0765856
0.0409068
0.076643
0.137574
0.171921
0.177313
0.248909
0.280741
0.23549
0.179772
0.187258
0.192533
0.307564
0.256468
0.272041
0.0701949
0.132759
0.0279442
0.207771
0.0372712
0.143935
0.128671
0.103324
0.0671683
0.193617
0.0859834
0.0666989
0.205821
0.215542
0.0687087
0.283594
0.0634139
0.167058
0.166017
0.0993292
0.0737673
0.0977819
0.191209
0.263507
0.259065
0.115646
0.11056
0.180139
0.121467
0.215235
0.31094
0.311543
0.103658
0.109161
0.261537
0.27701
0.290296
0.0507876
0.115271
0.154196
0.1054
0.220438
0.301572
0.152648
0.0628153
0.123392
0.333541
0.136649
0.227125
0.120095
0.0766608
0.155238
0.126541
0.263913
0.108212
0.244438
0.118395
0.177284
0.172246
0.0887093
0.265011
0.109942
0.185395
0.0926674
0.126831
0.20758
0.259418
0.121387
0.176889
0.0688435
0.177081
0.0626964
0.109171
0.0453918
0.145166
0.166482
0.092403
0.11168
0.0437671
0.0537454
0.152654
0.0408387
0.304752
0.131737
0.0639387
0.136261
0.0470973
0.0357511
0.102806
0.183322
0.052431
0.0552885
0.0853495
0.0966632
0.162403
0.111851
0.333659
0.218704
0.201985
0.151345
0.107627
0.0302705
0.235457
0.0353241
0.152158
0.182002
0.0319104
0.109376
0.0637287
0.0695535
0.253479
0.141537
0.117781
0.286167
0.149184
0.228062
0.156386
0.130575
0.151927
0.103716
0.242454
0.147429
0.0827285
0.176042
0.192064
0.0807539
0.198739
0.0735233
0.109085
0.0324968
0.134775
0.165342
0.0662623
0.0987862
0.16738
0.13616
0.153101
0.0830042
0.1084
0.128341
0.0516124
0.069626
0.118917
0.08611
0.158698
0.178475
0.155276
0.0562071
0.151138
0.0814901
0.25216
0.231491
0.11008
0.0665348
0.110204
0.0688362
0.0877141
0.0725275
0.132966
0.083647
0.236688
0.130674
0.114119
0.260678
0.0518649
0.120225
0.0551737
0.117368
0.0913644
0.117298
0.0442711
0.0604414
0.0813418
0.266993
0.0704848
0.115129
0.0868978
0.206036
0.0774422
0.123753
0.0706307
0.13409
0.149692
0.139668
0.199501
0.110215
0.0392479
0.109991
0.132749
0.296527
0.176191
0.214869
0.0976005
0.163045
0.196617
0.197782
0.0935166
0.072756
0.189288
0.308981
0.264265
0.145916
0.0578377
0.203097
0.0913027
0.218164
0.0497999
0.219517
0.132753
0.0929745
0.119449
0.0593906
0.220184
0.0582228
0.162404
0.165862
0.0379302
0.316867
0.112772
0.117881
0.238159
0.227746
0.178245
0.0900784
0.192624
0.219213
0.0788032
0.115593
0.20008
0.232624
0.0445518
0.273055
0.182483
0.156733
0.0363849
0.083884
0.073863
0.221786
0.242248
0.056114
0.0944919
0.168133
0.155593
0.194443
0.148505
0.150744
0.100475
0.0474215
0.295596
0.129845
0.111396
0.151033
0.147719
0.100752
0.226929
0.118232
0.246195
0.0589253
0.054187
0.24926
0.0671414
0.218684
0.0943032
0.196601
0.0334389
0.0434256
0.166446
0.124006
0.197412
0.135938
0.163116
0.23252
0.180967
0.0597986
0.129199
0.211518
0.0958124
0.217158
0.053297
0.0520499
0.16381
0.0586257
0.190718
0.173482
0.301642
0.17528
0.20283
0.0885453
0.138875
0.248924
0.246022
0.192766
0.168649
0.137207
0.101454
0.261952
0.127546
0.11064
0.20034
0.263581
0.0384375
0.0891852
0.197232
0.103204
0.0460593
0.235925
0.121901
0.174156
0.042368
0.18945
0.0553144
0.180618
0.0406069
0.0776753
0.136562
0.0894766
0.158455
0.122066
0.160566
0.20217
0.0497367
0.0153258
0.0989085
0.0986332
0.145277
0.248754
0.129032
0.0544406
0.214391
0.233219
0.240815
0.210957
0.236557
0.148463
0.118066
0.142564
0.204326
0.132675
0.0702798
0.0397513
0.0626943
0.150865
0.0513976
0.0916283
0.156133
0.062781
0.142506
0.175107
0.0605222
0.0628851
0.24765
0.149181
0.195043
0.327713
0.0611344
0.0275651
0.0197171
0.0656197
0.0343071
0.0850264
0.177785
0.067436
0.0360404
0.0996994
0.050282
0.0619322
0.043155
0.0467035
0.0646532
0.0842337
0.0135663
0.0361471
0.0260016
0.0838221
0.0304282
0.0291107
0.05344
0.0302773
0.0615439
0.0201103
0.0287711
0.0184254
0.0497308
0.184637
0.0906593
0.104757
0.117084
0.0316593
0.0385482
0.0562573
0.0638896
0.0357081
0.0421715
0.140158
0.204449
0.128641
0.0632975
0.130612
0.0831735
0.0528181
0.0700458
0.0400926
0.0971173
0.136611
0.0282699
0.042874
0.119066
0.079618
0.0824847
0.210847
0.0824506
0.0156735
0.148867
0.029838
0.0430786
0.0559698
0.0093335
0.0947388
0.0743695
0.0207678
0.0316705
0.0528253
0.0248136
0.0569401
0.0695468
0.176616
0.0923801
0.0363645
0.113854
0.114304
0.0739103
0.0249689
0.0721054
0.0462689
0.0319752
0.0297689
0.0368223
0.157183
0.0609207
0.0628549
0.0613018
0.117975
0.0380861
0.177225
0.0676783
0.12695
0.0727061
0.0326742
0.0297763
0.141034
0.0420232
0.0475181
0.109123
0.0926045
0.0397425
0.0505153
0.0397735
0.111653
0.0572906
0.153516
0.0253867
0.0548378
0.115301
0.0608039
0.0238675
0.0585073
0.0789749
0.0761249
0.0403892
0.0436081
0.107857
0.129449
0.0168797
0.0420465
0.0338091
0.0548683
0.0354621
0.0156747
0.024207
0.0298934
0.0775797
0.0258733
0.0660449
0.155474
0.0116374
0.0341832
0.074949
0.0398508
0.183705
0.0723039
0.0473735
0.07851
0.0566925
0.0571935
0.0857294
0.0510508
0.0296733
0.0623161
0.0161657
0.0342476
0.0368834
0.0242694
0.0361957
0.0531331
0.0641019
0.025811
0.0458793
0.0233242
0.13603
0.0467425
0.0945336
0.0555464
0.0336085
0.0372218
0.150659
0.0552936
0.0618481
0.0539476
0.0612233
0.0888121
0.0198764
0.0894839
0.112869
0.0580094
0.0867043
0.0360009
0.108463
0.0395728
0.179081
0.0433392
0.148723
0.0897016
0.188985
0.104567
0.048292
0.0309047
0.113032
0.0572943
0.103486
0.10168
0.0668927
0.0802287
0.0744185
0.10789
0.0565225
0.178548
0.0182117
0.0371099
0.0146156
0.0596631
0.0726796
0.0267526
0.0405453
0.0469685
0.074407
0.0870646
0.0495416
0.122627
0.0928956
0.151683
0.0508573
0.0338341
0.1794
0.0905992
0.061099
0.106252
0.0330829
0.0217723
0.159495
0.0479538
0.0392704
0.0642962
0.108934
0.0746798
0.0980312
0.0845952
0.018268
0.0414994
0.0910259
0.184799
0.187363
0.0309851
0.0872592
0.0401376
0.0285409
0.206921
0.117628
0.0494924
0.0231353
0.077659
0.0594484
0.0988099
0.0433688
0.0192643
0.0124039
0.0634271
0.0311171
0.0836025
0.0339212
0.0183437
0.035828
0.111448
0.0702265
0.189141
0.13339
0.0343802
0.061569
0.0956708
0.0781171
0.0836754
0.0137347
0.0243039
0.0678815
0.0641984
0.0746222
0.0743577
0.0365352
0.0615456
0.0559009
0.0995533
0.0813083
0.0801058
0.0802314
0.0506941
0.0687897
0.0888032
0.0741481
0.0588566
0.0479418
0.136775
0.105459
0.0985498
0.0323785
0.158076
0.0351958
0.153413
0.0923115
0.0185509
0.0305404
0.0484098
0.0861406
0.0152656
0.0409441
0.0484764
0.0423731
0.0788939
0.0530432
0.0907114
0.0514785
0.0183164
0.178641
0.00946372
0.0564398
0.0777277
0.103473
0.0870862
0.0924163
0.0530661
0.114795
0.200553
0.0686744
0.0338698
0.0594672
0.0761367
0.117476
0.0465578
0.0488194
0.0326519
0.0232786
0.231064
0.0237077
0.0766576
0.0586542
0.0461034
0.0851586
0.0512828
0.0909804
0.0372888
0.0183302
0.0727915
0.0242069
0.0544103
0.0212675
0.0599946
0.0382199
0.194581
0.0351566
0.14386
0.0864376
0.0744537
0.13693
0.0394709
0.09309
0.0407692
0.0870665
0.0472957
0.0171272
0.0302496
0.0364571
0.0436586
0.0165737
0.0495942
0.0203898
0.0810869
0.107495
0.0459751
0.0339184
0.0323589
0.0511694
0.0127873
0.10401
0.18624
0.0175935
0.0214529
0.0269085
0.107315
0.0377726
0.0513733
0.0698013
0.0607368
0.030543
0.0834977
0.0397505
0.0487632
0.018286
0.0302755
0.101055
0.0926925
0.0896507
0.110679
0.225353
0.0132851
0.0319574
0.021797
0.0237781
0.158738
0.101614
0.140114
0.0470946
0.0776747
0.0848613
0.033291
0.05641
0.0184969
0.0463977
0.0340819
0.0871989
0.0197377
0.0404449
0.0942081
0.0940351
0.0344318
0.090868
0.0302773
0.0462015
0.0348358
0.0359693
0.0417692
0.0546346
0.0669471
0.0229793
0.221304
0.103642
0.109237
0.0812127
0.0309793
0.123474
0.0785672
0.085533
0.0844333
0.0243648
0.201798
0.0766133
0.0315545
0.0184578
0.0530365
0.0592803
0.0301339
0.179273
0.0446753
0.0965657
0.0507394
0.0100924
0.0487964
0.0560563
0.037747
0.0773133
0.0339863
0.0548359
0.0778684
0.0186669
0.106695
0.171601
0.0124022
0.0493255
0.0128124
0.040458
0.0375041
0.0403263
0.00739417
0.00752426
0.0483553
0.0264008
0.0276482
0.0665291
0.0689862
0.0666437
0.062856
0.100266
0.00759265
0.142227
0.0232785
0.0219068
0.0345683
0.0366062
0.0340556
0.0308644
0.105325
0.0226869
0.0410155
0.0209981
0.0477481
0.102371
0.0468394
0.153291
0.0374673
0.0385598
0.0269908
0.0664857
0.104366
0.0907006
0.0859084
0.0598872
0.0622787
0.117058
0.0844549
0.0701758
0.0763761
0.083107
0.0202084
0.0998203
0.0305424
0.149906
0.0370127
0.0600388
0.0421783
0.0401948
0.0374428
0.0343644
0.141565
0.0223375
0.0556033
0.103729
0.00939614
0.0739404
0.0985969
0.0609427
0.0393457
0.070358
0.0643929
0.096948
0.0329916
0.0174803
0.080871
0.0849737
0.0469953
0.0719436
0.0255879
0.0382815
0.0501764
0.0534453
0.0134567
0.0548929
0.0703391
0.0975127
0.119062
0.0267173
0.0910798
0.0591493
0.0788839
0.0104244
0.0304361
0.0513306
0.064038
0.0719057
0.032326
0.0725503
0.0604028
0.0233428
0.145458
0.082399
0.164059
0.0221397
0.0464675
0.0605461
0.110896
0.0496186
0.031653
0.0818566
0.0618199
0.0111393
0.0974458
0.0855019
0.186652
0.0256726
0.153422
0.0392288
0.0189726
0.0713512
0.0503561
0.0309686
0.0413345
0.138274
0.0736697
0.0554572
0.134728
0.0238324
0.0716405
0.0780198
0.0355424
0.103234
0.0731171
0.0585628
0.0437275
0.151297
0.0786215
0.021405
0.0926991
0.0239283
0.146087
0.0750194
0.0897171
0.0680753
0.211776
0.0810206
0.0730285
0.120516
0.16752
0.0283001
0.0588321
0.0694598
0.167002
0.0608294
0.0455557
0.127139
0.0133105
0.0598111
0.0501215
0.0518121
0.0322893
0.0292824
0.0301896
0.0349384
0.0266977
0.207346
0.0244171
0.115382
0.0349226
0.0699058
0.0828834
0.10705
0.00788617
0.026893
0.060167
0.0228232
0.0815629
0.0334707
0.0188117
0.0197555
0.15146
0.0596826
0.0679402
0.0593581
0.146324
0.0153353
0.0455965
0.0402979
0.0489782
0.0614691
0.0676866
0.101838
0.0260098
0.0600349
0.0720696
0.0516267
0.0850823
0.0436381
0.0262095
0.08763
0.062272
0.0833345
0.0120283
0.0521698
0.0263626
0.192007
0.0393989
0.0188601
0.161289
0.0257149
0.0631109
0.116933
0.0410864
0.233692
0.010375
0.0426569
0.0560165
0.242042
0.0561544
0.0895993
0.0804968
0.0286238
0.0349053
0.0424457
0.0496245
0.126791
0.046028
0.0497327
0.0365085
0.121092
0.20297
0.0570572
0.0538539
0.00778206
0.0397478
0.0486584
0.0345865
0.0126284
0.0777465
0.0818776
0.0233378
0.417269
0.0744642
0.0749979
0.111345
0.0714439
0.155082
0.0308228
0.18407
0.118777
0.113045
0.235108
0.116244
0.124667
0.050388
0.0276887
0.059592
0.0884635
0.0600145
0.158854
0.0687742
0.0811141
0.144548
0.0352574
0.102133
0.0544345
0.0648949
0.110296
0.0434547
0.0431906
0.0394792
0.114435
0.0661762
0.0488344
0.187999
0.0746889
0.143736
0.126082
0.0641347
0.0883336
0.145154
0.0752465
0.124223
0.103968
0.225355
0.121114
0.12072
0.117553
0.0363056
0.0430089
0.0326975
0.0285183
0.105898
0.0387643
0.101119
0.132523
0.0617676
0.0592169
0.0448991
0.108671
0.107592
0.0501002
0.123705
0.0429432
0.175259
0.123952
0.062826
0.0928607
0.0256391
0.0239108
0.125241
0.188714
0.204369
0.0518084
0.0293006
0.0719289
0.0895014
0.146626
0.0639046
0.0531605
0.208867
0.0410566
0.0679029
0.0749338
0.0370719
0.0571569
0.0860071
0.192074
0.071912
0.0479202
0.0683657
0.0860244
0.234816
0.0530172
0.0390173
0.0634174
0.108975
0.0762653
0.150252
0.0581664
0.0686153
0.0568185
0.0822437
0.122907
0.114407
0.173756
0.139182
0.164535
0.182602
0.0901255
0.046879
0.0486483
0.189156
0.0707762
0.1851
0.0947556
0.199085
0.0521283
0.0589777
0.128958
0.0933176
0.101068
0.145457
0.0580004
0.033593
0.12818
0.0722793
0.0312081
0.105478
0.0512794
0.0288621
0.123996
0.134395
0.248748
0.0589523
0.0321566
0.163532
0.0389786
0.0219344
0.0973825
0.0853089
0.188759
0.0486776
0.0225134
0.0278011
0.0552028
0.102524
0.0735656
0.157007
0.0934213
0.175222
0.0560126
0.0859502
0.063702
0.0482751
0.142901
0.0454156
0.0245628
0.159267
0.0877756
0.127381
0.0606743
0.0577536
0.0653177
0.183721
0.132894
0.0746259
0.0996526
0.0846313
0.226336
0.0494876
0.0168112
0.185459
0.0386288
0.0342725
0.104271
0.0569809
0.140913
0.0651129
0.117419
0.0954812
0.0488785
0.0699322
0.0282423
0.165786
0.0590148
0.0525257
0.17952
0.082693
0.0894584
0.104776
0.236121
0.0603045
0.0755889
0.0223911
0.177723
0.101766
0.131556
0.13499
0.106481
0.0490403
0.127117
0.0256308
0.122205
0.0630848
0.0686634
0.0963764
0.0776454
0.0728476
0.0345258
0.0306594
0.129129
0.130396
0.0761152
0.0437629
0.223925
0.0402347
0.120819
0.0712944
0.131915
0.0230797
0.0641562
0.0968809
0.074405
0.216025
0.0729416
0.0992386
0.233757
0.0914074
0.0341162
0.0397453
0.043258
0.0242407
0.0676304
0.0151135
0.100163
0.038996
0.0377295
0.144252
0.111582
0.0308241
0.055533
0.0718625
0.0498832
0.151772
0.222354
0.0410583
0.118657
0.088699
0.0705098
0.130265
0.112301
0.172976
0.114674
0.0907033
0.0950167
0.133932
0.13045
0.0289382
0.0247844
0.0282224
0.114453
0.162964
0.201723
0.0850784
0.186654
0.0527401
0.122744
0.0809864
0.0460137
0.0738674
0.125108
0.0324483
0.127093
0.136159
0.0446192
0.113384
0.123048
0.0657226
0.144683
0.107615
0.0319051
0.0984382
0.175477
0.0922378
0.149512
0.0452917
0.116806
0.226683
0.211512
0.0615703
0.0855077
0.0701695
0.081791
0.0888935
0.11814
0.206142
0.0990541
0.0683039
0.0791256
0.181807
0.273571
0.089717
0.0907303
0.0939123
0.0597645
0.0707923
0.031004
0.0495613
0.163073
0.0399554
0.03331
0.0491308
0.217626
0.0473204
0.043713
0.102425
0.114755
0.101375
0.0730549
0.0959178
0.0505539
0.00930025
0.0979848
0.0464583
0.101642
0.123208
0.0305274
0.0265789
0.0492504
0.0579977
0.0596421
0.04626
0.102218
0.166692
0.0633622
0.105878
0.0485651
0.0865712
0.0213125
0.043769
0.0509441
0.116085
0.0861807
0.0305124
0.0436839
0.123929
0.0965168
0.145839
0.17439
0.0618898
0.0519318
0.0389361
0.0867489
0.0276376
0.099462
0.176965
0.0532865
0.0404788
0.0579607
0.0106398
0.20124
0.0697767
0.18008
0.119785
0.144674
0.131293
0.124682
0.163802
0.0833854
0.0560643
0.0745373
0.115927
0.26265
0.0379269
0.130502
0.0533866
0.119165
0.0660403
0.0603671
0.091798
0.157121
0.0401947
0.133587
0.141837
0.0422057
0.0388134
0.0438185
0.0782313
0.216218
0.0524444
0.0990514
0.189387
0.0380356
0.0226623
0.117427
0.129356
0.0967898
0.144892
0.213639
0.105478
0.0534421
0.120574
0.0553092
0.10631
0.0933531
0.202225
0.145937
0.0251856
0.0910275
0.0939582
0.184992
0.10841
0.0565533
0.203533
0.101181
0.0307601
0.173787
0.0446117
0.191667
0.0486881
0.0474041
0.121268
0.0691689
0.0878523
0.053445
0.125495
0.107995
0.170208
0.126545
0.119872
0.0925459
0.0469896
0.0805977
0.116285
0.0540617
0.203612
0.258677
0.127148
0.132508
0.0927568
0.0380089
0.126586
0.115701
0.0689341
0.0550525
0.0985923
0.147072
0.171274
0.0721113
0.0847794
0.0711816
0.0386633
0.101593
0.104573
0.0797458
0.0369322
0.0317462
0.165268
0.167111
0.0700538
0.233265
0.0544713
0.0353246
0.0524865
0.0508922
0.0287178
0.0708595
0.136473
0.0361638
0.0667777
0.0756943
0.082246
0.0468721
0.100093
0.033981
0.125217
0.0330715
0.0366455
0.0361307
0.0995009
0.0591365
0.0689646
0.0309841
0.0219826
0.0385752
0.0266214
0.0589136
0.0571669
0.150995
0.0459507
0.110111
0.0243302
0.11598
0.0486282
0.0373597
0.0755306
0.0608113
0.0727337
0.0914497
0.0797303
0.131491
0.212046
0.154141
0.143585
0.102732
0.0519479
0.131953
0.0424411
0.0429291
0.0292085
0.129932
0.290999
0.0504382
0.0855009
0.0983754
0.112583
0.0626561
0.051578
0.129584
0.133934
0.170399
0.0458488
0.0307651
0.230473
0.0431272
0.0533742
0.107619
0.119412
0.187895
0.0388717
0.172207
0.029704
0.179503
0.160164
0.0968404
0.146555
0.0718356
0.102426
0.0408945
0.0508819
0.0312568
0.0571681
0.0955677
0.098268
0.0804451
0.0471416
0.0480282
0.0261345
0.113646
0.164313
0.0761863
0.0602383
0.0654141
0.0548791
0.101283
0.06772
0.0413354
0.0522706
0.0486052
0.118695
0.0591193
0.0302276
0.0315459
0.101686
0.1262
0.0355288
0.115052
0.0645763
0.26064
0.0402316
0.0183042
0.161599
0.0507547
0.172209
0.0750096
0.0577749
0.159635
0.0380566
0.0649513
0.135866
0.158495
0.15546
0.0938698
0.170356
0.0365067
0.120358
0.08385
0.127998
0.111598
0.0853035
0.071161
0.139552
0.0726356
0.117332
0.0777901
0.162439
0.0712604
0.0689582
0.151255
0.0396717
0.102713
0.0657027
0.0971892
0.0568962
0.0487917
0.206014
0.0904906
0.0955038
0.0568087
0.0294355
0.0669549
0.0838115
0.0367411
0.0547134
0.0564576
0.0863462
0.12689
0.0563807
0.134509
0.131535
0.047055
0.0267319
0.098598
0.190716
0.0683271
0.126531
0.0799372
0.125107
0.120815
0.0243475
0.0612493
0.129839
0.0293871
0.0479393
0.0482176
0.0598753
0.168007
0.126219
0.118149
0.0526965
0.281702
0.191151
0.0690031
0.14861
0.0629694
0.0530408
0.068691
0.0365214
0.0420339
0.0463218
0.0262046
0.0821046
0.159534
0.0575052
0.112369
0.0216871
0.140198
0.0423865
0.0520318
0.0942649
0.557356
0.0801268
0.353032
0.175427
0.0667149
0.326095
0.0383152
0.100006
0.278517
0.0194565
0.0672734
0.0894462
0.167461
0.219192
0.357715
0.0913475
0.286918
0.0963584
0.0720561
0.273391
0.170605
0.102362
0.234257
0.248295
0.170098
0.0300566
0.117029
0.165463
0.15157
0.209351
0.135395
0.357299
0.245887
0.0836305
0.321385
0.206918
0.0106892
0.31415
0.260567
0.367867
0.314711
0.249986
0.182189
0.0479189
0.0861966
0.184453
0.290046
0.032066
0.141012
0.179871
0.184346
0.306775
0.125419
0.118593
0.221368
0.0352651
0.144563
0.0703035
0.359686
0.312745
0.171281
0.335821
0.400931
0.214327
0.336544
0.157583
0.192648
0.0908447
0.0733379
0.114576
0.0749161
0.279666
0.0284268
0.0652567
0.122362
0.213593
0.0476162
0.184731
0.152192
0.121677
0.124617
0.0497747
0.0960458
0.298346
0.203168
0.231839
0.132608
0.11168
0.364369
0.052501
0.131965
0.166411
0.147059
0.298835
0.188828
0.363033
0.157083
0.0395427
0.301018
0.052166
0.0872625
0.0505112
0.354462
0.0466854
0.143051
0.0810342
0.188707
0.174661
0.203553
0.0541038
0.14842
0.148662
0.391491
0.156749
0.0254576
0.123954
0.0860047
0.121622
0.102141
0.199556
0.089843
0.0866464
0.147135
0.20694
0.246342
0.355974
0.363517
0.34834
0.130336
0.195323
0.127034
0.154951
0.140264
0.0132245
0.250546
0.135999
0.0462773
0.235464
0.0697764
0.266815
0.210709
0.180884
0.151498
0.16008
0.118374
0.323338
0.24236
0.12095
0.172501
0.157216
0.205622
0.346602
0.107514
0.0628718
0.293758
0.235169
0.124231
0.245961
0.0476312
0.0991001
0.109573
0.103097
0.07338
0.243105
0.0848375
0.0649338
0.307275
0.137411
0.316544
0.134494
0.143279
0.336979
0.0503714
0.102511
0.326865
0.214154
0.149493
0.276539
0.14517
0.0816257
0.111926
0.116975
0.225213
0.156612
0.16127
0.123368
0.182901
0.23213
0.0185021
0.168149
0.262641
0.134962
0.121922
0.206498
0.331643
0.0572867
0.0487214
0.0105752
0.281579
0.113611
0.241887
0.302931
0.22921
0.164629
0.0253852
0.0482476
0.282661
0.0309844
0.091833
0.268239
0.31655
0.172147
0.137506
0.287176
0.12542
0.375402
0.0951065
0.147676
0.161314
0.0457024
0.190288
0.149062
0.0752905
0.207393
0.302004
0.287284
0.0870835
0.175457
0.155506
0.0369888
0.242315
0.137402
0.273201
0.0675913
0.224099
0.120496
0.0958707
0.283265
0.138389
0.127804
0.0126015
0.149201
0.0492388
0.050288
0.259485
0.187417
0.0960547
0.30218
0.144243
0.319471
0.253875
0.208689
0.323479
0.108148
0.123394
0.0851541
0.219171
0.357864
0.0908105
0.223633
0.271458
0.370807
0.271826
0.0281571
0.169196
0.0958109
0.166996
0.102899
0.159531
0.100623
0.184736
0.123791
0.171388
0.361329
0.168844
0.0723073
0.189314
0.120709
0.0150164
0.235413
0.166358
0.26162
0.299122
0.0721032
0.137539
0.0694203
0.12785
0.117155
0.0438061
0.154967
0.17952
0.0711024
0.161025
0.0444557
0.130154
0.279906
0.113652
0.148551
0.1822
0.192407
0.0996506
0.226583
0.289171
0.0648525
0.110588
0.0962519
0.252491
0.145727
0.209803
0.354749
0.36301
0.277612
0.0347121
0.284177
0.247709
0.14359
0.0512323
0.372938
0.219913
0.0237889
0.199072
0.0984681
0.322722
0.264368
0.154146
0.0511024
0.16557
0.175002
0.0234447
0.335256
0.0970601
0.299048
0.188898
0.0834138
0.227048
0.292763
0.21579
0.219318
0.072004
0.310435
0.237437
0.137553
0.215888
0.00669669
0.116235
0.136351
0.0959969
0.293528
0.049691
0.145322
0.115605
0.165223
0.227628
0.205839
0.111528
0.194986
0.170149
0.277281
0.16304
0.192285
0.115444
0.0848215
0.25712
0.156223
0.0961498
0.123427
0.0632773
0.220159
0.0474017
0.0909342
0.157466
0.209301
0.129634
0.190759
0.278736
0.0438534
0.276225
0.164956
0.0509881
0.267565
0.217617
0.108939
0.0249425
0.0927599
0.0860304
0.289936
0.106852
0.149045
0.305389
0.0563375
0.0282397
0.0995806
0.168233
0.147613
0.0810928
0.243555
0.213963
0.045702
0.0787937
0.0444247
0.081859
0.283251
0.231953
0.104088
0.291867
0.171498
0.13261
0.167075
0.263931
0.216971
0.232516
0.126937
0.221105
0.179584
0.0263794
0.17848
0.076288
0.313613
0.185293
0.195997
0.118766
0.0708634
0.0840664
0.178613
0.214897
0.201774
0.166149
0.296111
0.302132
0.118869
0.0708082
0.110678
0.199502
0.31142
0.111356
0.0413337
0.303728
0.27495
0.146583
0.0934025
0.371871
0.0733907
0.127564
0.0629665
0.0640139
0.201832
0.0887301
0.186827
0.0349094
0.174199
0.0400068
0.30042
0.116365
0.192789
0.258769
0.141098
0.138748
0.248941
0.10718
0.183465
0.224477
0.2688
0.187771
0.0887127
0.199249
0.159011
0.185718
0.234324
0.330763
0.36864
0.260964
0.136771
0.0996341
0.183367
0.181097
0.0812474
0.147295
0.265387
0.0303913
0.140822
0.304741
0.0578415
0.112066
0.177353
0.153577
0.0894603
0.23645
0.276357
0.158798
0.0387766
0.0222286
0.197602
0.268692
0.176758
0.137189
0.124532
0.178724
0.037133
0.209092
0.226287
0.287016
0.0744376
0.281988
0.105702
0.0950093
0.238259
0.112412
0.128434
0.135518
0.0825038
0.299689
0.23631
0.0261138
0.107371
0.090399
0.0562635
0.199844
0.38749
0.0881502
0.152905
0.162442
0.258749
0.0824806
0.0889984
0.138049
0.181225
0.273582
0.0931714
0.0929827
0.134511
0.0395341
0.14719
0.0564692
0.285961
0.379106
0.250368
0.221063
0.137511
0.361562
0.267343
0.103773
0.291096
0.134902
0.17636
0.265233
0.0417259
0.205911
0.121867
0.155841
0.200055
0.052085
0.300942
0.248791
0.0869741
0.0180254
0.164851
0.146982
0.0954725
0.145931
0.0424969
0.0817665
0.114933
0.0439159
0.269937
0.0531449
0.184127
0.228145
0.22615
0.080514
0.255977
0.0934337
0.0365523
0.104487
0.271465
0.0487807
0.10005
0.132837
0.0524281
0.25323
0.335992
0.21895
0.349526
0.342547
0.134979
0.20048
0.199231
0.123051
0.145655
0.359457
0.26092
0.0939764
0.279506
0.268459
0.296253
0.133365
0.228008
0.06638
0.0301766
0.293652
0.0575755
0.114667
0.0904278
0.0355821
0.340843
0.210871
0.18834
0.0661506
0.168587
0.202392
0.184181
0.329053
0.36323
0.208789
0.117201
0.153412
0.196895
0.0251833
0.200159
0.0959963
0.181743
0.161562
0.395523
0.164028
0.0513782
0.0434715
0.0598775
0.219599
0.17801
0.116311
0.266382
