0.322504
0.124147
0.163141
0.184037
0.108828
0.178289
0.17084
0.119901
0.151161
0.16453
0.166239
0.175108
0.168752
0.150586
0.145008
0.174971
0.116627
0.109095
0.165104
0.174176
0.115739
0.272233
0.159692
0.171509
0.155577
0.13978
0.209787
0.109754
0.150851
0.286297
0.165708
0.126931
0.17681
0.220521
0.179745
0.223916
0.157935
0.149917
0.154509
0.100658
0.16124
0.203614
0.173552
0.15983
0.141951
0.213427
0.150542
0.16503
0.17509
0.240101
0.16455
0.149232
0.103885
0.107175
0.115263
0.186551
0.204768
0.270756
0.145347
0.151504
0.225715
0.207115
0.193001
0.191919
0.127446
0.122425
0.150387
0.125495
0.0907304
0.196078
0.144667
0.124011
0.128735
0.195616
0.276233
0.142352
0.140561
0.197809
0.14431
0.194267
0.154379
0.195729
0.179688
0.146903
0.167195
0.123029
0.124436
0.165568
0.137633
0.141645
0.137772
0.226624
0.234632
0.165652
0.177219
0.198344
0.197225
0.146764
0.181764
0.191516
0.215792
0.147008
0.169554
0.28032
0.139246
0.196361
0.165468
0.205655
0.102832
0.15816
0.126784
0.177449
0.145455
0.169259
0.170958
0.23826
0.14222
0.131528
0.110865
0.139474
0.151064
0.17457
0.155655
0.211035
0.146698
0.137916
0.106497
0.162151
0.16837
0.128527
0.160395
0.15338
0.15029
0.199388
0.152147
0.259496
0.159614
0.153272
0.13036
0.199698
0.16321
0.193755
0.129308
0.225845
0.172066
0.178939
0.116554
0.144748
0.100266
0.16556
0.217725
0.285729
0.104988
0.229263
0.210401
0.149639
0.143
0.173114
0.20481
0.16846
0.197154
0.238199
0.220149
0.143504
0.160535
0.151276
0.127335
0.156071
0.189598
0.154323
0.202914
0.192793
0.159069
0.137084
0.198856
0.122037
0.113037
0.190766
0.193562
0.159504
0.130902
0.184946
0.128712
0.159161
0.22189
0.120191
0.150258
0.146756
0.203289
0.134216
0.145294
0.0904328
0.173186
0.16342
0.163034
0.204996
0.270042
0.175104
0.156282
0.161671
0.254193
0.165688
0.133489
0.19333
0.228537
0.164301
0.115352
0.182325
0.149692
0.212025
0.125792
0.154745
0.147032
0.13263
0.183027
0.16711
0.196695
0.26761
0.161389
0.233915
0.213494
0.246766
0.15808
0.193922
0.244902
0.281181
0.205404
0.212864
0.170019
0.154569
0.128758
0.187446
0.101517
0.182933
0.146025
0.179036
0.166951
0.215692
0.193162
0.12982
0.180046
0.123117
0.163812
0.159122
0.158108
0.166167
0.135183
0.203644
0.141456
0.208751
0.141151
0.153657
0.224355
0.141702
0.171878
0.115329
0.195138
0.230636
0.155777
0.118949
0.192537
0.179575
0.154267
0.205249
0.278006
0.115958
0.210632
0.190333
0.181487
0.183921
0.193187
0.180819
0.176568
0.121342
0.14137
0.155283
0.112704
0.217601
0.160644
0.203278
0.133103
0.177862
0.148836
0.170206
0.202976
0.207714
0.169532
0.246422
0.178735
0.133285
0.237504
0.174315
0.208145
0.107817
0.138563
0.215642
0.19296
0.0941708
0.187865
0.120787
0.158141
0.124953
0.114995
0.181779
0.278936
0.13706
0.145344
0.1821
0.270449
0.131222
0.246734
0.197481
0.203174
0.17442
0.125721
0.11811
0.188905
0.177199
0.119321
0.167158
0.126817
0.0992141
0.178792
0.0951239
0.174416
0.156097
0.14793
0.168116
0.144376
0.114767
0.194689
0.128632
0.162891
0.131054
0.178995
0.225138
0.0763188
0.156119
0.186858
0.139766
0.118886
0.220215
0.134128
0.169552
0.142253
0.176846
0.289517
0.207929
0.145609
0.139521
0.183028
0.18791
0.0824
0.182567
0.167007
0.171364
0.124371
0.10092
0.161236
0.238978
0.168115
0.154557
0.11347
0.203033
0.187081
0.104342
0.14743
0.137088
0.140381
0.20079
0.12038
0.135685
0.15336
0.177949
0.177396
0.144672
0.11531
0.256179
0.20292
0.200005
0.133807
0.129247
0.127699
0.174091
0.156482
0.226339
0.107899
0.126095
0.21063
0.195594
0.143918
0.127963
0.174633
0.158172
0.140087
0.162285
0.152672
0.189563
0.199683
0.142562
0.142617
0.161312
0.182293
0.188872
0.119886
0.143832
0.130814
0.190065
0.203425
0.186566
0.268794
0.15122
0.194308
0.203527
0.169575
0.11385
0.227992
0.140005
0.243828
0.202979
0.199979
0.198323
0.184819
0.167999
0.220968
0.192946
0.143841
0.166082
0.167924
0.206824
0.138619
0.248607
0.171601
0.151753
0.140419
0.167346
0.15757
0.132948
0.134816
0.161599
0.233721
0.254093
0.150387
0.224529
0.193714
0.189134
0.176894
0.133897
0.0836837
0.170717
0.146663
0.20313
0.193936
0.201297
0.146181
0.115085
0.107996
0.140772
0.142969
0.21851
0.183224
0.139553
0.120922
0.268584
0.226786
0.163877
0.213009
0.164234
0.135398
0.164191
0.211558
0.175451
0.142017
0.136073
0.124917
0.16168
0.177232
0.190843
0.122112
0.132653
0.109808
0.219735
0.202109
0.117597
0.13692
0.184935
0.219393
0.21984
0.25757
0.20644
0.170584
0.142202
0.175683
0.196377
0.140255
0.209013
0.190468
0.237663
0.128757
0.275099
0.139428
0.432001
0.131138
0.197916
0.148787
0.145432
0.241781
0.205804
0.140078
0.136243
0.199591
0.116749
0.210879
0.193659
0.271275
0.171066
0.186443
0.233076
0.164681
0.245728
0.292419
0.223323
0.180888
0.174153
0.137304
0.221932
0.169407
0.0976305
0.096724
0.132139
0.163877
0.149401
0.159669
0.245022
0.276462
0.175577
0.203356
0.220168
0.180526
0.224954
0.22185
0.311136
0.187019
0.202136
0.217142
0.144778
0.143793
0.250269
0.105823
0.17582
0.229413
0.145885
0.148276
0.118512
0.211281
0.140803
0.138805
0.243605
0.256919
0.244696
0.229832
0.174367
0.214945
0.249322
0.143292
0.256787
0.294082
0.24249
0.153239
0.1345
0.134007
0.188435
0.156051
0.120151
0.208548
0.246329
0.18967
0.203467
0.165432
0.240877
0.108129
0.143813
0.143497
0.238925
0.155417
0.21613
0.121552
0.119619
0.160237
0.206285
0.145544
0.113826
0.216667
0.121597
0.186336
0.135384
0.143528
0.161821
0.198667
0.201895
0.247691
0.166471
0.17896
0.144775
0.173253
0.168573
0.166668
0.113813
0.209564
0.233087
0.175726
0.191429
0.115964
0.176294
0.176139
0.232263
0.15326
0.112231
0.197754
0.146304
0.162296
0.252813
0.186487
0.179117
0.194143
0.13909
0.192973
0.121098
0.168232
0.0958857
0.178904
0.127797
0.173487
0.192429
0.167379
0.246351
0.12397
0.124004
0.14213
0.131717
0.229186
0.111919
0.230757
0.149416
0.12501
0.118014
0.168875
0.151961
0.180126
0.114509
0.126652
0.183566
0.24212
0.148955
0.179168
0.135415
0.208596
0.127226
0.224261
0.156368
0.198087
0.163305
0.247888
0.199125
0.214867
0.226131
0.0965756
0.243456
0.117894
0.194047
0.17283
0.132534
0.210266
0.0974271
0.216418
0.247406
0.145546
0.0966504
0.106872
0.156216
0.279103
0.179693
0.160393
0.262633
0.187729
0.181041
0.176395
0.193172
0.184115
0.198241
0.221932
0.140072
0.183889
0.199812
0.264729
0.118829
0.174132
0.115672
0.108317
0.185051
0.139859
0.222756
0.25422
0.160522
0.156967
0.190544
0.220796
0.277864
0.204147
0.221129
0.116765
0.226985
0.0961765
0.142256
0.172476
0.187964
0.192937
0.17689
0.164229
0.202394
0.215727
0.19572
0.220377
0.298542
0.136925
0.11685
0.17205
0.230247
0.151627
0.204627
0.0919638
0.247218
0.165786
0.133822
0.267903
0.136305
0.119409
0.127693
0.112066
0.126709
0.164398
0.209206
0.229373
0.112321
0.151321
0.160322
0.161577
0.123972
0.180966
0.121914
0.151452
0.198463
0.177093
0.235548
0.187981
0.197189
0.240185
0.113585
0.155694
0.163767
0.0946932
0.110648
0.250824
0.144721
0.188195
0.175427
0.218955
0.208611
0.224146
0.177429
0.253732
0.189529
0.232536
0.295046
0.146438
0.154812
0.163232
0.205677
0.127186
0.163178
0.128467
0.0975604
0.192427
0.236028
0.137746
0.201816
0.243522
0.178172
0.184602
0.1642
0.1346
0.137533
0.164901
0.105521
0.150322
0.123868
0.192797
0.142739
0.178483
0.15641
0.305273
0.150625
0.219563
0.19868
0.221602
0.208613
0.206148
0.229665
0.201279
0.141258
0.234467
0.170583
0.113598
0.271071
0.213174
0.1644
0.19711
0.209473
0.144718
0.197966
0.164446
0.184918
0.243816
0.123316
0.13012
0.112208
0.180655
0.157074
0.326426
0.137421
0.150506
0.169674
0.272479
0.15979
0.194052
0.138031
0.176272
0.185747
0.137076
0.207894
0.231174
0.220904
0.190143
0.234986
0.132015
0.15743
0.167057
0.128352
0.126489
0.167345
0.157748
0.15561
0.241908
0.193892
0.154015
0.171005
0.130361
0.157879
0.215914
0.175137
0.106993
0.146997
0.211801
0.26287
0.158207
0.215646
0.178516
0.197901
0.15761
0.22782
0.160246
0.169426
0.242824
0.164364
0.217126
0.213815
0.214323
0.17592
0.130373
0.197698
0.185884
0.191818
0.170283
0.137477
0.250179
0.104128
0.201921
0.160041
0.129525
0.253051
0.201651
0.175725
0.143247
0.245428
0.193395
0.131248
0.195819
0.2868
0.159392
0.136113
0.205134
0.136093
0.19395
0.197903
0.222487
0.216955
0.128576
0.226201
0.136023
0.271193
0.18286
0.193621
0.152437
0.204359
0.130022
0.134708
0.136077
0.173816
0.227274
0.239714
0.274347
0.2322
0.193365
0.166535
0.205694
0.201348
0.224768
0.137542
0.255571
0.104578
0.144316
0.219727
0.102473
0.126971
0.264113
0.106828
0.143195
0.180814
0.190063
0.174379
0.179972
0.212031
0.163767
0.25645
0.154067
0.176003
0.273237
0.179456
0.156184
0.137175
0.114887
0.181799
0.240826
0.206149
0.163705
0.142832
0.190025
0.164665
0.166169
0.18212
0.142245
0.24612
0.200822
0.130451
0.251119
0.148213
0.204821
0.163375
0.192102
0.158134
0.106902
0.290979
0.112323
0.182341
0.142843
0.214326
0.183914
0.151654
0.158675
0.237587
0.0751075
0.207284
0.315282
0.218354
0.153303
0.269752
0.209479
0.194599
0.14893
0.163571
0.146509
0.249043
0.167463
0.139678
0.120649
0.112336
0.269144
0.125716
0.285223
0.112805
0.274387
0.427948
0.259123
0.269722
0.164045
0.172955
0.177378
0.166567
0.181666
0.258378
0.256636
0.189265
0.271305
0.243027
0.190981
0.213508
0.262089
0.242015
0.184109
0.184169
0.245366
0.226809
0.19193
0.184268
0.217948
0.233939
0.137013
0.215884
0.188272
0.19262
0.164055
0.188896
0.152189
0.261026
0.191416
0.260841
0.140684
0.216227
0.220036
0.283933
0.267935
0.242974
0.223174
0.182906
0.275479
0.24624
0.250199
0.213005
0.253457
0.202654
0.265755
0.241703
0.240036
0.268105
0.228523
0.178413
0.158063
0.157847
0.239892
0.169323
0.256027
0.193355
0.240907
0.15762
0.282542
0.170438
0.171101
0.173263
0.282793
0.237013
0.183048
0.283938
0.165046
0.129795
0.208647
0.177919
0.222588
0.175151
0.155343
0.182238
0.151202
0.231505
0.148185
0.229747
0.164892
0.186796
0.202784
0.161382
0.190448
0.210365
0.120978
0.194911
0.271259
0.25284
0.154217
0.164221
0.142841
0.178732
0.160035
0.13607
0.200515
0.174167
0.130606
0.150997
0.239561
0.248697
0.22278
0.209352
0.165002
0.231777
0.273396
0.270449
0.140417
0.166813
0.189357
0.166925
0.134504
0.207583
0.196103
0.311608
0.190664
0.223486
0.233872
0.15948
0.263579
0.245798
0.212117
0.258379
0.16601
0.164358
0.19992
0.215878
0.198025
0.154465
0.277525
0.311764
0.228997
0.221421
0.194939
0.110772
0.255632
0.162447
0.228433
0.202933
0.153537
0.191461
0.183911
0.165357
0.127917
0.149945
0.165264
0.251775
0.153448
0.14144
0.135257
0.191194
0.309698
0.159889
0.228342
0.160392
0.19024
0.141349
0.198849
0.130971
0.137304
0.22431
0.162602
0.185967
0.212393
0.207003
0.247496
0.132131
0.176983
0.177875
0.200974
0.337872
0.226188
0.218202
0.309373
0.226669
0.197852
0.195729
0.202356
0.203328
0.296588
0.246165
0.293482
0.278874
0.177401
0.140704
0.208014
0.209384
0.151994
0.217575
0.243834
0.186143
0.200709
0.188111
0.254119
0.166012
0.280584
0.192915
0.249242
0.175549
0.155549
0.204709
0.242112
0.143781
0.18128
0.205291
0.208457
0.148419
0.240082
0.157936
0.195325
0.171308
0.183252
0.161287
0.147009
0.240897
0.186315
0.327387
0.20913
0.231958
0.166101
0.212067
0.211838
0.177002
0.109344
0.234128
0.149856
0.204278
0.218073
0.232656
0.198112
0.205855
0.154073
0.224229
0.22893
0.211588
0.206883
0.159796
0.197194
0.202239
0.210943
0.204818
0.164772
0.141258
0.138306
0.244278
0.187168
0.29995
0.163681
0.227939
0.227997
0.173636
0.115774
0.168215
0.200401
0.184097
0.188338
0.257362
0.161403
0.16686
0.131768
0.154512
0.164121
0.176025
0.153632
0.322196
0.181707
0.203623
0.172642
0.201353
0.206826
0.202061
0.219091
0.220115
0.191936
0.163653
0.156118
0.255334
0.166757
0.338136
0.181337
0.179137
0.159658
0.185423
0.162771
0.242484
0.198659
0.18607
0.167929
0.299122
0.240883
0.154582
0.193186
0.183537
0.242885
0.182877
0.271812
0.180909
0.18623
0.158518
0.187523
0.168061
0.198101
0.206554
0.155028
0.309715
0.231384
0.24665
0.206005
0.185695
0.167392
0.148882
0.131342
0.290241
0.232643
0.175518
0.147823
0.178953
0.166653
0.163434
0.156635
0.183612
0.184451
0.184464
0.212211
0.189467
0.164017
0.122691
0.3456
0.251935
0.169777
0.21993
0.244188
0.22558
0.222576
0.148841
0.162147
0.145288
0.306228
0.162804
0.22024
0.250216
0.198216
0.194802
0.220072
0.155362
0.193565
0.253509
0.290923
0.150973
0.205529
0.239507
0.17407
0.156994
0.196241
0.167305
0.137222
0.21708
0.110627
0.170405
0.196765
0.139061
0.181706
0.218243
0.252779
0.17382
0.245688
0.231369
0.225621
0.200291
0.217381
0.256673
0.140195
0.177693
0.282957
0.190232
0.165338
0.108897
0.236192
0.181047
0.189911
0.18599
0.225272
0.165283
0.128279
0.179094
0.222949
0.230797
0.292426
0.149526
0.146395
0.181652
0.205053
0.29959
0.197393
0.161709
0.26622
0.15533
0.226662
0.22669
0.196579
0.203621
0.193801
0.175236
0.271522
0.238539
0.219642
0.196017
0.195977
0.179752
0.261374
0.150243
0.154145
0.233082
0.141345
0.179093
0.156393
0.189114
0.251818
0.201211
0.166025
0.179776
0.109718
0.211913
0.204805
0.144356
0.286788
0.219137
0.144189
0.249853
0.152334
0.189048
0.203336
0.233052
0.172831
0.138138
0.156525
0.20029
0.144874
0.191963
0.199898
0.150857
0.16314
0.210319
0.197004
0.172331
0.103596
0.171116
0.184906
0.193387
0.19718
0.200968
0.248153
0.212593
0.174283
0.124832
0.177852
0.150399
0.174294
0.200465
0.202577
0.17437
0.187307
0.191046
0.228768
0.17075
0.166031
0.17521
0.209757
0.301501
0.198953
0.196225
0.201951
0.215039
0.153539
0.164037
0.226075
0.192735
0.252515
0.201163
0.209983
0.1764
0.185469
0.173336
0.248413
0.184862
0.194624
0.18409
0.178852
0.196933
0.122971
0.201163
0.193573
0.17664
0.162532
0.186191
0.17306
0.180197
0.242107
0.319337
0.319124
0.268138
0.277318
0.181454
0.166221
0.228972
0.21928
0.336338
0.269318
0.278392
0.337381
0.29802
0.156189
0.262925
0.284984
0.257
0.281187
0.248104
0.260597
0.289562
0.321169
0.26617
0.28919
0.221509
0.210633
0.175694
0.291657
0.310655
0.156899
0.335242
0.247867
0.321882
0.301204
0.2728
0.235052
0.271132
0.328689
0.308135
0.237476
0.264274
0.293709
0.229846
0.209928
0.294485
0.348758
0.349256
0.26547
0.3019
0.148266
0.145379
0.282238
0.312831
0.299946
0.335873
0.285328
0.333141
0.22236
0.269927
0.235621
0.30388
0.341703
0.18714
0.291737
0.254792
0.181878
0.235769
0.238181
0.273329
0.223976
0.152448
0.283817
0.201013
0.240589
0.167879
0.220608
0.25882
0.334849
0.24195
0.223543
0.247784
0.271691
0.350191
0.343713
0.310156
0.301973
0.243064
0.179091
0.273833
0.229817
0.23704
0.283451
0.314357
0.218091
0.304064
0.30072
0.338149
0.306849
0.207457
0.165741
0.286486
0.236808
0.286121
0.188397
0.20946
0.18316
0.297434
0.325617
0.307376
0.329436
0.258365
0.24377
0.248797
0.229027
0.239284
0.337365
0.287367
0.171168
0.291874
0.300987
0.234849
0.225725
0.270929
0.359452
0.245039
0.306851
0.281804
0.307664
0.282733
0.214917
0.284203
0.283111
0.248684
0.319056
0.268344
0.264428
0.226718
0.227638
0.290475
0.318064
0.167438
0.280609
0.325641
0.258114
0.257122
0.269487
0.193931
0.181717
0.272118
0.217187
0.294313
0.176327
0.275207
0.318609
0.263554
0.243937
0.373194
0.250235
0.272276
0.332155
0.243591
0.34315
0.265296
0.328316
0.189059
0.267829
0.312235
0.342522
0.219276
0.250666
0.323467
0.272461
0.269504
0.182814
0.30955
0.308483
0.226391
0.319109
0.294102
0.187276
0.229872
0.25803
0.198863
0.249712
0.235001
0.19339
0.30825
0.289886
0.253567
0.266293
0.218008
0.138893
0.316102
0.312058
0.296453
0.163768
0.292162
0.28739
0.305952
0.253716
0.217605
0.306189
0.120309
0.346328
0.241283
0.204017
0.160507
0.251853
0.298592
0.254671
0.244456
0.1818
0.166236
0.206785
0.259898
0.313937
0.225606
0.348121
0.281224
0.160772
0.289241
0.297258
0.256928
0.215375
0.298717
0.223179
0.187578
0.263618
0.27023
0.215296
0.190214
0.334721
0.295071
0.255813
0.297522
0.23837
0.212239
0.249346
0.281674
0.220259
0.238499
0.218796
0.275244
0.245827
0.22254
0.274658
0.315029
0.197418
0.164606
0.316038
0.207717
0.278382
0.315608
0.231824
0.247153
0.21093
0.316095
0.262538
0.238662
0.353242
0.288692
0.148493
0.297925
0.234619
0.292541
0.27372
0.31086
0.322329
0.285635
0.273941
0.292532
0.278281
0.253103
0.1595
0.146755
0.286342
0.190482
0.297221
0.300114
0.14689
0.191867
0.197749
0.296809
0.205333
0.253791
0.246305
0.33671
0.276305
0.291001
0.242111
0.315053
0.301179
0.314672
0.293325
0.283297
0.132409
0.234968
0.328718
0.207856
0.351059
0.270265
0.235569
0.11696
0.236615
0.263622
0.299455
0.175924
0.168546
0.0891999
0.305981
0.237835
0.19646
0.191287
0.329781
0.287116
0.166215
0.228709
0.186452
0.311844
0.271588
0.29054
0.351864
0.124115
0.172853
0.237086
0.30923
0.206603
0.275667
0.320534
0.318032
0.213204
0.285587
0.255857
0.297587
0.324801
0.172092
0.275511
0.305008
0.254626
0.227389
0.246511
0.26897
0.195131
0.25698
0.300653
0.291112
0.341285
0.256809
0.199427
0.289779
0.286817
0.262975
0.227519
0.287899
0.245715
0.223752
0.265054
0.277341
0.340957
0.239015
0.310332
0.222532
0.291468
0.28133
0.333155
0.305913
0.229634
0.305047
0.365029
0.284776
0.313184
0.335633
0.271281
0.258763
0.279743
0.243636
0.188899
0.323999
0.285711
0.271879
0.328235
0.213714
0.317553
0.202316
0.266922
0.215481
0.325381
0.172748
0.312367
0.316443
0.147636
0.304018
0.357061
0.282642
0.267135
0.224182
0.32941
0.172835
0.245339
0.195992
0.215649
0.246042
0.356279
0.257226
0.261942
0.333235
0.238381
0.170526
0.23663
0.311047
0.269808
0.306693
0.373153
0.24119
0.270255
0.197854
0.314316
0.359685
0.266755
0.306096
0.300843
0.174078
0.352258
0.304894
0.318217
0.262379
0.277156
0.288153
0.330812
0.206358
0.365275
0.257001
0.275229
0.269205
0.29848
0.285861
0.260624
0.139019
0.268049
0.292283
0.343245
0.226771
0.243031
0.291683
0.216153
0.270357
0.318375
0.234966
0.327715
0.258242
0.285232
0.309563
0.297413
0.308922
0.313529
0.258261
0.24804
0.349825
0.267376
0.302069
0.293469
0.26727
0.259976
0.310014
0.2698
0.339369
0.309152
0.350996
0.302044
0.304714
0.344138
0.304649
0.242263
0.291265
0.328487
0.161386
0.227649
0.192559
0.268898
0.177088
0.200208
0.266395
0.258145
0.351597
0.27371
0.247433
0.287064
0.212238
0.322444
0.161215
0.270755
0.222791
0.304717
0.305936
0.281374
0.363421
0.205654
0.196336
0.257978
0.36068
0.437471
0.338734
0.424833
0.436689
0.414119
0.453936
0.413545
0.265604
0.239588
0.391046
0.268143
0.309758
0.396377
0.468523
0.245897
0.449335
0.38212
0.466027
0.401914
0.310896
0.411365
0.237682
0.386333
0.242153
0.435127
0.35776
0.406266
0.129029
0.262533
0.463575
0.400982
0.38515
0.440012
0.484541
0.242584
0.422411
0.445841
0.198001
0.409288
0.200445
0.205686
0.415205
0.359719
0.484821
0.441955
0.394048
0.23944
0.287356
0.400307
0.368879
0.445887
0.219794
0.440548
0.399926
0.328248
0.365755
0.187055
0.409841
0.4125
0.240271
0.378627
0.31501
0.420465
0.381546
0.416123
0.439236
0.14719
0.422503
0.205447
0.430583
0.198376
0.298269
0.317131
0.353233
0.377771
0.469304
0.372868
0.396887
0.385317
0.361064
0.439341
0.437789
0.368984
0.21072
0.251649
0.424084
0.245747
0.199726
0.324169
0.388143
0.413812
0.230703
0.41256
0.376346
0.385064
0.45483
0.195513
0.42909
0.264659
0.293353
0.25025
0.354249
0.361223
0.455872
0.377419
0.226343
0.348253
0.452316
0.439027
0.432639
0.372121
0.342498
0.458446
0.206651
0.384382
0.214545
0.377842
0.413403
0.412463
0.381452
0.351544
0.416328
0.252733
0.149524
0.453714
0.322928
0.337404
0.330643
0.203168
0.456084
0.382722
0.40552
0.226305
0.384835
0.387076
0.332025
0.414379
0.396865
0.360963
0.428199
0.406388
0.464144
0.420113
0.19704
0.128052
0.376944
0.464755
0.379172
0.427125
0.246795
0.190135
0.2447
0.43704
0.155562
0.392792
0.383848
0.384339
0.399977
0.394122
0.206257
0.319967
0.38671
0.353472
0.342551
0.405278
0.216112
0.419815
0.456842
0.355902
0.389182
0.242629
0.419991
0.318223
0.257862
0.359138
0.429615
0.252632
0.350603
0.360878
0.223073
0.360956
0.444761
0.204033
0.427976
0.366995
0.418475
0.426071
0.422697
0.238547
0.134455
0.406802
0.417234
0.356271
0.391088
0.405537
0.449596
0.403173
0.418352
0.269681
0.355505
0.419254
0.371395
0.32978
0.302647
0.200259
0.411629
0.433876
0.380251
0.220195
0.391612
0.40597
0.439985
0.491555
0.454026
0.46808
0.276994
0.23532
0.404686
0.344363
0.417171
0.232377
0.344948
0.411894
0.383209
0.44601
0.432134
0.389622
0.387207
0.370094
0.364308
0.364506
0.276421
0.242967
0.288785
0.413485
0.388736
0.418303
0.452751
0.49362
0.454276
0.466892
0.413372
0.415432
0.212337
0.397479
0.253317
0.317744
0.497836
0.188992
0.278136
0.338833
0.367343
0.361185
0.278143
0.38759
0.315198
0.448197
0.332182
0.331376
0.356645
0.418252
0.365269
0.400279
0.23289
0.341674
0.335287
0.424748
0.41951
0.323795
0.446731
0.37444
0.331781
0.310691
0.325499
0.363499
0.421151
0.335535
0.214215
0.4148
0.419938
0.425642
0.416135
0.413431
0.445603
0.404459
0.435573
0.229096
0.442153
0.367134
0.339014
0.431996
0.39033
0.252353
0.39226
0.378032
0.447521
0.451368
0.329624
0.126876
0.412579
0.467588
0.299404
0.340402
0.300431
0.32255
0.34321
0.346304
0.206087
0.282526
0.283387
0.17774
0.11425
0.367853
0.297401
0.333527
0.270059
0.307096
0.199681
0.321382
0.311609
0.243187
0.298396
0.325339
0.23213
0.372332
0.356384
0.236972
0.265599
0.24544
0.289725
0.327982
0.275835
0.232936
0.208252
0.258699
0.277259
0.277792
0.255272
0.286037
0.30224
0.210277
0.329108
0.230896
0.263258
0.244119
0.244042
0.306704
0.309231
0.183976
0.258208
0.303792
0.335113
0.147808
0.309447
0.315385
0.331667
0.304763
0.206067
0.311147
0.303713
0.225615
0.372144
0.29595
0.20514
0.063687
0.286784
0.301189
0.306777
0.336831
0.315863
0.178368
0.343501
0.331157
0.242411
0.319014
0.338783
0.365506
0.305068
0.322605
0.261216
0.296453
0.317284
0.236407
0.345436
0.327447
0.317439
0.318056
0.267462
0.23701
0.307796
0.348785
0.282923
0.13625
0.346719
0.257565
0.299776
0.326267
0.206383
0.265867
0.288883
0.286336
0.13743
0.151835
0.269013
0.346557
0.250515
0.260211
0.291745
0.194369
0.350181
0.35554
0.346115
0.336798
0.325543
0.313085
0.343804
0.35518
0.281248
0.328014
0.324565
0.15363
0.31179
0.317609
0.343612
0.272471
0.326452
0.278602
0.313211
0.302377
0.280505
0.290056
0.317126
0.198103
0.278016
0.16642
0.32071
0.290342
0.136065
0.212332
0.281868
0.270994
0.249448
0.268935
0.319203
0.277393
0.197158
0.224907
0.337047
0.307546
0.168537
0.262672
0.309963
0.37847
0.323168
0.308275
0.339
0.333786
0.319273
0.380216
0.255385
0.269194
0.214436
0.285983
0.20009
0.314517
0.342739
0.316741
0.265837
0.324684
0.33758
0.208426
0.296506
0.331888
0.230175
0.232473
0.279442
0.312024
0.254577
0.315687
0.2612
0.334777
0.300125
0.238318
0.249842
0.312611
0.312546
0.304407
0.321136
0.331938
0.306158
0.254673
0.168538
0.153576
0.0549133
0.237746
0.290608
0.202246
0.148572
0.329531
0.29077
0.269076
0.310724
0.374267
0.272739
0.27875
0.345063
0.368428
0.293179
0.286279
0.287872
0.102294
0.359611
0.216914
0.367749
0.272474
0.327404
0.112098
0.338623
0.331981
0.33262
0.187103
0.305184
0.298399
0.144573
0.300089
0.335879
0.310839
0.325609
0.346009
0.30626
0.203214
0.281632
0.323371
0.279731
0.283057
0.290807
0.143273
0.293975
0.142216
0.343223
0.350004
0.339047
0.310959
0.173076
0.255887
0.15808
0.330072
0.163994
0.218491
0.295774
0.330276
0.318559
0.216295
0.323437
0.217988
0.251082
0.344768
0.341591
0.340304
0.240951
0.243492
0.340523
0.199228
0.161725
0.312818
0.353452
0.266771
0.292855
0.283019
0.294598
0.258833
0.318424
0.332832
0.300992
0.311686
0.333614
0.245266
0.282646
0.343445
0.222065
0.33021
0.306317
0.308647
0.350182
0.300335
0.329416
0.338067
0.275865
0.319802
0.14743
0.272144
0.336553
0.287767
0.330917
0.260349
0.276014
0.298951
0.251513
0.33554
0.252651
0.291157
0.285553
0.475645
0.231446
0.18876
0.18806
0.341226
0.227514
0.172526
0.243555
0.270074
0.203828
0.426573
0.205791
0.306805
0.237513
0.38589
0.236939
0.155405
0.113144
0.258201
0.187883
0.249744
0.307446
0.397938
0.402583
0.429533
0.237444
0.256194
0.37763
0.17171
0.339779
0.234948
0.295084
0.128113
0.443704
0.252181
0.433298
0.363899
0.409506
0.25827
0.246959
0.209332
0.193631
0.237077
0.225792
0.430214
0.445565
0.398942
0.183498
0.228091
0.211993
0.210309
0.317346
0.232996
0.157985
0.233236
0.330912
0.243403
0.114554
0.415761
0.144235
0.413139
0.194293
0.443388
0.35639
0.15724
0.406325
0.269801
0.381766
0.348489
0.37894
0.218752
0.259585
0.223649
0.321603
0.354828
0.238367
0.31132
0.297961
0.428368
0.316311
0.281797
0.469022
0.317824
0.239843
0.243869
0.434588
0.395993
0.350205
0.159062
0.413854
0.149606
0.321293
0.238914
0.41687
0.314739
0.301786
0.230676
0.313598
0.191554
0.333266
0.210884
0.18259
0.214794
0.238122
0.214281
0.233324
0.193008
0.126163
0.415916
0.23724
0.315705
0.369816
0.271796
0.251064
0.234687
0.350363
0.221358
0.290446
0.23395
0.190785
0.322961
0.222797
0.200876
0.413905
0.267333
0.343214
0.272358
0.19887
0.294545
0.267614
0.202565
0.363937
0.252252
0.367378
0.257785
0.166229
0.376824
0.259115
0.35103
0.245444
0.260046
0.357671
0.136275
0.172712
0.254931
0.341808
0.311293
0.242721
0.114311
0.374351
0.233278
0.340776
0.262867
0.142875
0.160915
0.318317
0.279237
0.120756
0.31484
0.172779
0.269674
0.350701
0.297109
0.204685
0.2884
0.38203
0.235742
0.267053
0.226072
0.250752
0.386916
0.194928
0.382173
0.106922
0.21417
0.250654
0.20078
0.285815
0.221619
0.289935
0.276226
0.232183
0.265865
0.396434
0.36876
0.259873
0.186541
0.212701
0.222427
0.171986
0.125913
0.297421
0.224201
0.176427
0.245987
0.223218
0.222352
0.170392
0.309639
0.291621
0.272656
0.34846
0.389831
0.435682
0.237336
0.221209
0.301668
0.290814
0.349619
0.119185
0.443406
0.348929
0.450424
0.382396
0.322639
0.355995
0.231158
0.245333
0.215297
0.23257
0.248829
0.25812
0.254003
0.160363
0.238894
0.433065
0.240663
0.398946
0.281202
0.32557
0.277639
0.328634
0.410681
0.136652
0.226848
0.417376
0.233964
0.334258
0.320575
0.249332
0.232545
0.270458
0.145291
0.153562
0.392196
0.27918
0.197375
0.265069
0.240465
0.434672
0.230077
0.352656
0.224859
0.173159
0.290967
0.264078
0.35024
0.254334
0.249017
0.19778
0.341679
0.23055
0.227322
0.444829
0.2724
0.124853
0.238848
0.312684
0.334577
0.220035
0.240251
0.284885
0.274916
0.238078
0.286353
0.310916
0.235877
0.24399
0.418205
0.314099
0.375086
0.230777
0.367612
0.428944
0.271217
0.417007
0.402332
0.235323
0.207412
0.142558
0.212013
0.28837
0.309982
0.229198
0.216983
0.16141
0.32415
0.246291
0.272422
0.168954
0.138319
0.454676
0.42866
0.476322
0.389858
0.412039
0.441344
0.435058
0.47244
0.38465
0.396285
0.344379
0.147994
0.345874
0.327278
0.439075
0.379168
0.404791
0.31333
0.432925
0.372629
0.187411
0.359443
0.342589
0.498392
0.406043
0.421038
0.384486
0.451904
0.371225
0.488776
0.480512
0.476779
0.399174
0.299209
0.402007
0.470388
0.497124
0.431097
0.396317
0.470963
0.355242
0.355242
0.42802
0.375779
0.213677
0.415289
0.376884
0.3928
0.378296
0.385083
0.411201
0.464487
0.462992
0.401674
0.393726
0.310165
0.410011
0.419566
0.346265
0.378296
0.125976
0.39841
0.345327
0.282622
0.343002
0.197246
0.355655
0.285973
0.316562
0.340678
0.440811
0.459252
0.382979
0.351477
0.412456
0.385905
0.412456
0.328848
0.392638
0.413132
0.320468
0.389194
0.421653
0.402853
0.396524
0.437948
0.3535
0.417148
0.287325
0.317288
0.417593
0.332173
0.339629
0.414103
0.361897
0.42493
0.453726
0.398643
0.179969
0.411868
0.472084
0.356353
0.413061
0.365916
0.365416
0.377028
0.456069
0.511013
0.388618
0.286865
0.348747
0.468733
0.383276
0.451922
0.320468
0.479434
0.338575
0.47529
0.321639
0.391217
0.353652
0.212225
0.376076
0.358453
0.284075
0.198271
0.268028
0.431582
0.409278
0.319996
0.409383
0.501515
0.412766
0.334058
0.471956
0.430984
0.392545
0.458535
0.426609
0.358453
0.359443
0.446698
0.393726
0.437107
0.423604
0.350478
0.363022
0.437948
0.457273
0.473465
0.404791
0.416416
0.435948
0.29733
0.163274
0.398543
0.347072
0.368563
0.460838
0.32936
0.495447
0.369659
0.438222
0.365416
0.473288
0.463216
0.42802
0.402525
0.460746
0.163274
0.455254
0.385924
0.481529
0.445654
0.330251
0.378486
0.339069
0.417394
0.543077
0.287325
0.527352
0.413061
0.483434
0.261071
0.414363
0.436255
0.441978
0.421879
0.38032
0.445079
0.391711
0.447972
0.474333
0.440792
0.434659
0.416861
0.385621
0.336311
0.338329
0.426923
0.424847
0.473551
0.229551
0.384761
0.193381
0.337876
0.37172
0.414203
0.385976
0.365304
0.386356
0.340355
0.48798
0.37807
0.433802
0.455752
0.497964
0.445602
0.433491
0.324563
0.429795
0.447797
0.438222
0.360455
0.478508
0.421683
0.339629
0.42223
0.396062
0.3535
0.519405
0.453536
0.443442
0.351584
0.189104
0.271253
0.268287
0.351731
0.317322
0.396062
0.310629
0.417148
0.385186
0.461059
0.390571
0.409159
0.506591
0.380174
0.285118
0.238128
0.472512
0.43232
0.363642
0.407768
0.351477
0.408475
0.355408
0.407768
0.382169
0.394647
0.398679
0.493348
0.325649
0.451151
0.433683
0.336525
0.471847
0.47805
0.285973
0.397637
0.397718
0.391898
0.353562
0.426662
0.396285
0.397538
0.498272
0.352972
0.413132
0.461468
0.350478
0.355595
0.385186
0.438057
0.496904
0.36154
0.453509
0.398679
0.339339
0.480984
0.369303
0.179969
0.480673
0.406035
0.370404
0.394647
0.520133
0.344991
0.313861
0.193381
0.373391
0.425863
0.0965609
0.0753904
0.138289
0.086626
0.0734781
0.124152
0.144442
0.0896567
0.106782
0.110223
0.202679
0.173502
0.0866838
0.121353
0.132757
0.0532549
0.210058
0.120139
0.180684
0.0720447
0.104965
0.0771823
0.166386
0.167229
0.0767203
0.107052
0.12331
0.14724
0.0619945
0.198416
0.0600286
0.0877122
0.145959
0.0554359
0.0799734
0.0739645
0.233654
0.0705238
0.167775
0.0363618
0.0465384
0.074019
0.113808
0.106614
0.120468
0.0619501
0.0931688
0.106755
0.108364
0.123801
0.094676
0.122698
0.0499094
0.113869
0.0522766
0.0587909
0.0499366
0.0960511
0.102819
0.116108
0.0572891
0.123527
0.0453109
0.0984671
0.0805101
0.0583125
0.197647
0.0826523
0.22222
0.158999
0.161948
0.121646
0.18764
0.207314
0.0571225
0.297637
0.167106
0.0806915
0.150349
0.12667
0.0394646
0.236144
0.084476
0.0860192
0.223484
0.179502
0.0490816
0.114996
0.0636213
0.136693
0.0665961
0.0762282
0.127946
0.114754
0.0811965
0.0642464
0.122864
0.0554443
0.0791056
0.130818
0.0641483
0.0500838
0.19905
0.0746875
0.0768654
0.0984861
0.115158
0.0640271
0.138325
0.0594525
0.110954
0.0548863
0.0726209
0.106201
0.028615
0.0623756
0.156963
0.0882439
0.195249
0.127014
0.0757124
0.166073
0.042477
0.0483797
0.0655015
0.0262068
0.355171
0.0673276
0.18964
0.0841617
0.0787431
0.124284
0.145838
0.0760433
0.11277
0.185831
0.118471
0.208352
0.150416
0.156742
0.0485675
0.074672
0.159371
0.0664071
0.108338
0.0682677
0.119835
0.0692153
0.060666
0.0631523
0.0587598
0.0746896
0.101791
0.220499
0.0770621
0.116246
0.178322
0.0734249
0.0999579
0.102637
0.157907
0.213802
0.101417
0.067874
0.0598033
0.102794
0.0899551
0.190327
0.0416896
0.161514
0.0476915
0.0793677
0.263879
0.172392
0.176732
0.103048
0.0761596
0.0812788
0.0847732
0.0654491
0.0551021
0.133074
0.0803643
0.0517432
0.107387
0.0750552
0.0698088
0.108136
0.0828925
0.0812836
0.16789
0.137564
0.151859
0.151881
0.0694985
0.0646635
0.114391
0.128577
0.0602709
0.0591883
0.0653599
0.0923741
0.144937
0.0275459
0.111902
0.063905
0.0259642
0.0502231
0.0911878
0.211134
0.0335117
0.155223
0.145061
0.138089
0.265364
0.0724241
0.0594057
0.121609
0.0710671
0.126095
0.0404337
0.0935362
0.0592146
0.0859099
0.118574
0.0802337
0.133575
0.181783
0.043737
0.231413
0.180431
0.116427
0.144929
0.0504544
0.0733603
0.166342
0.132369
0.195669
0.0946182
0.106836
0.0675451
0.0975706
0.0671573
0.267113
0.0989562
0.0840157
0.148959
0.143157
0.121316
0.102981
0.0677593
0.080607
0.137629
0.0865878
0.0993261
0.158924
0.267726
0.138956
0.0822185
0.208324
0.162963
0.054262
0.285455
0.172777
0.161272
0.027767
0.187336
0.105358
0.154735
0.0911639
0.0679034
0.0928228
0.0583233
0.146544
0.0851802
0.0607324
0.0846353
0.10745
0.069927
0.0879021
0.157567
0.0383415
0.0884369
0.0604765
0.119718
0.0805579
0.0593154
0.0939142
0.116514
0.119485
0.138146
0.104493
0.101232
0.142886
0.16843
0.130885
0.130738
0.0903217
0.177344
0.0904469
0.0671524
0.0820997
0.0653245
0.0851672
0.0503106
0.11626
0.0863712
0.074052
0.1305
0.100532
0.0790923
0.101171
0.0993244
0.0467421
0.184325
0.113856
0.157738
0.0726131
0.154965
0.0877566
0.0457948
0.0424856
0.100852
0.120736
0.0936493
0.133796
0.115618
0.111771
0.105329
0.0922185
0.051441
0.0451535
0.0629413
0.0735847
0.0661542
0.152606
0.0873868
0.204944
0.0965489
0.0359693
0.183664
0.0411411
0.1741
0.131042
0.151283
0.0485224
0.130969
0.120033
0.105093
0.078419
0.0963875
0.0651185
0.106713
0.120857
0.0805257
0.279577
0.0567647
0.218248
0.104543
0.0269644
0.0809681
0.0787311
0.131415
0.053068
0.0671348
0.0580096
0.243567
0.0399213
0.0981326
0.0704155
0.139099
0.12832
0.0703669
0.108432
0.105203
0.122554
0.0743311
0.0263079
0.0594451
0.237795
0.119924
0.107285
0.0832104
0.219314
0.154005
0.137831
0.178312
0.0848179
0.130861
0.0662793
0.138592
0.144338
0.219308
0.0630409
0.0838193
0.135901
0.077297
0.106115
0.0316219
0.0575775
0.0616386
0.0494763
0.0795545
0.193012
0.0506257
0.0680018
0.118411
0.147521
0.125582
0.088612
0.0900492
0.072832
0.0997925
0.150458
0.0241048
0.113513
0.106449
0.207011
0.123185
0.127112
0.0454894
0.0742369
0.0741928
0.114521
0.0486937
0.170748
0.0798435
0.288432
0.118375
0.116295
0.105614
0.210211
0.0508466
0.160379
0.0670677
0.101937
0.0845516
0.11328
0.0510357
0.0668077
0.14193
0.130442
0.139176
0.0944877
0.041074
0.0849516
0.0952891
0.0508972
0.0715242
0.123789
0.0806732
0.14536
0.100429
0.219716
0.131602
0.070632
0.261224
0.0375457
0.0947239
0.0620381
0.136752
0.119648
0.0533805
0.116684
0.0868675
0.0896956
0.225078
0.138767
0.11165
0.0978953
0.11219
0.102081
0.0826947
0.0571897
0.232579
0.0699696
0.108605
0.15666
0.216079
0.123465
0.115201
0.0536364
0.0411921
0.144487
0.0811906
0.071823
0.137207
0.089051
0.121048
0.0861219
0.150988
0.207348
0.242234
0.0477147
0.174643
0.107822
0.0952368
0.0481665
0.164503
0.0940179
0.0559972
0.0801624
0.128603
0.08166
0.125662
0.101794
0.061308
0.223526
0.140842
0.212441
0.0852992
0.149417
0.0901429
0.0850657
0.0537496
0.0453473
0.160571
0.0631293
0.0480221
0.108287
0.15292
0.118941
0.101279
0.0813295
0.259504
0.100583
0.105631
0.125165
0.171773
0.260446
0.140462
0.0885296
0.0674745
0.0709484
0.182769
0.0530773
0.234162
0.130265
0.109881
0.0768229
0.112779
0.107927
0.0810821
0.100048
0.103938
0.0495446
0.0980572
0.0759836
0.171519
0.143273
0.052974
0.114777
0.0735699
0.0981025
0.113349
0.205052
0.0884768
0.0893133
0.111377
0.0612318
0.0442223
0.110047
0.0805652
0.0702083
0.088946
0.112543
0.113965
0.148123
0.131687
0.0579368
0.134814
0.153844
0.0460751
0.097982
0.2637
0.162283
0.0670809
0.0920358
0.0947491
0.0902505
0.0684377
0.182061
0.109043
0.140253
0.0700218
0.113747
0.134896
0.0994005
0.083875
0.0858324
0.0871658
0.0898902
0.113105
0.0886077
0.179063
0.0738473
0.173173
0.128072
0.0595096
0.14
0.0856716
0.082531
0.0778907
0.198926
0.0677753
0.113677
0.0701756
0.115593
0.201258
0.0835287
0.0858554
0.0526615
0.0678934
0.035374
0.0857577
0.0715394
0.190131
0.10509
0.0547517
0.122415
0.100989
0.229474
0.0349585
0.178671
0.123471
0.06997
0.0850035
0.109086
0.0826824
0.154983
0.0991817
0.0261814
0.0795158
0.0691173
0.0852905
0.163875
0.0771054
0.0574313
0.134805
0.101808
0.0270573
0.0295417
0.0874577
0.0902203
0.0677953
0.0547489
0.110904
0.0636962
0.250224
0.137739
0.0930131
0.0621852
0.0990222
0.0676114
0.0509727
0.0784674
0.146092
0.0549112
0.0539373
0.152924
0.144715
0.178829
0.0665197
0.0655171
0.184546
0.048648
0.0475334
0.0796684
0.12491
0.0373446
0.0568706
0.0828483
0.314809
0.0684579
0.189412
0.0542005
0.100029
0.0572359
0.104537
0.0643342
0.0898611
0.0638738
0.0717399
0.23332
0.174377
0.435596
0.111746
0.320235
0.11073
0.218547
0.162552
0.108383
0.362542
0.134687
0.144231
0.300119
0.0757731
0.155024
0.0713271
0.202734
0.213463
0.118919
0.140275
0.0499425
0.131853
0.05504
0.388118
0.0490695
0.101412
0.0955412
0.0470849
0.129849
0.0458529
0.188407
0.358159
0.0592862
0.202692
0.333164
0.219414
0.0979391
0.22744
0.200808
0.214645
0.158963
0.21203
0.0559881
0.0625085
0.112626
0.0983085
0.1941
0.355126
0.216898
0.150839
0.226606
0.168739
0.111043
0.14492
0.128202
0.262447
0.134694
0.123194
0.11532
0.201043
0.203632
0.112781
0.150454
0.137819
0.136251
0.143405
0.0573472
0.148577
0.358676
0.221225
0.256388
0.086836
0.12307
0.105278
0.147294
0.261382
0.167076
0.20491
0.0713385
0.22849
0.180056
0.11996
0.0951145
0.129964
0.0483249
0.287017
0.152184
0.0575327
0.0929944
0.0833732
0.297481
0.279858
0.0907418
0.0866145
0.177225
0.051383
0.159238
0.308078
0.161471
0.193177
0.221641
0.0496635
0.0314911
0.205972
0.117786
0.181373
0.0516085
0.168178
0.074595
0.129861
0.309359
0.135228
0.11882
0.0988227
0.249788
0.217553
0.116751
0.150739
0.218565
0.154629
0.242347
0.189558
0.040958
0.0342635
0.239623
0.306729
0.108667
0.130991
0.0826333
0.0770917
0.334224
0.121521
0.052193
0.0823219
0.0929544
0.135887
0.213878
0.0670157
0.102173
0.335515
0.160215
0.331655
0.0522915
0.441968
0.179578
0.26661
0.165882
0.149213
0.326717
0.235654
0.113628
0.136112
0.312356
0.154885
0.297479
0.216869
0.132464
0.270905
0.0476869
0.373541
0.310988
0.105308
0.103511
0.0693486
0.11554
0.0361598
0.0526294
0.137318
0.39615
0.138216
0.0694982
0.0588283
0.18216
0.0698049
0.126131
0.347292
0.0856942
0.134911
0.240102
0.0393563
0.0947469
0.0671085
0.192672
0.0639596
0.172636
0.264717
0.248614
0.233512
0.138296
0.199867
0.215775
0.129429
0.27043
0.0763736
0.0836409
0.0402845
0.162614
0.249231
0.101389
0.29154
0.0639416
0.126138
0.1669
0.22227
0.0546462
0.171609
0.139641
0.0332078
0.257533
0.146104
0.127824
0.0700498
0.362823
0.0508318
0.146824
0.277523
0.191914
0.11928
0.0996053
0.0447995
0.138655
0.101837
0.0717918
0.312918
0.158886
0.346664
0.182324
0.173188
0.141001
0.0895511
0.133975
0.0764348
0.118073
0.0944134
0.16326
0.278595
0.0529917
0.391732
0.0524639
0.0760769
0.238881
0.229559
0.125543
0.135263
0.167518
0.120648
0.232381
0.19202
0.266119
0.100692
0.232389
0.17858
0.397943
0.329844
0.0704155
0.116647
0.157662
0.361182
0.220023
0.299161
0.212021
0.0462869
0.170832
0.0968468
0.142158
0.347019
0.12523
0.163361
0.198908
0.032604
0.271745
0.218755
0.0967103
0.139189
0.256603
0.287843
0.0697702
0.147754
0.289109
0.107838
0.157073
0.27249
0.0942658
0.389641
0.128038
0.291521
0.146052
0.16518
0.0744557
0.231745
0.252737
0.0943174
0.171323
0.0221563
0.0946242
0.0290749
0.0501724
0.0613743
0.0795587
0.0975133
0.104602
0.321299
0.0509737
0.0762716
0.116744
0.107636
0.0418298
0.0299104
0.262501
0.0659017
0.173361
0.0676156
0.135105
0.0818973
0.0984675
0.108076
0.366151
0.0424884
0.275662
0.206562
0.282864
0.084157
0.0473304
0.118076
0.0666909
0.095879
0.170181
0.103863
0.249766
0.0419066
0.131161
0.17292
0.110971
0.161147
0.143397
0.161342
0.163943
0.283282
0.422769
0.120182
0.0702114
0.133399
0.333512
0.284147
0.11437
0.212282
0.0635333
0.0387161
0.114961
0.258549
0.305528
0.333565
0.0898843
0.164832
0.0445045
0.0907326
0.251141
0.164179
0.402866
0.0591431
0.195599
0.108354
0.105789
0.0678125
0.171605
0.0371733
0.334684
0.328926
0.198147
0.325912
0.0556522
0.220177
0.240123
0.138746
0.232691
0.377091
0.353954
0.12093
0.148412
0.21413
0.296036
0.114103
0.0647245
0.0463727
0.103337
0.317299
0.090172
0.285055
0.168688
0.0858388
0.0805038
0.14071
0.240769
0.112141
0.115795
0.135973
0.133149
0.149057
0.0752004
0.0937073
0.123707
0.0445163
0.176199
0.198449
0.123512
0.0655426
0.135828
0.101617
0.170683
0.0372089
0.14759
0.090206
0.0745692
0.0416388
0.179858
0.069863
0.0862502
0.299403
0.146339
0.151868
0.229221
0.0582216
0.11782
0.134818
0.222358
0.128799
0.213815
0.321806
0.0780969
0.02953
0.17415
0.109138
0.131651
0.130024
0.35921
0.0378022
0.172429
0.330484
0.171925
0.155109
0.237682
0.0783425
0.0842351
0.40962
0.286679
0.0455474
0.113227
0.368073
0.0977258
0.261961
0.122374
0.0338368
0.285174
0.0505273
0.0789961
0.0332196
0.244589
0.0832931
0.120651
0.262358
0.128998
0.0484118
0.0477522
0.279081
0.167082
0.0811722
0.174419
0.190564
0.150563
0.279301
0.145968
0.0256052
0.137781
0.109793
0.0667002
0.0980771
0.267763
0.0418066
0.119877
0.0463833
0.121909
0.14152
0.174638
0.0930797
0.331192
0.238991
0.194343
0.0579087
0.128437
0.228074
0.268748
0.0805002
0.205655
0.241972
0.181203
0.161296
0.0726241
0.088624
0.103166
0.167716
0.0969047
0.283078
0.0531337
0.180019
0.223872
0.0721085
0.130987
0.205637
0.130728
0.112324
0.140448
0.301829
0.0687661
0.200131
0.108032
0.18848
0.161157
0.118659
0.192326
0.119744
0.241528
0.109597
0.0714462
0.309217
0.142605
0.0704684
0.0969394
0.186591
0.0701466
0.309648
0.203894
0.281523
0.131478
0.204207
0.112279
0.0514582
0.155527
0.171298
0.219978
0.109381
0.073593
0.22555
0.140514
0.085187
0.0582467
0.145436
0.102943
0.171122
0.288765
0.0432571
0.0381524
0.304991
0.301959
0.155377
0.11852
0.0337753
0.0930644
0.0931407
0.151257
0.252049
0.311925
0.132169
0.0822706
0.209498
0.0466241
0.106131
0.171013
0.155537
0.315871
0.0293218
0.247388
0.0758216
0.107224
0.126418
0.0793222
0.330095
0.408839
0.158125
0.265327
0.0415714
0.393897
0.0718497
0.185771
0.118035
0.340159
0.313561
0.137865
0.051648
0.113478
0.118799
0.1604
0.255738
0.133769
0.210963
0.100487
0.138323
0.195284
0.103891
0.117998
0.311315
0.270831
0.257619
0.241768
0.293348
0.330449
0.130431
0.104409
0.15904
0.050111
0.0498887
0.223332
0.0374828
0.251255
0.41938
0.129906
0.167563
0.336777
0.250743
0.0730814
0.206978
0.247973
0.0930375
0.331361
0.254775
0.235678
0.186481
0.17697
0.131586
0.149521
0.0924656
0.143103
0.250043
0.245117
0.158066
0.0700034
0.121718
0.109335
0.098163
0.128839
0.0592673
0.148223
0.240835
0.266574
0.0890819
0.350358
0.156143
0.118309
0.0613894
0.133739
0.323012
0.0711322
0.192339
0.201362
0.101199
0.281075
0.234944
0.41002
0.0830683
0.282215
0.125597
0.111098
0.190868
0.149019
0.144535
0.0514983
0.0919637
0.252445
0.0447708
0.0405837
0.154244
0.11423
0.136577
0.180235
0.0912435
0.0908929
0.0355754
0.193611
0.158456
0.0939984
0.0796665
0.15066
0.25232
0.177294
0.0921134
0.229646
0.077068
0.1361
0.0548301
0.0798567
0.109764
0.0475533
0.0969706
0.10752
0.169477
0.233425
0.0679013
0.171765
0.223878
0.0922709
0.0783166
0.112054
0.167254
0.246431
0.128352
0.0415979
0.100831
0.147638
0.116855
0.0772857
0.27844
0.0660973
0.247515
0.0713226
0.0780502
0.154785
0.178653
0.0603119
0.18953
0.0994784
0.180167
0.169938
0.174126
0.0976737
0.0878471
0.192563
0.20661
0.145921
0.180385
0.0658808
0.114045
0.233193
0.159751
0.198695
0.104096
0.0969962
0.194326
0.0930378
0.16526
0.120937
0.156472
0.103187
0.15152
0.157004
0.216238
0.0970517
0.227493
0.130521
0.174978
0.0402199
0.136057
0.284203
0.191
0.187803
0.113322
0.210996
0.105036
0.121139
0.0937713
0.127962
0.141247
0.187123
0.230692
0.156598
0.170778
0.133083
0.122698
0.0827799
0.11239
0.075146
0.264278
0.285717
0.138927
0.0952972
0.117911
0.0601022
0.173855
0.10779
0.146514
0.0649383
0.107057
0.11631
0.123961
0.299344
0.108647
0.101301
0.0758269
0.244516
0.127056
0.149531
0.170968
0.0488014
0.0435179
0.178019
0.0679527
0.105371
0.158883
0.165817
0.135437
0.117575
0.112108
0.175554
0.146467
0.175066
0.189275
0.18233
0.212929
0.141393
0.142574
0.216227
0.253964
0.113851
0.0844136
0.0663557
0.0878802
0.0914048
0.0813908
0.0877931
0.0509353
0.0786337
0.146382
0.0392169
0.183822
0.151562
0.0615582
0.0706052
0.0785364
0.157842
0.0745248
0.224022
0.131722
0.120497
0.243021
0.118991
0.171394
0.13779
0.160272
0.134248
0.105346
0.102825
0.0997737
0.101669
0.261276
0.140411
0.117274
0.0971066
0.258356
0.213311
0.109284
0.101572
0.174146
0.0763373
0.113758
0.0571955
0.0394722
0.249989
0.183844
0.177005
0.175794
0.162994
0.102893
0.0574479
0.101548
0.0972945
0.150616
0.193599
0.292666
0.112477
0.0655403
0.101395
0.126025
0.113344
0.0632491
0.0676133
0.1827
0.0686625
0.138304
0.260075
0.0828901
0.215273
0.0581006
0.110765
0.187071
0.134316
0.0242475
0.0606634
0.273087
0.150306
0.0935693
0.122757
0.238973
0.161819
0.0768755
0.138377
0.141429
0.121649
0.0854768
0.237733
0.161447
0.201608
0.0955829
0.114336
0.0900023
0.126894
0.126879
0.12932
0.117628
0.130068
0.101166
0.0863046
0.0940566
0.221839
0.262085
0.0984832
0.0856775
0.0790301
0.19756
0.172247
0.210736
0.0543798
0.0998716
0.0615587
0.177525
0.153734
0.133762
0.143466
0.109563
0.146633
0.104417
0.170393
0.0527823
0.130086
0.206636
0.0705423
0.0847885
0.218588
0.0452416
0.146145
0.0724216
0.0889842
0.048725
0.184571
0.0716357
0.103695
0.136811
0.158082
0.144672
0.167873
0.160011
0.0868327
0.128666
0.0396121
0.160924
0.294603
0.129653
0.130942
0.0770413
0.245478
0.0528716
0.117914
0.12437
0.143831
0.19243
0.150751
0.0465341
0.105544
0.126735
0.0445938
0.0475274
0.0929892
0.103096
0.0571882
0.118729
0.104659
0.283548
0.0830581
0.0451637
0.201052
0.120134
0.226793
0.209313
0.277542
0.0520728
0.304811
0.182232
0.03663
0.161768
0.0665039
0.185958
0.147761
0.259068
0.0835408
0.109846
0.111811
0.243972
0.130062
0.136115
0.0377621
0.0937929
0.125467
0.072349
0.0922286
0.0862457
0.152295
0.148665
0.226448
0.156472
0.128984
0.0659444
0.142813
0.0991232
0.246302
0.0910831
0.09751
0.281885
0.166275
0.179711
0.233933
0.0872487
0.169935
0.0607863
0.102002
0.143496
0.0551754
0.0713152
0.113755
0.177445
0.176757
0.103752
0.133187
0.0531563
0.181436
0.167804
0.115707
0.0888374
0.136221
0.133331
0.0931087
0.185261
0.135567
0.065865
0.223355
0.230643
0.110419
0.259313
0.200829
0.148374
0.195319
0.170999
0.249762
0.258021
0.186858
0.0391161
0.176724
0.0487771
0.085974
0.125949
0.0958691
0.144917
0.141751
0.0707578
0.085876
0.132194
0.182513
0.268638
0.0516254
0.0971818
0.112167
0.0418006
0.169529
0.106537
0.212217
0.110341
0.0700574
0.225401
0.1399
0.0793428
0.133004
0.150999
0.191263
0.122927
0.0643343
0.0951762
0.0534938
0.105869
0.286902
0.186311
0.0349238
0.176766
0.125359
0.0696485
0.205057
0.14829
0.217563
0.291304
0.117559
0.074078
0.0785286
0.0905584
0.0674878
0.148397
0.0642905
0.0956296
0.0991822
0.0911875
0.215744
0.184186
0.078226
0.201222
0.100377
0.0413777
0.171906
0.233179
0.237943
0.075224
0.0970236
0.1677
0.161336
0.126714
0.0435298
0.0993609
0.170972
0.247481
0.182419
0.181329
0.11279
0.226392
0.151503
0.0584649
0.138479
0.0846483
0.12738
0.068449
0.147946
0.167677
0.193566
0.100528
0.146429
0.0637535
0.112352
0.0453241
0.117902
0.0997962
0.222759
0.0808179
0.0851553
0.0871766
0.136847
0.126725
0.137768
0.186018
0.247753
0.136461
0.152395
0.241737
0.130876
0.110715
0.0795439
0.219879
0.0841079
0.113111
0.148223
0.12185
0.189769
0.0795305
0.167871
0.143055
0.0978875
0.0840333
0.151846
0.0706186
0.196882
0.0677668
0.174906
0.085224
0.0754608
0.0821191
0.159159
0.091838
0.165933
0.122931
0.236091
0.141508
0.189701
0.228298
0.110006
0.132683
0.204918
0.212493
0.121601
0.158542
0.255491
0.11686
0.106934
0.111321
0.166842
0.0854262
0.172404
0.0874792
0.102908
0.142949
0.120551
0.125168
0.0965426
0.0710276
0.258782
0.102725
0.0883573
0.0633191
0.285095
0.12785
0.207903
0.206169
0.0556365
0.0617424
0.145204
0.237686
0.0812309
0.077707
0.18272
0.112633
0.098804
0.115339
0.0637931
0.100674
0.12511
0.27915
0.0909897
0.173922
0.0621617
0.083085
0.0834495
0.190614
0.0676664
0.0990792
0.0870769
0.0716353
0.137195
0.150737
0.0710063
0.0519192
0.122259
0.129667
0.190281
0.183178
0.124512
0.115218
0.0647862
0.0801135
0.0529576
0.0984654
0.19771
0.130672
0.115424
0.128703
0.144167
0.17671
0.0821053
0.16794
0.160272
0.219548
0.0775839
0.0881107
0.152038
0.0900285
0.128568
0.167429
0.133484
0.209934
0.141861
0.214805
0.0906788
0.118929
0.0961777
0.224423
0.192906
0.0986847
0.142266
0.174857
0.0941629
0.22876
0.0707069
0.170391
0.109087
0.117455
0.0701612
0.0872011
0.112427
0.133148
0.211653
0.176078
0.0676314
0.0941969
0.257396
0.0892258
0.121379
0.0687031
0.115157
0.225444
0.107737
0.13944
0.0932746
0.0787981
0.225625
0.165682
0.0737651
0.062391
0.139804
0.0405146
0.157891
0.120762
0.107675
0.233115
0.178351
0.185417
0.334205
0.131909
0.227085
0.162818
0.09002
0.105995
0.0980176
0.126709
0.25359
0.0545623
0.0729308
0.103597
0.243026
0.125575
0.108929
0.113343
0.060495
0.206474
0.322504
0.134214
0.120639
0.125725
0.0630261
0.0468143
0.189731
0.154873
0.0706638
0.0642299
0.0487111
0.0906331
0.197608
0.179283
0.157112
0.0814251
0.181101
0.120247
0.0851432
0.069142
0.115589
0.124158
0.116773
0.100406
0.0558887
0.108624
0.0651685
0.108679
0.0996255
0.141068
0.0627688
0.0962916
0.104366
0.104207
0.171014
0.0882211
0.127011
0.0874876
0.110894
0.143248
0.141059
0.158408
0.187877
0.172942
0.0797394
0.126372
0.0898309
0.12535
0.0616802
0.154951
0.140004
0.130372
0.110098
0.0396573
0.0747757
0.0579103
0.0560827
0.0661859
0.0578514
0.111075
0.0710145
0.0740033
0.11786
0.106512
0.140795
0.0816103
0.146899
0.0852707
0.0499568
0.052035
0.0322689
0.0960597
0.0668394
0.110947
0.15005
0.140408
0.0529781
0.147467
0.260626
0.225267
0.0643943
0.127857
0.177578
0.0997851
0.0613548
0.0421696
0.194084
0.200592
0.101818
0.121483
0.0682543
0.0982609
0.0962865
0.136877
0.0506151
0.0973142
0.0391277
0.130239
0.100259
0.142502
0.0642984
0.079815
0.112519
0.190247
0.0807113
0.185584
0.0921862
0.219496
0.0850332
0.150965
0.0642766
0.0881795
0.0618637
0.0636572
0.0410339
0.0977492
0.189162
0.0712713
0.125846
0.104353
0.105664
0.117643
0.0792906
0.0827556
0.118218
0.0585354
0.0903293
0.104477
0.123103
0.159751
0.11891
0.069924
0.107626
0.180291
0.118755
0.0616517
0.148736
0.0318175
0.168113
0.109201
0.0449424
0.0277439
0.11155
0.121215
0.153565
0.084614
0.0722295
0.0412124
0.163724
0.154835
0.114039
0.11588
0.0577891
0.112248
0.0705683
0.14271
0.0749366
0.0929401
0.16638
0.144509
0.053447
0.0488305
0.0993039
0.138032
0.0583265
0.131052
0.0911989
0.0881754
0.154122
0.058299
0.119191
0.113532
0.134692
0.082229
0.0700275
0.108462
0.0454846
0.100142
0.0395973
0.109775
0.156536
0.0799488
0.085157
0.157322
0.0865608
0.15669
0.120529
0.0931835
0.135387
0.063953
0.0803731
0.0590695
0.130159
0.152133
0.0868214
0.0747055
0.0757707
0.149306
0.200468
0.139286
0.0435748
0.0910049
0.0705042
0.0766472
0.124882
0.18861
0.126695
0.199188
0.119537
0.106604
0.104445
0.0915909
0.139206
0.0921913
0.140156
0.170947
0.212141
0.0457622
0.178497
0.166831
0.146979
0.0963308
0.151085
0.196936
0.169708
0.0754372
0.0841118
0.0568474
0.167168
0.20325
0.0885402
0.051565
0.0879472
0.0680303
0.171962
0.0694218
0.222552
0.0484053
0.0590971
0.106312
0.120367
0.111461
0.0643728
0.152547
0.189013
0.156105
0.0888581
0.124258
0.094392
0.0584526
0.0871861
0.0673588
0.201704
0.083299
0.123256
0.208694
0.0538408
0.0964621
0.111152
0.0778948
0.175107
0.111736
0.0785635
0.0505224
0.169997
0.112019
0.0579681
0.238466
0.0688315
0.078666
0.152891
0.0668296
0.206004
0.131629
0.0835907
0.168403
0.0931606
0.105674
0.173938
0.0401912
0.191333
0.126562
0.093814
0.0540274
0.193978
0.109793
0.0828233
0.091811
0.113783
0.0708875
0.118429
0.0858819
0.0840634
0.107805
0.197164
0.217032
0.064193
0.086826
0.209311
0.121547
0.160358
0.159162
0.191572
0.0306684
0.222958
0.0800133
0.0451057
0.0797095
0.0792673
0.101884
0.132133
0.184566
0.248365
0.187891
0.119449
0.146642
0.145722
0.203828
0.13952
0.186345
0.0389953
0.0937321
0.0393189
0.131937
0.0442908
0.138158
0.115162
0.0965948
0.0566599
0.134015
0.0816415
0.0461936
0.169639
0.15018
0.0464727
0.213548
0.0550945
0.124591
0.0862213
0.0626633
0.0572873
0.0901711
0.094098
0.160195
0.202916
0.0912311
0.105473
0.132167
0.063147
0.175486
0.166988
0.161956
0.0923443
0.0744601
0.181555
0.21874
0.181142
0.0585309
0.0820667
0.12897
0.0715799
0.155752
0.157141
0.101078
0.0725683
0.106675
0.246417
0.125439
0.109914
0.111027
0.0431116
0.164325
0.11996
0.213707
0.114742
0.141004
0.113371
0.111982
0.130685
0.106159
0.194127
0.103824
0.149236
0.0806973
0.0577154
0.144054
0.146584
0.134601
0.118345
0.0857866
0.130407
0.0380349
0.140142
0.0472733
0.0935425
0.132527
0.0537708
0.0872789
0.0485637
0.0668143
0.106816
0.0522714
0.218547
0.0808042
0.0329462
0.126602
0.0503962
0.0603697
0.119237
0.108359
0.0592529
0.0635624
0.0848018
0.0929124
0.126886
0.140629
0.20644
0.173291
0.171182
0.075913
0.0843571
0.0642238
0.116695
0.0493699
0.080023
0.112718
0.0465364
0.0763774
0.0582512
0.0560795
0.22811
0.134097
0.109725
0.19859
0.116206
0.13987
0.093884
0.0973708
0.121665
0.0707517
0.168621
0.0979678
0.098854
0.067873
0.1196
0.0672657
0.122116
0.0839779
0.106298
0.0648666
0.079736
0.137344
0.0544306
0.0676506
0.0916223
0.109171
0.119384
0.0640225
0.0722935
0.111054
0.0444501
0.0590921
0.0783203
0.0748194
0.107912
0.15533
0.107011
0.0945158
0.120367
0.0810954
0.218598
0.161516
0.0887601
0.0720471
0.101526
0.0694039
0.0593882
0.0502009
0.0632206
0.0745723
0.175756
0.0979948
0.117629
0.15496
0.0619746
0.0874742
0.0693821
0.0999478
0.119165
0.094285
0.037906
0.0728668
0.0772602
0.232248
0.0823816
0.110341
0.0573807
0.141659
0.0611845
0.0920538
0.0666195
0.0978188
0.12258
0.0949857
0.162043
0.108398
0.0603451
0.0724498
0.126207
0.188471
0.0986896
0.15553
0.0887923
0.134697
0.135688
0.099057
0.0918227
0.036388
0.10506
0.188802
0.197195
0.0884915
0.060717
0.116448
0.0629117
0.142506
0.0547278
0.157424
0.123977
0.0816434
0.0703229
0.0628015
0.154106
0.0472329
0.122506
0.192512
0.052691
0.194049
0.105318
0.12328
0.169844
0.215877
0.138705
0.0822202
0.184314
0.190245
0.0744928
0.100183
0.141932
0.129808
0.043477
0.186911
0.124695
0.129605
0.0719493
0.0743592
0.0576736
0.155335
0.206868
0.0448336
0.0830809
0.0583395
0.135993
0.163171
0.12531
0.12934
0.0950779
0.0642131
0.17312
0.0875239
0.0695158
0.109513
0.138305
0.132274
0.155865
0.0917019
0.238784
0.0603213
0.0922388
0.180522
0.0808647
0.175717
0.096183
0.107085
0.0432321
0.0284976
0.117914
0.0946868
0.151544
0.17289
0.0947457
0.206867
0.0778348
0.0480191
0.152755
0.115155
0.0789708
0.177149
0.0823101
0.0739509
0.100525
0.0589766
0.105016
0.161705
0.192188
0.139418
0.137436
0.0687696
0.138477
0.154945
0.152966
0.116178
0.127448
0.119327
0.0959182
0.154535
0.102473
0.0923842
0.15224
0.156464
0.0675641
0.0840903
0.159874
0.0961584
0.0519261
0.145514
0.126265
0.0932289
0.0746069
0.119481
0.0568442
0.119238
0.046489
0.0732985
0.12453
0.0760018
0.0781059
0.054089
0.142179
0.119243
0.0677368
0.0197899
0.0650695
0.086299
0.085189
0.181457
0.0657653
0.0646052
0.119057
0.137228
0.223923
0.121
0.138459
0.132685
0.0911253
0.142336
0.163888
0.0833123
0.0671811
0.0391875
0.0787931
0.121703
0.0837539
0.0602919
0.144462
0.0788522
0.159533
0.150494
0.101022
0.0843011
0.125641
0.0836372
0.167805
0.380529
0.0817464
0.0477319
0.0282011
0.0816924
0.0413324
0.0890909
0.206551
0.0940141
0.0503236
0.100094
0.0890067
0.0692423
0.0762874
0.084172
0.0677626
0.125063
0.0238691
0.0639885
0.0482097
0.117101
0.0312978
0.0835723
0.0783612
0.0486618
0.0809923
0.0401339
0.0459928
0.0417742
0.0620615
0.214412
0.108199
0.130791
0.154866
0.0397662
0.0624385
0.0695751
0.0597721
0.0404523
0.0761242
0.145309
0.268148
0.125819
0.0501405
0.149815
0.0906603
0.084119
0.0758168
0.0839754
0.13845
0.0936719
0.0290384
0.0651459
0.141231
0.0936814
0.0951543
0.137812
0.0850333
0.0236331
0.170003
0.0575862
0.0423647
0.0799123
0.0272147
0.082092
0.0920771
0.0350825
0.0718331
0.0734912
0.0545501
0.0918166
0.0368511
0.185373
0.11172
0.0607138
0.143314
0.161026
0.119358
0.0325606
0.126456
0.0722109
0.0457051
0.0400272
0.0576757
0.19097
0.0762312
0.072717
0.0908046
0.104175
0.0697538
0.213881
0.0785343
0.189133
0.0792475
0.0378654
0.0266073
0.135304
0.0551172
0.0527087
0.0951472
0.0752675
0.0391197
0.0622819
0.0524687
0.0871332
0.0778594
0.165279
0.0415861
0.0724575
0.105731
0.0979761
0.0526938
0.0662284
0.0775538
0.0822026
0.0625767
0.0594938
0.14481
0.150621
0.0311095
0.0608908
0.0396355
0.0661685
0.0428113
0.0320285
0.0397197
0.0481666
0.101224
0.0437072
0.0930673
0.212265
0.021177
0.074663
0.0996329
0.0507978
0.238932
0.130318
0.0625222
0.0599334
0.0678107
0.0900419
0.0861278
0.0664091
0.0486929
0.0823963
0.0364591
0.0553112
0.0261112
0.0456315
0.0538252
0.0985325
0.0660518
0.0444131
0.0536406
0.0362057
0.128643
0.0720608
0.105718
0.0924098
0.0363214
0.0386723
0.183564
0.109243
0.0421478
0.0746327
0.0612323
0.113729
0.029427
0.126898
0.168096
0.118149
0.0969947
0.0456706
0.0887804
0.0612677
0.156459
0.0585331
0.126043
0.0612185
0.23282
0.119077
0.0746043
0.0316746
0.133849
0.0788991
0.117278
0.0852025
0.0938817
0.111337
0.0719056
0.132626
0.0631409
0.187019
0.0265293
0.0596067
0.0296738
0.0787328
0.0757792
0.049853
0.0356441
0.0784272
0.0815692
0.108346
0.0753212
0.163396
0.115773
0.165363
0.0649013
0.0475103
0.157863
0.116081
0.0726757
0.107806
0.0452716
0.0387793
0.21122
0.0774998
0.0727876
0.0932878
0.175183
0.0857627
0.104869
0.0894655
0.0228443
0.0690379
0.120655
0.209673
0.206166
0.0366043
0.0903184
0.0769357
0.0529009
0.200198
0.102768
0.109036
0.0447938
0.0908762
0.0439682
0.178932
0.0453782
0.0383615
0.0215225
0.0868038
0.0550647
0.0951986
0.0540129
0.0388451
0.0678861
0.133614
0.0578807
0.213486
0.168766
0.0454417
0.119362
0.135919
0.0645721
0.0867509
0.0272519
0.0470646
0.0861075
0.0733467
0.0991992
0.0563569
0.0977837
0.0755195
0.0505405
0.157271
0.14501
0.147116
0.139976
0.061534
0.0758584
0.0930085
0.0823038
0.0735548
0.0627846
0.169672
0.149441
0.0849225
0.0619887
0.186728
0.0643559
0.162579
0.127587
0.0205956
0.0601893
0.0897918
0.112265
0.0446359
0.0312343
0.0436722
0.0397811
0.0753193
0.0732936
0.11966
0.0810774
0.0429442
0.21436
0.0238209
0.0699423
0.0984579
0.0970235
0.117758
0.0951251
0.0858995
0.0728915
0.246884
0.111037
0.0542945
0.101099
0.127121
0.122695
0.070956
0.0847283
0.047976
0.0316576
0.267772
0.0556317
0.0947426
0.108594
0.0610565
0.0624475
0.0578171
0.115454
0.0476625
0.0361993
0.102486
0.0371008
0.0483907
0.0510558
0.0999291
0.0558301
0.244378
0.076663
0.125749
0.132399
0.0527941
0.166089
0.0567542
0.162004
0.0396636
0.10201
0.0588908
0.0341949
0.0426571
0.0651176
0.0405945
0.017693
0.0560919
0.026209
0.123989
0.164092
0.0805067
0.0635624
0.0507052
0.0956574
0.0299949
0.123792
0.107931
0.0264927
0.0324681
0.0484289
0.110571
0.065611
0.0631195
0.0719005
0.0799153
0.0466523
0.13529
0.0746281
0.039698
0.0302295
0.0723935
0.0838755
0.13374
0.132197
0.0880701
0.184451
0.0221088
0.0712086
0.0592312
0.0352886
0.245549
0.145207
0.227443
0.0338211
0.0431296
0.0580431
0.0493025
0.102012
0.0249319
0.0637354
0.0323884
0.115648
0.02802
0.0607499
0.0899154
0.110272
0.0473889
0.118493
0.0526893
0.0409626
0.0609282
0.0404941
0.0936554
0.0659918
0.101973
0.0394031
0.24696
0.13771
0.145701
0.157818
0.0619925
0.0667954
0.0957875
0.10554
0.139278
0.0324658
0.245429
0.107119
0.0579114
0.0406048
0.0598254
0.0941792
0.0371598
0.224423
0.0868649
0.109399
0.0587437
0.0225314
0.0569659
0.0529544
0.0450182
0.0920306
0.0621925
0.094117
0.0875036
0.0405308
0.131173
0.200626
0.0289682
0.0566078
0.0253617
0.0553755
0.0552487
0.075373
0.0177279
0.0185364
0.0442408
0.0355842
0.0327831
0.064546
0.0877119
0.0920541
0.0690776
0.148507
0.0181087
0.159169
0.0428678
0.0459875
0.0499964
0.0605325
0.0552204
0.0548496
0.0818104
0.0349635
0.0697897
0.0476725
0.0531085
0.164871
0.0950762
0.200953
0.0584055
0.0631463
0.037084
0.0892506
0.127555
0.116467
0.0836945
0.0549325
0.0743355
0.175117
0.103745
0.0804641
0.0764244
0.087413
0.0461904
0.101949
0.0515895
0.131854
0.0414726
0.038401
0.0723377
0.0560705
0.059376
0.061603
0.156368
0.039161
0.0826902
0.0976987
0.0189977
0.0788696
0.155762
0.0883448
0.0526408
0.0825265
0.0464594
0.115508
0.0655949
0.0435746
0.153476
0.0988904
0.0800634
0.115992
0.0531253
0.0700634
0.0638587
0.0903121
0.0408092
0.0947672
0.126621
0.055707
0.173572
0.040731
0.108956
0.0471633
0.0908694
0.0163763
0.0444821
0.0721695
0.0500129
0.0938247
0.0540943
0.10769
0.0677206
0.0317741
0.130959
0.0850918
0.164183
0.0305136
0.0778436
0.0789454
0.160251
0.052674
0.0446468
0.066372
0.0785393
0.0256301
0.122857
0.0798486
0.255878
0.0410175
0.18773
0.0550671
0.0197639
0.0665579
0.0805449
0.0342944
0.050769
0.11135
0.0958109
0.0812682
0.157345
0.031588
0.0872459
0.104345
0.0789257
0.128859
0.106102
0.0645061
0.0739867
0.193212
0.110549
0.025887
0.102951
0.0522232
0.166748
0.0345995
0.133728
0.1139
0.231901
0.123999
0.102391
0.134253
0.189492
0.0723935
0.0576784
0.120833
0.208689
0.091254
0.0724214
0.156217
0.0237859
0.0914761
0.0633733
0.0454579
0.0342382
0.0559102
0.0550379
0.0594777
0.0522312
0.185192
0.02747
0.143986
0.0306991
0.0858168
0.124908
0.0979624
0.0166704
0.0560239
0.0900955
0.0501468
0.105127
0.0403236
0.0324955
0.0401201
0.0987862
0.0599269
0.100871
0.0937554
0.133388
0.0274865
0.0639814
0.0743459
0.0610372
0.0624053
0.0663073
0.104569
0.0266172
0.0745516
0.0956459
0.0780752
0.128062
0.0370873
0.0525951
0.0932913
0.115498
0.108218
0.0230979
0.0678368
0.0849124
0.240154
0.0469092
0.0333502
0.236922
0.0389118
0.106201
0.0693678
0.0505122
0.208461
0.0190032
0.0530063
0.056395
0.24556
0.0837104
0.1018
0.105565
0.0458557
0.0428619
0.0777171
0.0558393
0.0946109
0.0708941
0.0950558
0.0722635
0.151231
0.279385
0.0474529
0.0702425
0.0145676
0.0478589
0.0694476
0.0407425
0.031994
0.108426
0.0991694
0.035831
0.48751
0.0517315
0.0670547
0.0986025
0.126058
0.223805
0.0399687
0.254119
0.201316
0.195072
0.323282
0.19281
0.162569
0.0526924
0.0599601
0.096543
0.146537
0.107015
0.210951
0.117975
0.11942
0.201508
0.0491789
0.133498
0.118615
0.107404
0.157959
0.0659127
0.052443
0.0788047
0.250116
0.0981888
0.10662
0.280672
0.13605
0.205614
0.187076
0.114383
0.189294
0.224181
0.116305
0.207893
0.134435
0.291824
0.177894
0.155109
0.178916
0.089581
0.0925159
0.079223
0.0581793
0.160144
0.0827884
0.169672
0.182406
0.0737576
0.0904876
0.0834878
0.1007
0.129278
0.119998
0.161714
0.069019
0.275124
0.179557
0.135879
0.173678
0.0474505
0.0455739
0.241791
0.246803
0.262621
0.0497297
0.0790295
0.137607
0.076012
0.184534
0.105198
0.101814
0.250191
0.0751006
0.139323
0.101153
0.0780739
0.096228
0.142364
0.284005
0.0750723
0.0814522
0.12828
0.130331
0.314128
0.0776961
0.0756721
0.117494
0.13737
0.148223
0.191108
0.0839991
0.110038
0.0779936
0.112567
0.19896
0.170238
0.237238
0.187845
0.265751
0.226424
0.0660376
0.04455
0.0651664
0.197478
0.0923791
0.263246
0.103031
0.242399
0.0483118
0.0959112
0.176884
0.149897
0.12903
0.178758
0.114983
0.0574261
0.205582
0.118947
0.0575095
0.186073
0.0471391
0.0535715
0.139747
0.122491
0.31584
0.0872214
0.0719523
0.21778
0.0451805
0.0337583
0.088714
0.143632
0.245934
0.081441
0.0526321
0.0613933
0.0893044
0.173224
0.155766
0.212339
0.157129
0.228062
0.0816784
0.0920672
0.122155
0.0492771
0.210695
0.0398084
0.0475549
0.194744
0.120206
0.168749
0.119475
0.0570294
0.0709495
0.269496
0.210484
0.123605
0.180861
0.162923
0.303891
0.0917478
0.0436138
0.263643
0.0640099
0.0681308
0.137294
0.0625447
0.187788
0.10456
0.151713
0.187083
0.0537774
0.153142
0.0442574
0.204359
0.148431
0.0913257
0.283025
0.140825
0.145629
0.17339
0.3654
0.0679878
0.119997
0.0463195
0.208084
0.152152
0.213283
0.188032
0.159274
0.0411536
0.187776
0.0575663
0.217039
0.120442
0.0991469
0.164263
0.149015
0.137634
0.0850839
0.0566369
0.110692
0.205341
0.105236
0.0578416
0.270677
0.0941912
0.212725
0.108412
0.227264
0.0364648
0.106511
0.17711
0.112404
0.300336
0.125764
0.178106
0.311935
0.115473
0.0621265
0.0950356
0.0848679
0.0552001
0.137979
0.0214502
0.102126
0.0731688
0.0957055
0.184877
0.110308
0.0511974
0.0747615
0.137296
0.0798104
0.202787
0.266608
0.101223
0.134272
0.0828062
0.106699
0.126
0.172224
0.241142
0.114976
0.149619
0.118568
0.227426
0.13353
0.0625613
0.0609444
0.0505506
0.158872
0.160169
0.25243
0.148664
0.166911
0.0843794
0.1803
0.113277
0.0846328
0.0586636
0.148501
0.0394204
0.192161
0.176388
0.0851815
0.139046
0.116115
0.128708
0.209021
0.144022
0.0259113
0.18221
0.238919
0.0888479
0.220587
0.0963296
0.189526
0.296574
0.282287
0.119332
0.178049
0.0909974
0.140409
0.123072
0.20567
0.246806
0.0981919
0.0986031
0.118467
0.262269
0.373053
0.170843
0.083203
0.114021
0.109417
0.0855287
0.063347
0.0870642
0.210321
0.0696792
0.0385855
0.0531774
0.269212
0.040956
0.0667824
0.209906
0.146784
0.166664
0.107128
0.197804
0.0543832
0.0234905
0.054869
0.103893
0.176321
0.182181
0.0552264
0.0382613
0.0979655
0.11851
0.101519
0.0680616
0.118343
0.215514
0.055711
0.142665
0.0443734
0.117368
0.0428127
0.0755071
0.116262
0.151449
0.145934
0.0447523
0.0935389
0.218932
0.169695
0.231022
0.251359
0.0922022
0.0811872
0.0511148
0.137632
0.0562582
0.129286
0.22772
0.0958363
0.051977
0.100277
0.0286723
0.279567
0.14804
0.251922
0.145116
0.179233
0.19125
0.166878
0.200761
0.121315
0.0971302
0.111005
0.147167
0.339242
0.0818956
0.168103
0.0855911
0.207587
0.132556
0.106703
0.1458
0.197429
0.0823802
0.185665
0.172501
0.0778918
0.0520173
0.0898339
0.179519
0.291905
0.0642341
0.185258
0.236639
0.101419
0.0309958
0.145936
0.124902
0.17095
0.200746
0.295628
0.0887317
0.0842218
0.16826
0.107622
0.175834
0.166359
0.257354
0.178265
0.0480521
0.137977
0.12595
0.229
0.206323
0.10341
0.309015
0.153611
0.0469218
0.153849
0.0766015
0.260171
0.0447129
0.0949485
0.214589
0.128383
0.135698
0.107881
0.166485
0.130679
0.220871
0.186132
0.135366
0.139968
0.0517776
0.0746806
0.168709
0.114225
0.260904
0.308258
0.171216
0.215685
0.167139
0.0655945
0.172726
0.117574
0.096182
0.0944647
0.142644
0.228235
0.239121
0.135108
0.0840861
0.125876
0.0656601
0.176283
0.145205
0.107365
0.0474322
0.0624706
0.217092
0.2045
0.110102
0.348822
0.119492
0.0528808
0.102325
0.0835173
0.0673289
0.118853
0.196375
0.0516087
0.117593
0.103707
0.0917575
0.0924439
0.101922
0.0666661
0.211146
0.0590354
0.0833881
0.0860948
0.145459
0.0466013
0.127782
0.0430128
0.0238841
0.0676479
0.0458069
0.0878054
0.103009
0.197055
0.0816229
0.194775
0.0524742
0.141581
0.0915703
0.0629358
0.0923397
0.118853
0.144974
0.17583
0.143856
0.0960821
0.273269
0.210558
0.253438
0.157634
0.0753549
0.175945
0.0992261
0.0850045
0.053214
0.21206
0.346133
0.122516
0.117793
0.104094
0.136829
0.0762782
0.100477
0.171024
0.143392
0.170623
0.071986
0.0615434
0.276427
0.0667517
0.0969329
0.212662
0.159515
0.180055
0.0626436
0.246359
0.0451128
0.192555
0.174912
0.175909
0.22245
0.12963
0.14844
0.0804442
0.0560038
0.0646378
0.119517
0.162871
0.175905
0.0992876
0.0549082
0.0549886
0.041269
0.141032
0.248588
0.115
0.0731547
0.124068
0.131316
0.159018
0.117099
0.0972927
0.0814634
0.0888826
0.157637
0.147771
0.069157
0.0652907
0.115737
0.112157
0.0676558
0.158971
0.129245
0.338817
0.0725892
0.0484744
0.187824
0.0959737
0.234794
0.123311
0.0972931
0.233119
0.0782717
0.0579359
0.148965
0.136238
0.185052
0.129841
0.193441
0.0581569
0.159515
0.112508
0.1236
0.1736
0.129209
0.0974502
0.196785
0.123597
0.134669
0.144856
0.229085
0.0998914
0.103568
0.289336
0.0812004
0.15078
0.132776
0.185374
0.104078
0.087336
0.28119
0.153698
0.155589
0.0952894
0.0494309
0.0999333
0.170593
0.0874564
0.0709567
0.0973612
0.161751
0.15841
0.122955
0.247939
0.115471
0.089358
0.055205
0.0963061
0.252215
0.123547
0.159116
0.0647058
0.194536
0.173389
0.0396938
0.0845313
0.214292
0.0583066
0.107374
0.0824642
0.119121
0.225255
0.202424
0.185973
0.0726148
0.376761
0.243508
0.155415
0.220806
0.117063
0.0635337
0.115001
0.0470992
0.075029
0.10027
0.0416468
0.167744
0.200827
0.118553
0.185946
0.0544383
0.187445
0.103644
0.0983979
0.150384
0.485364
0.0867485
0.269593
0.10535
0.0348303
0.204397
0.037541
0.112691
0.244292
0.0315398
0.0378848
0.080815
0.0850594
0.144233
0.218069
0.0842062
0.185613
0.0876989
0.0498736
0.129482
0.104283
0.0665642
0.239246
0.1716
0.0807796
0.0441591
0.0848348
0.145217
0.11139
0.109187
0.106454
0.31731
0.172429
0.0439173
0.188603
0.177147
0.02351
0.211254
0.125412
0.297913
0.291502
0.172257
0.140109
0.0502961
0.0372513
0.131365
0.214575
0.0500352
0.0904869
0.0884475
0.118395
0.148123
0.123215
0.0527661
0.154112
0.0464922
0.0768935
0.057088
0.238418
0.158716
0.074396
0.23364
0.309428
0.135084
0.22238
0.059511
0.168471
0.0674558
0.0456127
0.088326
0.0450938
0.172514
0.0166886
0.0804157
0.0909755
0.119498
0.042663
0.107301
0.125086
0.109672
0.060715
0.0529401
0.0440108
0.185342
0.10495
0.134286
0.0424855
0.0830302
0.226428
0.0212035
0.123268
0.110174
0.092546
0.174249
0.153988
0.331231
0.106825
0.0724259
0.149442
0.0592096
0.0825097
0.034569
0.206147
0.0314839
0.0985876
0.0522554
0.121729
0.119644
0.170432
0.0438447
0.132653
0.0780169
0.319057
0.106357
0.023859
0.097867
0.0396843
0.0807851
0.0498497
0.0803946
0.0813791
0.100388
0.0851119
0.139934
0.121811
0.230757
0.37417
0.181575
0.0639401
0.120566
0.0781642
0.121984
0.136449
0.0407523
0.214377
0.0565027
0.0383375
0.156642
0.107962
0.146322
0.143066
0.0694376
0.11484
0.129909
0.103999
0.233241
0.224913
0.0762176
0.123546
0.119373
0.0811246
0.308024
0.0662896
0.0530131
0.189022
0.143242
0.0566937
0.179006
0.0364884
0.0867092
0.0960621
0.0329235
0.0533199
0.23429
0.0510765
0.0547195
0.18175
0.0711548
0.21669
0.0866069
0.152917
0.286019
0.0617538
0.0922784
0.201322
0.205472
0.0571164
0.153511
0.118274
0.0718757
0.0981033
0.0867067
0.108258
0.10475
0.138742
0.0515862
0.126318
0.169685
0.0329795
0.104285
0.150788
0.0751411
0.0864811
0.101721
0.192905
0.0479068
0.032918
0.0212808
0.154278
0.0930209
0.095989
0.232948
0.166325
0.0800955
0.0317919
0.0573891
0.279843
0.0541761
0.0794713
0.132657
0.184624
0.126545
0.0524682
0.122008
0.110155
0.342138
0.0795557
0.0914115
0.0816443
0.028425
0.0691425
0.0846427
0.0642492
0.176587
0.192998
0.119277
0.0619505
0.114924
0.130243
0.0422456
0.106486
0.0664258
0.158745
0.0355872
0.143422
0.0876768
0.0992727
0.179444
0.142318
0.0884923
0.0220226
0.125293
0.0695729
0.0762598
0.112217
0.116862
0.0531023
0.210258
0.0639039
0.18803
0.117606
0.086561
0.180156
0.112485
0.14389
0.0944857
0.198494
0.195914
0.0438723
0.141974
0.194396
0.273513
0.178318
0.0334273
0.096864
0.0615252
0.122807
0.0790581
0.13096
0.0857
0.0915127
0.1029
0.124825
0.245519
0.104531
0.0653234
0.113096
0.0965253
0.0289475
0.125263
0.13825
0.197071
0.242405
0.0619288
0.0759424
0.0657978
0.117302
0.0557773
0.0484018
0.0849195
0.0932668
0.0469118
0.112363
0.0618882
0.0853032
0.148482
0.0990955
0.0611519
0.0730411
0.0994671
0.131248
0.146439
0.155194
0.0347384
0.0368524
0.0940069
0.126896
0.0786596
0.16876
0.257459
0.237202
0.171446
0.0343675
0.162437
0.24191
0.0896622
0.0783982
0.232836
0.123768
0.03515
0.13026
0.110179
0.243738
0.193087
0.13223
0.0455755
0.0817046
0.0920351
0.0467049
0.245957
0.111573
0.27342
0.117627
0.0748075
0.11432
0.154349
0.139828
0.129063
0.0450843
0.184559
0.104862
0.0903017
0.0895016
0.0154827
0.063583
0.0549792
0.0844313
0.157478
0.063937
0.0701634
0.0560503
0.0873585
0.121996
0.0736098
0.104553
0.164027
0.145002
0.150481
0.104185
0.170535
0.0491
0.0686691
0.150224
0.109993
0.0953144
0.092229
0.0601994
0.139764
0.0392963
0.0708529
0.118399
0.118
0.134344
0.220291
0.156702
0.0378692
0.156874
0.0968239
0.0449856
0.210627
0.161669
0.0712412
0.0343517
0.0624607
0.0779867
0.184105
0.0700113
0.0744589
0.194503
0.0495999
0.0744459
0.078629
0.106969
0.0718907
0.092893
0.106994
0.161663
0.0335619
0.100535
0.0551835
0.0638921
0.17692
0.106669
0.065654
0.170927
0.0954388
0.0570696
0.112179
0.136971
0.149129
0.189315
0.0622053
0.120052
0.103789
0.0393718
0.107729
0.0676117
0.230814
0.123961
0.108141
0.0708698
0.0528502
0.0731776
0.117545
0.164719
0.094065
0.0573647
0.239669
0.232055
0.0490787
0.0729545
0.112422
0.111011
0.171194
0.114751
0.0436618
0.261289
0.130475
0.0786519
0.0957044
0.278233
0.0383389
0.0750729
0.0327042
0.055442
0.123027
0.0706093
0.145496
0.0276468
0.130837
0.0466987
0.156868
0.0433039
0.0629293
0.12777
0.126972
0.11505
0.186905
0.0615976
0.139289
0.153439
0.174822
0.0958178
0.074941
0.147158
0.0866278
0.128801
0.22203
0.250484
0.256965
0.182132
0.0627545
0.0554199
0.10227
0.131478
0.0766457
0.10677
0.183977
0.0340758
0.101526
0.199683
0.0416462
0.102607
0.0995323
0.119587
0.0604795
0.210932
0.153568
0.0723384
0.0354345
0.0417756
0.102513
0.113579
0.0949347
0.0916881
0.0624081
0.137354
0.0515985
0.0659019
0.168811
0.144685
0.0619932
0.172402
0.0695863
0.0620419
0.117618
0.0977832
0.0824161
0.0686076
0.0775312
0.235144
0.141191
0.0248647
0.100278
0.0985493
0.0817396
0.227612
0.320792
0.0344588
0.0799864
0.115781
0.124534
0.0784248
0.0459067
0.126046
0.132063
0.224112
0.0628487
0.0667298
0.127121
0.0434347
0.094513
0.03298
0.15571
0.255613
0.157066
0.15278
0.0918211
0.274358
0.182675
0.0825533
0.250452
0.0672946
0.130436
0.136211
0.0428432
0.133234
0.0746577
0.0472032
0.205746
0.0507481
0.23374
0.133798
0.0812754
0.0309172
0.0920525
0.0570484
0.0531955
0.0873263
0.0348204
0.0613302
0.094623
0.0413472
0.136442
0.0411162
0.0855902
0.102926
0.121758
0.0728412
0.122597
0.110181
0.0734875
0.0874226
0.279984
0.0325918
0.0435432
0.0664295
0.0338303
0.135964
0.313398
0.120201
0.291134
0.240375
0.0626417
0.156553
0.166698
0.111328
0.091692
0.2236
0.214363
0.0885076
0.160219
0.167754
0.174076
0.0680305
0.127235
0.0672902
0.0298814
0.181139
0.0299641
0.0997619
0.0687807
0.0518028
0.275563
0.148554
0.127268
0.0602492
0.15453
0.104699
0.12889
0.180062
0.236992
0.154883
0.0767869
0.0980859
0.14035
0.0416423
0.137556
0.0456275
0.118356
0.110188
0.295149
0.141639
0.0278094
0.0362872
0.0479484
0.118685
0.162185
0.0794253
0.141011
