0.412083
0.221851
0.291211
0.253177
0.169451
0.203998
0.269545
0.207136
0.214623
0.194871
0.275729
0.237906
0.226509
0.256631
0.243097
0.258361
0.261006
0.154077
0.217323
0.254578
0.214041
0.291048
0.228739
0.309585
0.257684
0.20038
0.229495
0.230167
0.303435
0.312264
0.21047
0.232041
0.260268
0.286586
0.274758
0.346031
0.290766
0.192797
0.255363
0.169139
0.301896
0.241506
0.252733
0.214089
0.277665
0.305931
0.270736
0.249338
0.162307
0.355071
0.290147
0.24939
0.207412
0.226008
0.170952
0.26453
0.264546
0.29635
0.168173
0.267119
0.322352
0.259586
0.313101
0.292625
0.250478
0.24692
0.253509
0.245346
0.182538
0.274065
0.197917
0.281486
0.113655
0.314797
0.413937
0.223255
0.255975
0.242771
0.222679
0.291153
0.251538
0.285646
0.275938
0.257896
0.258364
0.208978
0.210364
0.230667
0.253043
0.220795
0.233463
0.322979
0.153272
0.235957
0.330608
0.30338
0.347476
0.278745
0.28376
0.29478
0.339237
0.222077
0.220449
0.285733
0.253203
0.248225
0.228109
0.291329
0.186219
0.217731
0.233591
0.248381
0.284304
0.321555
0.278343
0.290425
0.215316
0.254888
0.266981
0.262417
0.234632
0.228507
0.202715
0.327257
0.247883
0.279777
0.215238
0.290942
0.267204
0.239278
0.216126
0.220249
0.253878
0.324651
0.275831
0.393404
0.237626
0.294546
0.260452
0.288205
0.204452
0.235856
0.216843
0.285163
0.218651
0.271016
0.219883
0.270843
0.186393
0.276774
0.231303
0.363149
0.199418
0.317361
0.298991
0.221282
0.223436
0.246529
0.372676
0.292963
0.274939
0.310474
0.199566
0.24764
0.25675
0.248713
0.230673
0.202831
0.302947
0.292443
0.29636
0.343561
0.226187
0.228606
0.278882
0.218877
0.18477
0.270043
0.288333
0.256596
0.194577
0.181939
0.181301
0.253612
0.302709
0.21556
0.211759
0.23057
0.253689
0.130853
0.24873
0.0758745
0.236487
0.221791
0.267882
0.275257
0.348278
0.283835
0.279783
0.231042
0.300373
0.263316
0.213753
0.297077
0.272161
0.284638
0.197163
0.250374
0.258661
0.31566
0.185442
0.254392
0.237754
0.225645
0.235468
0.197059
0.281698
0.354205
0.253066
0.279574
0.249775
0.374771
0.314033
0.339558
0.341138
0.346613
0.24439
0.313401
0.312298
0.245168
0.200715
0.272181
0.24008
0.231169
0.286505
0.311433
0.22726
0.258998
0.234343
0.203181
0.255802
0.261827
0.22977
0.253349
0.283747
0.258177
0.191238
0.224233
0.189219
0.288981
0.229864
0.20184
0.314891
0.21475
0.231798
0.198902
0.264003
0.328028
0.233883
0.306026
0.259659
0.257329
0.241161
0.319647
0.332564
0.190852
0.290455
0.251231
0.272947
0.254638
0.271147
0.274628
0.296238
0.194698
0.157554
0.24893
0.203529
0.360489
0.214484
0.280092
0.160158
0.210828
0.23283
0.30443
0.259164
0.271773
0.17805
0.344833
0.294132
0.226864
0.27353
0.236698
0.244856
0.227596
0.280277
0.277789
0.321294
0.1813
0.273674
0.206755
0.254508
0.213675
0.202142
0.268062
0.31901
0.227279
0.229239
0.265164
0.409773
0.266954
0.324638
0.254812
0.291709
0.20346
0.241868
0.259915
0.293682
0.231968
0.199329
0.280581
0.198556
0.19141
0.269454
0.195671
0.264177
0.196576
0.199707
0.25144
0.249013
0.194117
0.272727
0.29985
0.24726
0.209588
0.30962
0.263539
0.222877
0.185132
0.262071
0.236146
0.245961
0.306124
0.172852
0.216788
0.182623
0.202683
0.394627
0.296357
0.225686
0.244294
0.288852
0.315549
0.177251
0.250127
0.229918
0.195967
0.223468
0.190642
0.248239
0.288322
0.265586
0.211616
0.185889
0.295261
0.254142
0.125534
0.206148
0.210071
0.187786
0.191795
0.225804
0.181612
0.26813
0.264677
0.236641
0.237658
0.175259
0.327848
0.266816
0.263373
0.229148
0.202564
0.179471
0.308155
0.213252
0.275721
0.26795
0.236806
0.303381
0.25324
0.246208
0.255253
0.243374
0.25497
0.175764
0.224242
0.21113
0.274306
0.300548
0.281202
0.165283
0.264729
0.270945
0.237405
0.166536
0.184901
0.176065
0.269273
0.281499
0.246243
0.334174
0.208038
0.283593
0.292104
0.229895
0.192585
0.262484
0.183851
0.370498
0.294937
0.279156
0.287431
0.254227
0.240683
0.354968
0.243086
0.228445
0.240113
0.293076
0.24791
0.230462
0.331725
0.247768
0.213138
0.146036
0.166787
0.238344
0.237174
0.28177
0.295055
0.287892
0.308641
0.217123
0.339538
0.307818
0.311914
0.242579
0.222158
0.151537
0.251404
0.178017
0.245754
0.300418
0.275038
0.234401
0.187211
0.148926
0.187823
0.159042
0.272692
0.318592
0.272439
0.228198
0.32604
0.283158
0.178407
0.290561
0.277454
0.221702
0.195711
0.242463
0.289266
0.272273
0.236155
0.171303
0.249478
0.26405
0.266288
0.26235
0.25872
0.187562
0.256676
0.301373
0.225877
0.223389
0.278829
0.303431
0.255913
0.273972
0.275178
0.243338
0.22054
0.247254
0.226622
0.197011
0.322217
0.317717
0.297941
0.212797
0.291247
0.293053
0.55176
0.251842
0.315295
0.279293
0.299731
0.330338
0.305919
0.286869
0.192249
0.328954
0.246659
0.315606
0.362415
0.398866
0.271795
0.344734
0.339133
0.29078
0.369386
0.407497
0.322705
0.323304
0.251339
0.263448
0.333911
0.308044
0.238162
0.194227
0.257913
0.270773
0.274438
0.306312
0.277202
0.40619
0.33095
0.327673
0.319432
0.269219
0.345289
0.26608
0.374447
0.272893
0.369312
0.344515
0.259815
0.29503
0.350924
0.198427
0.281632
0.386236
0.279399
0.268517
0.255921
0.362619
0.300077
0.254846
0.390786
0.265012
0.368041
0.336772
0.295721
0.354705
0.376574
0.242879
0.365161
0.399391
0.352507
0.25004
0.255058
0.288136
0.267654
0.288922
0.281923
0.339822
0.315739
0.274298
0.345573
0.293853
0.314418
0.217165
0.231186
0.331699
0.340935
0.302648
0.317982
0.180813
0.223694
0.275949
0.369196
0.203222
0.270745
0.319468
0.309402
0.306242
0.250512
0.291968
0.269873
0.360041
0.276009
0.365311
0.255001
0.275923
0.260123
0.295984
0.258755
0.359085
0.22536
0.32937
0.339372
0.339331
0.356815
0.24324
0.292679
0.273723
0.330944
0.287766
0.225949
0.281357
0.246097
0.334536
0.398575
0.362319
0.343612
0.316147
0.302969
0.322406
0.272813
0.269709
0.203844
0.286571
0.240705
0.330462
0.284374
0.317357
0.347176
0.269041
0.25792
0.264962
0.212552
0.344655
0.180247
0.327459
0.315455
0.273167
0.20352
0.214498
0.255566
0.228947
0.1996
0.238812
0.333317
0.354341
0.307243
0.285554
0.324234
0.373588
0.212581
0.310397
0.306855
0.265931
0.264074
0.40034
0.313785
0.32409
0.288035
0.183453
0.315935
0.211364
0.331736
0.347585
0.221047
0.281844
0.227416
0.301719
0.3254
0.201867
0.201889
0.208123
0.291082
0.35529
0.33191
0.240957
0.341297
0.340411
0.302357
0.280411
0.276888
0.332833
0.361056
0.412394
0.256504
0.299925
0.296907
0.327117
0.232001
0.241701
0.257893
0.247028
0.381374
0.32029
0.323727
0.309015
0.277695
0.294754
0.358009
0.361368
0.411105
0.389489
0.390332
0.228326
0.33675
0.183002
0.204074
0.287119
0.330442
0.266891
0.266993
0.319937
0.324012
0.30992
0.295904
0.295078
0.391637
0.28099
0.258416
0.291672
0.343255
0.268644
0.355764
0.224127
0.326707
0.300038
0.263427
0.39312
0.284285
0.23451
0.273262
0.21762
0.241189
0.340012
0.364629
0.305797
0.279864
0.241812
0.264312
0.284452
0.251647
0.298856
0.246167
0.277015
0.290286
0.322256
0.374495
0.29924
0.318884
0.363389
0.230788
0.347825
0.346878
0.18276
0.241015
0.396161
0.246539
0.352572
0.318757
0.326714
0.388727
0.307041
0.224551
0.420738
0.356227
0.283084
0.386965
0.287789
0.283296
0.292515
0.312444
0.293763
0.270955
0.270275
0.159048
0.312845
0.363492
0.251334
0.340759
0.35492
0.334771
0.312867
0.318134
0.273607
0.302028
0.283166
0.266029
0.29305
0.265807
0.367436
0.245567
0.311306
0.308753
0.420006
0.26469
0.301856
0.303663
0.340181
0.34349
0.355653
0.380255
0.342928
0.269148
0.351758
0.301504
0.261777
0.391355
0.292618
0.317294
0.302318
0.313595
0.270009
0.345183
0.362771
0.274968
0.296289
0.236908
0.291408
0.194174
0.335515
0.302057
0.410182
0.245645
0.287038
0.33783
0.377076
0.307069
0.307458
0.226812
0.271069
0.327921
0.239692
0.319372
0.376124
0.317226
0.323482
0.367078
0.233413
0.253602
0.252406
0.223663
0.253836
0.248417
0.323305
0.29525
0.330809
0.333051
0.274655
0.355425
0.235258
0.262788
0.364677
0.303085
0.218201
0.214975
0.250516
0.411517
0.297943
0.347184
0.306981
0.321503
0.277913
0.379684
0.268032
0.311845
0.364077
0.262607
0.314368
0.37066
0.360054
0.299276
0.291055
0.332738
0.269682
0.283648
0.338872
0.195321
0.35952
0.164532
0.294082
0.307322
0.282681
0.357134
0.309607
0.302505
0.295898
0.38519
0.316487
0.257202
0.351753
0.350557
0.290557
0.295608
0.311306
0.276652
0.314239
0.308859
0.39808
0.29515
0.257401
0.301085
0.278537
0.372446
0.284763
0.292064
0.280587
0.292387
0.285309
0.280663
0.231602
0.294945
0.420317
0.333795
0.425581
0.388303
0.294362
0.337715
0.317885
0.336694
0.328758
0.251797
0.360271
0.173888
0.265825
0.313498
0.235183
0.198359
0.284866
0.282742
0.275008
0.265833
0.26563
0.281924
0.302454
0.319078
0.306661
0.390741
0.293561
0.288833
0.38794
0.336026
0.26928
0.250605
0.300157
0.396252
0.309973
0.376411
0.283911
0.223569
0.339629
0.272396
0.259891
0.302054
0.244134
0.382638
0.329088
0.269384
0.337885
0.253776
0.350179
0.281327
0.323497
0.258936
0.257888
0.410739
0.25409
0.298281
0.242367
0.379122
0.307057
0.338064
0.263151
0.331592
0.173556
0.350425
0.433585
0.337809
0.286036
0.449039
0.36977
0.380827
0.292466
0.285603
0.300963
0.289654
0.310952
0.295001
0.252316
0.248382
0.388616
0.295043
0.41374
0.216844
0.390305
0.522237
0.406718
0.392644
0.369226
0.376028
0.334607
0.349643
0.369676
0.424569
0.289008
0.415475
0.390582
0.374972
0.316004
0.384531
0.424711
0.38513
0.356976
0.409746
0.441367
0.412075
0.363457
0.399668
0.393777
0.357003
0.309027
0.357223
0.357079
0.436232
0.403816
0.337667
0.290798
0.349859
0.408062
0.349877
0.400331
0.401816
0.355335
0.350302
0.406689
0.314213
0.401922
0.384096
0.390736
0.381782
0.364113
0.331444
0.427139
0.340329
0.399938
0.442602
0.443008
0.379383
0.396318
0.380005
0.367699
0.307577
0.379866
0.317376
0.374453
0.34807
0.38648
0.396421
0.385085
0.417066
0.401153
0.381551
0.390116
0.379364
0.321181
0.480495
0.324814
0.289039
0.460574
0.373463
0.40099
0.330464
0.333071
0.369179
0.340692
0.427397
0.31469
0.408089
0.368709
0.382426
0.401019
0.357515
0.378003
0.363588
0.274045
0.366971
0.421914
0.341794
0.337511
0.340504
0.358144
0.355593
0.349778
0.331446
0.382754
0.299989
0.344784
0.357497
0.365052
0.358149
0.403188
0.464404
0.32576
0.395742
0.398568
0.415251
0.231999
0.307286
0.25797
0.35021
0.266012
0.312588
0.385404
0.42259
0.382159
0.296552
0.416676
0.341055
0.410465
0.353869
0.261956
0.349401
0.343638
0.330181
0.323951
0.386589
0.304797
0.302694
0.371414
0.473602
0.379619
0.341366
0.353179
0.273402
0.381015
0.231038
0.3931
0.429991
0.303741
0.425023
0.377363
0.287738
0.32465
0.367581
0.348825
0.381616
0.351583
0.288027
0.285049
0.415358
0.467732
0.296531
0.328424
0.339753
0.241401
0.307216
0.370783
0.384998
0.361518
0.289679
0.39364
0.383166
0.318245
0.340541
0.369988
0.337978
0.290546
0.335097
0.396819
0.397839
0.405849
0.390925
0.402165
0.408042
0.366944
0.411665
0.208877
0.340458
0.403656
0.370872
0.45174
0.42852
0.335538
0.355086
0.379654
0.359327
0.326487
0.401884
0.35347
0.374255
0.351518
0.436128
0.417694
0.289322
0.448419
0.351682
0.432796
0.383031
0.374289
0.348954
0.413515
0.300909
0.443862
0.361988
0.359972
0.313422
0.458018
0.342851
0.35045
0.314097
0.328052
0.298859
0.366826
0.401156
0.351658
0.40864
0.413069
0.442652
0.296604
0.376702
0.377841
0.36411
0.183636
0.282748
0.334518
0.417771
0.383624
0.373201
0.369677
0.429923
0.379169
0.381506
0.404494
0.392146
0.335055
0.399943
0.36579
0.402236
0.39064
0.375095
0.379694
0.375998
0.300435
0.430336
0.356706
0.394612
0.266142
0.377009
0.442489
0.36828
0.233598
0.377688
0.260454
0.374306
0.385367
0.406299
0.410889
0.354028
0.371662
0.414968
0.320098
0.322693
0.327102
0.437447
0.309057
0.428
0.261668
0.333584
0.441452
0.434212
0.447636
0.343478
0.381501
0.265061
0.323832
0.488813
0.352992
0.468688
0.302769
0.393121
0.389291
0.365711
0.330833
0.358695
0.326503
0.270697
0.338143
0.444944
0.404
0.241199
0.382228
0.358551
0.346867
0.386106
0.423259
0.386358
0.404412
0.330248
0.333018
0.355881
0.438399
0.378979
0.357813
0.442467
0.376304
0.384264
0.345819
0.469253
0.34284
0.268193
0.262261
0.400248
0.402408
0.341178
0.337239
0.402738
0.32823
0.336727
0.308603
0.381011
0.329215
0.378837
0.411968
0.377203
0.320921
0.371734
0.439985
0.414873
0.379439
0.422579
0.42922
0.35233
0.445874
0.322358
0.29815
0.254599
0.42259
0.370056
0.399443
0.392458
0.379176
0.380269
0.348747
0.346738
0.354328
0.424909
0.447629
0.400241
0.352337
0.430906
0.358135
0.334582
0.377784
0.389344
0.309238
0.309521
0.350169
0.392998
0.433116
0.388453
0.360645
0.355919
0.382529
0.398368
0.432043
0.365151
0.390438
0.412316
0.409586
0.422753
0.323707
0.385958
0.382692
0.385569
0.353132
0.335649
0.413024
0.395597
0.417607
0.333758
0.3269
0.343918
0.35232
0.351719
0.442686
0.404923
0.343808
0.3833
0.278354
0.238829
0.408852
0.388251
0.293953
0.300546
0.379064
0.390898
0.376129
0.442309
0.377355
0.349259
0.402844
0.376608
0.361057
0.384702
0.395647
0.348675
0.365354
0.374244
0.45176
0.258439
0.369724
0.334277
0.316659
0.306771
0.345092
0.382398
0.428381
0.292586
0.281933
0.326661
0.347948
0.356544
0.400831
0.348822
0.403296
0.393012
0.315975
0.405192
0.37479
0.327723
0.360936
0.434977
0.382331
0.290235
0.299993
0.31529
0.388534
0.363987
0.331613
0.240006
0.383145
0.323655
0.364528
0.384298
0.223055
0.339799
0.367927
0.328663
0.347605
0.43615
0.442867
0.381328
0.294952
0.390058
0.3419
0.322378
0.339482
0.346228
0.440414
0.326496
0.374678
0.323768
0.332076
0.299729
0.366732
0.426796
0.364846
0.377383
0.328874
0.401619
0.380563
0.410759
0.282445
0.400652
0.363982
0.359965
0.433199
0.360119
0.392946
0.332056
0.244913
0.298145
0.32865
0.377754
0.288594
0.325158
0.384295
0.395299
0.353008
0.388237
0.343314
0.395816
0.42139
0.305638
0.395033
0.354162
0.326932
0.433737
0.429341
0.397938
0.441684
0.336325
0.227948
0.444948
0.32543
0.468445
0.424995
0.439083
0.447201
0.433742
0.278716
0.422765
0.472509
0.378789
0.412831
0.391649
0.389495
0.3725
0.422277
0.413788
0.426049
0.355125
0.393498
0.328976
0.442573
0.470046
0.269052
0.473579
0.358979
0.498118
0.470514
0.431228
0.401444
0.416036
0.48837
0.526027
0.342283
0.415489
0.432023
0.366869
0.325002
0.45782
0.483567
0.463773
0.372866
0.468891
0.301781
0.266467
0.475183
0.465921
0.399432
0.475125
0.428046
0.508763
0.404835
0.454011
0.331734
0.439894
0.417016
0.321525
0.431633
0.370802
0.298643
0.333823
0.311307
0.396939
0.342223
0.343317
0.43519
0.28924
0.357927
0.296594
0.404889
0.401876
0.477164
0.343703
0.329178
0.453171
0.414083
0.494708
0.477549
0.454536
0.433366
0.387131
0.310173
0.352705
0.433117
0.407887
0.35245
0.427152
0.390675
0.454466
0.418628
0.482513
0.466144
0.381737
0.296184
0.447397
0.42701
0.422691
0.350971
0.324735
0.24652
0.408293
0.480546
0.47115
0.47643
0.478774
0.386628
0.319765
0.397409
0.380714
0.435216
0.378611
0.229645
0.374374
0.400879
0.383595
0.393911
0.404872
0.48356
0.408856
0.503841
0.413955
0.43197
0.414656
0.277557
0.44491
0.426012
0.374834
0.486291
0.400661
0.415054
0.357459
0.40838
0.474437
0.439958
0.274091
0.379732
0.45237
0.408343
0.437672
0.437972
0.27003
0.300488
0.44894
0.316808
0.450817
0.259286
0.447435
0.460572
0.388173
0.423504
0.520588
0.407611
0.4131
0.420012
0.430911
0.478783
0.387897
0.426089
0.342892
0.424057
0.457174
0.458207
0.361835
0.35403
0.439586
0.422154
0.408719
0.352621
0.460804
0.464823
0.309451
0.442348
0.363887
0.3568
0.374295
0.39569
0.30536
0.399504
0.358323
0.356023
0.482183
0.466912
0.42677
0.380813
0.347344
0.241594
0.466211
0.424714
0.368059
0.262011
0.42446
0.431792
0.473556
0.391847
0.33789
0.44817
0.173767
0.526347
0.38268
0.266533
0.205332
0.37713
0.398022
0.424292
0.403779
0.26402
0.279996
0.285273
0.405258
0.402705
0.288052
0.430434
0.303808
0.233233
0.417645
0.440666
0.409807
0.276873
0.40521
0.359207
0.329034
0.459859
0.419119
0.325378
0.260925
0.48271
0.419653
0.390616
0.430197
0.43325
0.285975
0.340223
0.408647
0.413919
0.36032
0.351704
0.394843
0.416014
0.276044
0.433778
0.503349
0.344473
0.279976
0.428468
0.30006
0.458171
0.468251
0.321981
0.416136
0.327362
0.468559
0.394917
0.38414
0.486562
0.439967
0.295923
0.454839
0.348278
0.469333
0.417245
0.416638
0.422876
0.464893
0.415436
0.464704
0.402813
0.406529
0.311923
0.240793
0.385533
0.387611
0.43841
0.399715
0.316881
0.342645
0.268741
0.405243
0.355262
0.396959
0.352251
0.413732
0.449513
0.412796
0.317476
0.421848
0.447342
0.471131
0.421845
0.414805
0.235837
0.407413
0.509774
0.350216
0.445391
0.412545
0.306305
0.248464
0.348088
0.418618
0.460414
0.296691
0.318267
0.21829
0.426276
0.355659
0.355782
0.347746
0.470634
0.371432
0.266026
0.343325
0.400341
0.441318
0.471245
0.426889
0.498724
0.27416
0.303904
0.413614
0.460872
0.299656
0.398965
0.471745
0.464966
0.395033
0.423939
0.411887
0.451861
0.49155
0.245897
0.426191
0.43824
0.363067
0.397397
0.349202
0.419656
0.211722
0.40566
0.426885
0.406074
0.481712
0.365865
0.310785
0.425342
0.42059
0.451226
0.394786
0.422105
0.404103
0.249563
0.374018
0.378498
0.459194
0.408241
0.45368
0.420662
0.405703
0.430132
0.452685
0.39511
0.313902
0.477628
0.496454
0.452934
0.432143
0.437468
0.436744
0.406227
0.438904
0.340328
0.271178
0.435389
0.43743
0.410074
0.407389
0.364365
0.48483
0.332065
0.433316
0.319267
0.459708
0.326312
0.496466
0.481168
0.199501
0.465092
0.452471
0.43038
0.454408
0.388401
0.432077
0.32413
0.390117
0.264748
0.305697
0.409283
0.530208
0.398035
0.415344
0.450377
0.38765
0.270945
0.394484
0.471011
0.420751
0.428876
0.471976
0.362595
0.397395
0.342044
0.492146
0.448275
0.456509
0.458755
0.375771
0.310993
0.515972
0.473027
0.505332
0.375919
0.389692
0.470552
0.433122
0.373845
0.50748
0.401375
0.406082
0.41063
0.415582
0.442397
0.392612
0.256668
0.437031
0.405743
0.457098
0.273081
0.321515
0.4164
0.397201
0.44502
0.503137
0.343893
0.434561
0.41139
0.446318
0.46854
0.446668
0.488639
0.439879
0.334448
0.442999
0.463918
0.427554
0.459918
0.441362
0.453092
0.354146
0.443658
0.374155
0.458464
0.374718
0.510381
0.479022
0.41626
0.503381
0.47236
0.318776
0.418215
0.468104
0.247602
0.361879
0.361539
0.374581
0.324725
0.263045
0.447577
0.370985
0.408312
0.364297
0.368513
0.435101
0.375811
0.525586
0.324853
0.370995
0.363017
0.431345
0.472522
0.371508
0.559489
0.320273
0.352977
0.435316
0.470206
0.634009
0.455224
0.497682
0.488408
0.261294
0.380822
0.364069
0.326025
0.115104
0.37187
0.221402
0.311523
0.449859
0.407367
0.284957
0.491209
0.435807
0.470123
0.486553
0.438389
0.464651
0.315871
0.377524
0.315913
0.372398
0.46361
0.340218
0.322698
0.370372
0.422059
0.404982
0.407078
0.420083
0.402277
0.10538
0.310498
0.460574
0.340885
0.392449
0.28773
0.395045
0.298739
0.258863
0.456474
0.370799
0.428094
0.400775
0.349202
0.524212
0.270287
0.493101
0.130041
0.45951
0.273129
0.248747
0.40768
0.331542
0.50319
0.48333
0.176533
0.267896
0.274355
0.438211
0.427236
0.411749
0.412284
0.345934
0.320979
0.125919
0.425681
0.369061
0.370899
0.335989
0.373018
0.289737
0.378381
0.317118
0.331887
0.338783
0.245017
0.50235
0.522965
0.395746
0.169515
0.291838
0.446822
0.379043
0.439275
0.327276
0.352143
0.495357
0.321853
0.418859
0.255932
0.408117
0.448206
0.289444
0.412184
0.190638
0.18677
0.157293
0.389514
0.362622
0.372898
0.348566
0.379866
0.271776
0.440438
0.404503
0.388289
0.357208
0.251759
0.345786
0.266532
0.422149
0.381201
0.447935
0.492773
0.478667
0.327863
0.284608
0.432185
0.365529
0.348355
0.420095
0.266617
0.36576
0.362597
0.280455
0.523157
0.3309
0.34029
0.391225
0.257168
0.364841
0.353635
0.451175
0.406354
0.348465
0.379448
0.281461
0.423768
0.297585
0.320747
0.311616
0.238283
0.399066
0.290031
0.307192
0.279069
0.278941
0.351352
0.404361
0.218675
0.361884
0.421631
0.312258
0.436395
0.386026
0.174277
0.470903
0.362565
0.311196
0.294818
0.402156
0.358629
0.33796
0.410661
0.21267
0.385879
0.327975
0.45618
0.422059
0.345396
0.423278
0.390272
0.1772
0.348993
0.308723
0.182588
0.400682
0.498457
0.297663
0.38357
0.263958
0.499294
0.359941
0.428095
0.372699
0.31012
0.365723
0.394971
0.318854
0.28627
0.40831
0.287888
0.480304
0.39613
0.314714
0.379865
0.411117
0.335152
0.398813
0.261236
0.367093
0.367046
0.373052
0.237215
0.164818
0.301605
0.339835
0.353329
0.384589
0.369927
0.40633
0.275345
0.212033
0.351423
0.314327
0.450492
0.29002
0.300993
0.32447
0.328983
0.368967
0.414735
0.331595
0.401533
0.455019
0.365628
0.305874
0.192331
0.306802
0.223549
0.527341
0.458317
0.510122
0.38425
0.395448
0.353895
0.381393
0.366603
0.423029
0.190743
0.405815
0.33216
0.250187
0.411168
0.302009
0.330053
0.262384
0.283048
0.355511
0.310407
0.420676
0.294749
0.465056
0.294373
0.353774
0.395021
0.394742
0.408557
0.278088
0.397747
0.366071
0.328101
0.424339
0.484772
0.250333
0.498753
0.317321
0.329582
0.403183
0.266871
0.273901
0.495264
0.323639
0.336445
0.423585
0.3608
0.461484
0.444933
0.471672
0.441761
0.431066
0.461451
0.168347
0.367448
0.284896
0.374546
0.417449
0.318366
0.397583
0.375134
0.389793
0.406412
0.389432
0.329863
0.312451
0.423809
0.494927
0.503354
0.343776
0.35533
0.422562
0.40643
0.33843
0.291465
0.326335
0.34344
0.197462
0.2137
0.521677
0.33376
0.363043
0.351862
0.347876
0.310159
0.529092
0.354966
0.373875
0.359279
0.323449
0.300315
0.362043
0.39065
0.344955
0.358139
0.326603
0.358544
0.411555
0.360496
0.330759
0.276398
0.315628
0.332719
0.353428
0.314142
0.333287
0.330927
0.251442
0.352381
0.338587
0.385826
0.341459
0.204558
0.340127
0.377209
0.189592
0.22129
0.361826
0.450969
0.240735
0.301895
0.429311
0.36766
0.350175
0.165903
0.346128
0.387913
0.204253
0.373878
0.34543
0.188317
0.0583279
0.301948
0.402992
0.359727
0.386248
0.28168
0.321716
0.537507
0.47171
0.359879
0.326491
0.337467
0.363446
0.311502
0.488896
0.367644
0.317675
0.368988
0.302907
0.360178
0.380854
0.36591
0.42761
0.314657
0.321863
0.393189
0.390736
0.32922
0.1051
0.46194
0.342825
0.49283
0.390114
0.289406
0.285262
0.365179
0.351702
0.250865
0.0871888
0.347464
0.524302
0.3236
0.327513
0.384983
0.288963
0.393447
0.439597
0.377693
0.403589
0.378165
0.362221
0.381745
0.499649
0.333452
0.354902
0.500712
0.184367
0.526723
0.348999
0.466709
0.366446
0.285247
0.304002
0.381807
0.328459
0.250574
0.318069
0.354809
0.210739
0.387306
0.262704
0.364181
0.361782
0.227683
0.252362
0.3217
0.2799
0.347362
0.307301
0.455097
0.313936
0.167565
0.134567
0.477376
0.480407
0.342592
0.254073
0.433328
0.413343
0.420563
0.403457
0.480333
0.497371
0.407123
0.386514
0.305189
0.287191
0.125965
0.35528
0.161959
0.345777
0.313319
0.335438
0.44254
0.397282
0.353428
0.17387
0.307844
0.350537
0.187627
0.338917
0.256325
0.36481
0.277068
0.350681
0.282483
0.403661
0.351125
0.15594
0.285869
0.41074
0.410176
0.34607
0.371536
0.443296
0.320739
0.309788
0.348853
0.124151
0.174352
0.382701
0.345467
0.236648
0.163196
0.396847
0.352245
0.372794
0.494862
0.44126
0.376355
0.320044
0.37737
0.4249
0.384364
0.337967
0.226647
0.0908653
0.413566
0.294959
0.459186
0.29673
0.483041
0.151954
0.491337
0.439914
0.545749
0.198252
0.318864
0.413472
0.240857
0.307308
0.487419
0.345804
0.379252
0.332883
0.480252
0.28477
0.181521
0.348324
0.41534
0.37624
0.34137
0.316103
0.353699
0.282309
0.374886
0.455596
0.536943
0.320644
0.293402
0.387757
0.183179
0.517223
0.154496
0.293995
0.325503
0.523959
0.349836
0.278198
0.400328
0.334506
0.29666
0.29411
0.40944
0.479332
0.243394
0.316537
0.49594
0.21817
0.217991
0.348825
0.399849
0.31521
0.260674
0.306016
0.352743
0.320431
0.386861
0.395557
0.323647
0.315703
0.293322
0.270423
0.371243
0.414254
0.310905
0.469749
0.354979
0.362661
0.431979
0.363627
0.396547
0.403655
0.434243
0.408602
0.166732
0.34688
0.449262
0.370359
0.419572
0.287485
0.324853
0.323978
0.329337
0.391533
0.29691
0.378342
0.372037
0.485481
0.228385
0.0992582
0.0730421
0.219228
0.303437
0.0868612
0.231407
0.146036
0.0975515
0.390787
0.204962
0.236036
0.147098
0.25795
0.308626
0.0968988
0.0427865
0.33168
0.0987647
0.2808
0.196014
0.370804
0.36517
0.371177
0.30904
0.141084
0.325605
0.0963775
0.243655
0.152589
0.185192
0.0838388
0.381164
0.135517
0.386961
0.273332
0.292413
0.184538
0.228897
0.224779
0.140607
0.207839
0.196008
0.401592
0.385314
0.403201
0.125548
0.202412
0.227
0.248294
0.196404
0.198188
0.0756465
0.0905452
0.27526
0.191566
0.0563972
0.386194
0.0679049
0.363925
0.0860149
0.399103
0.234455
0.104702
0.364221
0.330854
0.259297
0.282728
0.300559
0.0779996
0.125329
0.152204
0.245255
0.250645
0.203544
0.280655
0.165711
0.369039
0.224958
0.266215
0.400531
0.235535
0.210286
0.173434
0.405338
0.275256
0.27547
0.0550649
0.362801
0.12621
0.176353
0.269575
0.365733
0.212965
0.251382
0.158827
0.239852
0.109123
0.25717
0.106696
0.0985698
0.126973
0.258102
0.181564
0.292038
0.173855
0.0541342
0.317739
0.115568
0.230133
0.253655
0.22655
0.290139
0.16612
0.250154
0.20991
0.180286
0.284718
0.0852139
0.211912
0.0970903
0.113876
0.314983
0.155892
0.24229
0.141769
0.0778825
0.214147
0.215519
0.101666
0.283585
0.256426
0.265739
0.335346
0.0645642
0.327511
0.170358
0.289912
0.285491
0.201603
0.270731
0.0546707
0.134982
0.151662
0.249767
0.205901
0.268182
0.0504608
0.266272
0.288753
0.232402
0.212522
0.112524
0.080909
0.242681
0.157478
0.0556271
0.201095
0.0732855
0.15755
0.250502
0.163006
0.315628
0.199448
0.261232
0.200012
0.214413
0.167852
0.314321
0.34397
0.162705
0.211196
0.0632354
0.100336
0.219358
0.15544
0.16
0.320552
0.176408
0.189457
0.278814
0.163395
0.364809
0.269826
0.304607
0.150623
0.119398
0.391707
0.0853082
0.0643854
0.186931
0.0884291
0.0769575
0.166828
0.278923
0.108698
0.0778115
0.219162
0.303347
0.167225
0.228257
0.247478
0.384051
0.163787
0.211848
0.232129
0.205676
0.267015
0.0446817
0.37989
0.249962
0.365638
0.287502
0.22807
0.251547
0.299756
0.247531
0.134709
0.114032
0.315611
0.157787
0.135004
0.0603436
0.344609
0.388448
0.215676
0.309367
0.244204
0.255785
0.178551
0.202474
0.35684
0.0554571
0.120518
0.386316
0.078087
0.266801
0.273846
0.1908
0.365615
0.220453
0.0927259
0.0997552
0.289887
0.239142
0.221439
0.183723
0.276489
0.409749
0.200581
0.243821
0.116362
0.115611
0.197379
0.203989
0.27134
0.160338
0.322507
0.108712
0.23651
0.335185
0.26724
0.371589
0.158226
0.0541316
0.184711
0.198198
0.252198
0.249745
0.237048
0.160566
0.185679
0.143694
0.26936
0.208845
0.174981
0.218473
0.374809
0.218018
0.268167
0.138039
0.256782
0.381196
0.265033
0.366819
0.333331
0.181668
0.202338
0.103736
0.150508
0.158033
0.205002
0.332572
0.15956
0.0841127
0.233264
0.171222
0.250312
0.0716459
0.067676
0.46778
0.432709
0.485276
0.384594
0.26144
0.364686
0.429328
0.435193
0.390721
0.449183
0.436856
0.095336
0.38878
0.276967
0.43391
0.410207
0.360744
0.331869
0.458842
0.406432
0.0957474
0.353128
0.287271
0.485096
0.351104
0.345223
0.247774
0.433148
0.305929
0.427122
0.492969
0.493626
0.472569
0.243846
0.372758
0.405038
0.490078
0.476887
0.441797
0.403318
0.361195
0.361195
0.40578
0.370142
0.118764
0.399422
0.368693
0.422861
0.417732
0.311245
0.377993
0.417907
0.428996
0.235923
0.378018
0.347477
0.43472
0.422711
0.30204
0.417732
0.0643187
0.276474
0.293779
0.276792
0.311641
0.0988147
0.303664
0.273563
0.355022
0.402029
0.426542
0.430435
0.30621
0.412905
0.405048
0.404365
0.405048
0.388579
0.298548
0.420596
0.400814
0.357488
0.380275
0.39266
0.288899
0.37387
0.313919
0.396289
0.216442
0.350418
0.365728
0.261604
0.333437
0.395314
0.356513
0.366872
0.403899
0.376956
0.075171
0.30342
0.448367
0.326434
0.442756
0.336818
0.378475
0.394944
0.418116
0.487633
0.355881
0.19305
0.383953
0.422707
0.339867
0.429831
0.400814
0.428698
0.325149
0.435577
0.407189
0.464988
0.435021
0.124467
0.336726
0.394125
0.16877
0.144473
0.166695
0.359388
0.328934
0.398336
0.387123
0.478269
0.337095
0.365325
0.490778
0.334462
0.355756
0.41248
0.43308
0.394125
0.353128
0.408775
0.378018
0.453735
0.371066
0.379378
0.317807
0.37387
0.430125
0.473697
0.360744
0.452575
0.449288
0.225302
0.108788
0.366252
0.439628
0.317642
0.400147
0.294567
0.484171
0.336187
0.34976
0.378475
0.443511
0.395494
0.40578
0.374374
0.385765
0.108788
0.442189
0.305074
0.43456
0.443814
0.304901
0.322299
0.331114
0.419099
0.463572
0.216442
0.495284
0.442756
0.503131
0.179275
0.389546
0.42621
0.442833
0.397427
0.413723
0.368157
0.397958
0.439783
0.437454
0.436701
0.438876
0.40773
0.3871
0.307329
0.295773
0.379227
0.348638
0.481033
0.120726
0.348902
0.121212
0.358563
0.347715
0.460386
0.360475
0.352154
0.429473
0.333692
0.46106
0.29465
0.386471
0.413208
0.448518
0.337814
0.356767
0.182146
0.425828
0.407971
0.34976
0.311005
0.45382
0.430628
0.333437
0.45536
0.409077
0.313919
0.531352
0.411649
0.399212
0.342356
0.0939452
0.162768
0.099279
0.35667
0.350264
0.409077
0.295371
0.396289
0.356357
0.434933
0.302768
0.414729
0.414093
0.298773
0.228224
0.107954
0.437178
0.380924
0.27029
0.410462
0.412905
0.411051
0.300831
0.410462
0.404283
0.387238
0.401823
0.458435
0.364205
0.44621
0.39011
0.341698
0.427332
0.424512
0.273563
0.370456
0.419987
0.39016
0.347645
0.403466
0.449183
0.366531
0.495307
0.372377
0.420596
0.448012
0.379378
0.282472
0.356357
0.380793
0.462889
0.271918
0.448931
0.401823
0.296195
0.439787
0.354128
0.075171
0.467822
0.374821
0.38583
0.387238
0.516938
0.286986
0.326091
0.121212
0.282187
0.379507
0.0778871
0.101222
0.116699
0.112538
0.0307391
0.0842819
0.111334
0.131862
0.0378142
0.07537
0.194435
0.135675
0.0252067
0.0705424
0.0837737
0.0684604
0.18557
0.0434481
0.136265
0.0660519
0.119735
0.0276734
0.157391
0.129485
0.0709283
0.0781567
0.0759678
0.121767
0.0792231
0.0928505
0.0313992
0.0667298
0.0923533
0.067629
0.0411485
0.0754979
0.151658
0.0618145
0.129899
0.0172379
0.0295142
0.0776555
0.0460348
0.0708053
0.0683062
0.0413253
0.0793966
0.130048
0.0970408
0.127982
0.0865442
0.118446
0.0665855
0.119983
0.012656
0.0558562
0.0567998
0.0895278
0.0885778
0.0832811
0.0546007
0.106683
0.0643249
0.0617393
0.0529183
0.125651
0.144083
0.0675715
0.200695
0.0817635
0.0758041
0.108566
0.101507
0.156958
0.0803053
0.213786
0.164808
0.101585
0.0668747
0.141611
0.0543633
0.156654
0.106902
0.0877622
0.170417
0.155383
0.0644791
0.178779
0.0917887
0.0978725
0.0989344
0.0491197
0.0826436
0.110474
0.0956698
0.0271595
0.138075
0.0978624
0.0466951
0.0737202
0.0886233
0.0746159
0.126448
0.122474
0.0283742
0.085778
0.132321
0.0566344
0.111688
0.0576111
0.120143
0.0893841
0.0864078
0.0841836
0.0140067
0.0216532
0.0959082
0.0770558
0.126755
0.107482
0.0681779
0.150859
0.0709346
0.0283094
0.0251772
0.0178996
0.315975
0.0808436
0.154083
0.060455
0.0338389
0.116794
0.122894
0.08556
0.0671398
0.103398
0.0812527
0.107517
0.117442
0.126748
0.0453649
0.0890517
0.0957018
0.059746
0.0827834
0.0612967
0.0991189
0.0530524
0.0741704
0.0279628
0.0527536
0.0586162
0.0752421
0.212943
0.0568083
0.0667299
0.0896976
0.0618859
0.0957564
0.0952127
0.0922967
0.185362
0.0796797
0.0414509
0.0792987
0.101746
0.109471
0.150888
0.042141
0.115074
0.0237395
0.10216
0.175037
0.108446
0.135793
0.0772703
0.0435372
0.0353021
0.0936471
0.0629016
0.0220114
0.108222
0.0409749
0.0528087
0.132255
0.0680521
0.0612121
0.0629126
0.0899151
0.0527096
0.13449
0.0824092
0.180988
0.124267
0.0709387
0.0574769
0.037649
0.129455
0.0305861
0.0656398
0.0737694
0.06015
0.116577
0.0361414
0.103623
0.0564847
0.0105828
0.0533778
0.041788
0.104561
0.035863
0.157171
0.0575401
0.118327
0.214965
0.0549849
0.0185318
0.129325
0.0993279
0.0730525
0.0457253
0.0917467
0.026788
0.0584279
0.0992538
0.0600698
0.13505
0.144526
0.0234472
0.120465
0.123098
0.118147
0.086384
0.11529
0.059871
0.146471
0.110007
0.159035
0.101263
0.0716489
0.0290423
0.0441503
0.0402225
0.126096
0.0842059
0.0408552
0.0663956
0.126843
0.106076
0.115494
0.102952
0.0370492
0.112208
0.0519828
0.0532785
0.157767
0.181682
0.142112
0.0932394
0.130872
0.171448
0.0453489
0.191851
0.14419
0.129218
0.0112427
0.144186
0.0841622
0.122864
0.0837572
0.064562
0.0878203
0.0644548
0.142123
0.0357612
0.0825974
0.0449247
0.0325516
0.080349
0.0294061
0.158617
0.0273088
0.0387474
0.0812096
0.0948598
0.0813513
0.0525796
0.0959073
0.0774686
0.100023
0.0698443
0.045599
0.0926615
0.115458
0.137415
0.0535917
0.10192
0.0586812
0.113287
0.115662
0.0420603
0.0858976
0.0704422
0.0938415
0.0149788
0.0580211
0.0737122
0.0599829
0.104907
0.110221
0.117261
0.0392861
0.0857251
0.020448
0.191317
0.102037
0.163553
0.089211
0.128804
0.0795358
0.066505
0.0736008
0.137794
0.0745039
0.0610018
0.0709628
0.0715028
0.0579485
0.0640645
0.0778221
0.0174655
0.0519092
0.0178403
0.0536082
0.0147513
0.0870345
0.0787114
0.165452
0.0672028
0.0293214
0.0932649
0.0363927
0.126055
0.0853458
0.16124
0.0276229
0.132076
0.135871
0.108655
0.0922545
0.080153
0.107412
0.116558
0.130375
0.0891433
0.239022
0.0375402
0.144879
0.117849
0.0320678
0.0269776
0.09066
0.113057
0.0233325
0.0801286
0.0514056
0.153719
0.0122952
0.0275007
0.0695346
0.0989557
0.121516
0.0275339
0.0816886
0.0576153
0.0829702
0.0664397
0.0248939
0.0238272
0.131931
0.0918769
0.0303954
0.0739312
0.197921
0.107478
0.0841542
0.104232
0.0955797
0.0735492
0.0775583
0.138761
0.0784406
0.193593
0.0689783
0.071683
0.153733
0.0426706
0.0451705
0.0214484
0.0584112
0.0644311
0.0592333
0.033196
0.142555
0.0868968
0.0679702
0.106832
0.0751398
0.0733795
0.0712252
0.0701438
0.0434974
0.0938561
0.0889614
0.0174338
0.0993505
0.0595373
0.154513
0.0762946
0.105447
0.0586138
0.0191517
0.0840304
0.0649076
0.0169471
0.0745433
0.0734641
0.219501
0.0731272
0.0521626
0.134362
0.184861
0.0351667
0.12522
0.0816209
0.0933541
0.0167735
0.122368
0.0186985
0.0867374
0.0769932
0.085855
0.0611954
0.0487124
0.016764
0.0775735
0.0484163
0.0267269
0.100036
0.086525
0.0705861
0.0498292
0.0602536
0.135872
0.108483
0.106377
0.177872
0.0196904
0.0756827
0.0429954
0.0980462
0.0768175
0.020712
0.119746
0.0452981
0.0275784
0.155838
0.115866
0.142595
0.0779215
0.0610493
0.0909323
0.0725778
0.0590706
0.150722
0.0939255
0.0649346
0.141677
0.105825
0.115533
0.113648
0.027162
0.040423
0.117126
0.0974038
0.0132504
0.132686
0.0414157
0.125454
0.0979048
0.0919005
0.177131
0.163571
0.0611248
0.114372
0.0943589
0.11595
0.038969
0.0834588
0.0750105
0.0828579
0.130513
0.0472465
0.0871282
0.0568579
0.109212
0.043337
0.136911
0.0936208
0.21236
0.138964
0.135291
0.0883658
0.0987043
0.0537494
0.0495569
0.0869051
0.0655477
0.0377557
0.0954781
0.0757785
0.101374
0.0973748
0.0817769
0.166675
0.102063
0.0152725
0.131281
0.130982
0.17513
0.0893315
0.110842
0.0462987
0.0757027
0.111397
0.0731778
0.134749
0.0440814
0.103929
0.0976301
0.0758308
0.045035
0.0798841
0.0907756
0.0943419
0.0289128
0.0686816
0.0370541
0.12976
0.0903982
0.0453699
0.104706
0.0231687
0.0932468
0.134119
0.140288
0.049839
0.0441039
0.0741587
0.0789379
0.0295864
0.0922103
0.0808175
0.0361178
0.111281
0.115521
0.115028
0.120354
0.0946083
0.0595635
0.120107
0.082196
0.0260379
0.128373
0.20209
0.0652514
0.0224756
0.107275
0.0731283
0.123774
0.0744475
0.166634
0.0617917
0.0724306
0.0593917
0.0501084
0.0734202
0.0730609
0.09347
0.10645
0.0826177
0.0609396
0.057358
0.064996
0.151803
0.037494
0.125773
0.102384
0.0369271
0.122335
0.0565845
0.0457864
0.0719543
0.129123
0.0381013
0.124413
0.0764119
0.120574
0.148405
0.108535
0.0882278
0.0506211
0.0323952
0.0509132
0.0295254
0.0600092
0.159919
0.0861986
0.0692906
0.0928401
0.11924
0.206625
0.0285001
0.132209
0.0722538
0.0562128
0.115819
0.0939841
0.040624
0.127101
0.112461
0.0173973
0.0987182
0.0655713
0.0253917
0.154704
0.0421221
0.0157654
0.0765383
0.0776703
0.0120388
0.030278
0.0635806
0.0522471
0.0305666
0.0762264
0.140192
0.0640383
0.139056
0.114568
0.0829127
0.0699621
0.10491
0.069693
0.0178334
0.0757166
0.106815
0.0298691
0.0127022
0.0872884
0.112214
0.113658
0.0640676
0.0397729
0.0945593
0.0463425
0.0260563
0.116323
0.0601451
0.0154189
0.0679914
0.07151
0.234781
0.0544149
0.216157
0.0650955
0.0848259
0.0383396
0.0143719
0.0303857
0.063749
0.0733525
0.0795681
0.147058
0.120235
0.517985
0.0822147
0.392152
0.118286
0.335818
0.13421
0.119921
0.453852
0.140177
0.269088
0.357067
0.0588009
0.191195
0.0891841
0.297161
0.319933
0.15425
0.140658
0.1094
0.114074
0.078033
0.424808
0.0579551
0.103591
0.138845
0.0292398
0.139379
0.0665808
0.314867
0.453513
0.0593482
0.270464
0.391737
0.334916
0.113385
0.264662
0.292295
0.292222
0.212198
0.236111
0.0330957
0.0436472
0.20551
0.144269
0.21573
0.437358
0.323815
0.208462
0.37431
0.250499
0.0849988
0.199198
0.0916232
0.307464
0.133317
0.174841
0.228951
0.236293
0.224206
0.157798
0.204224
0.159803
0.171472
0.0784633
0.0627225
0.199922
0.436768
0.322058
0.311077
0.0932692
0.108051
0.125201
0.111872
0.250364
0.198047
0.309066
0.0880476
0.257808
0.287465
0.0839507
0.135634
0.17506
0.1031
0.434856
0.14851
0.0436478
0.222566
0.144932
0.415257
0.402675
0.163964
0.104016
0.254556
0.0322394
0.177029
0.445431
0.153723
0.220176
0.246665
0.0588854
0.0577754
0.24007
0.21581
0.16475
0.0343288
0.285718
0.123583
0.200437
0.430657
0.181922
0.0957436
0.0752409
0.30229
0.369467
0.173261
0.181773
0.196617
0.149729
0.334209
0.163904
0.0528933
0.0236612
0.323149
0.369493
0.155504
0.148918
0.150374
0.106443
0.474198
0.25452
0.0542335
0.0664517
0.127139
0.210665
0.149311
0.0529675
0.122902
0.400745
0.207447
0.433499
0.0799928
0.478778
0.281067
0.389126
0.116339
0.278751
0.338842
0.249067
0.156287
0.173785
0.430159
0.130891
0.35429
0.225105
0.198432
0.286261
0.0852308
0.482594
0.363338
0.0949433
0.091499
0.107911
0.175627
0.0327702
0.0830717
0.142404
0.469263
0.20035
0.131069
0.0775616
0.19577
0.119299
0.122214
0.40441
0.10166
0.144696
0.31962
0.0170246
0.0708153
0.114003
0.23357
0.042728
0.217052
0.329256
0.260071
0.318335
0.270557
0.368733
0.202846
0.14585
0.386998
0.0651529
0.0480002
0.0835074
0.199089
0.281232
0.212978
0.390121
0.0998692
0.189403
0.229426
0.301487
0.075235
0.279953
0.177033
0.0179257
0.354148
0.164189
0.161823
0.0439142
0.491684
0.0926959
0.162826
0.280627
0.16803
0.133491
0.0762966
0.0932045
0.189848
0.128743
0.0884654
0.369889
0.139452
0.467672
0.188148
0.215206
0.158643
0.143475
0.18549
0.0937206
0.0894457
0.0516891
0.198691
0.385922
0.0428489
0.469703
0.0626709
0.119323
0.29892
0.359553
0.167249
0.239351
0.29642
0.123955
0.312614
0.262363
0.393518
0.171792
0.345092
0.246173
0.471739
0.480788
0.0962732
0.106678
0.22039
0.474569
0.353251
0.43713
0.245336
0.0346823
0.282064
0.0543116
0.175802
0.437663
0.121459
0.283252
0.248781
0.0455511
0.359579
0.279405
0.110439
0.183826
0.289074
0.357466
0.117889
0.161004
0.411843
0.140186
0.244685
0.326699
0.157631
0.429116
0.160834
0.336896
0.198768
0.217854
0.108
0.258471
0.324368
0.103527
0.235617
0.0328758
0.15946
0.0315738
0.0282523
0.0422988
0.123299
0.126826
0.131941
0.390163
0.0840116
0.0792079
0.171246
0.0811948
0.0382806
0.0398629
0.293004
0.0547243
0.205627
0.129246
0.181816
0.0758233
0.170817
0.129301
0.439159
0.0339239
0.30818
0.195928
0.353038
0.0502533
0.0386316
0.203011
0.0676851
0.107774
0.119237
0.216357
0.283248
0.0373736
0.166455
0.140072
0.201744
0.25088
0.192474
0.179421
0.228208
0.359191
0.474068
0.129822
0.107953
0.248587
0.409473
0.395207
0.0773998
0.246738
0.0348696
0.0398344
0.182892
0.297202
0.441247
0.425825
0.150788
0.130901
0.0557892
0.118187
0.329376
0.266694
0.495769
0.0584648
0.219847
0.23386
0.13759
0.0560781
0.178398
0.0453751
0.492622
0.434782
0.257166
0.379522
0.121535
0.26836
0.215338
0.153616
0.258649
0.433477
0.439443
0.0819246
0.192977
0.242447
0.379838
0.175979
0.048997
0.0339104
0.121107
0.421373
0.0829131
0.332994
0.212205
0.0401772
0.138409
0.127336
0.271064
0.0568409
0.189805
0.194983
0.214099
0.200932
0.0603061
0.128349
0.162285
0.0233484
0.268539
0.222323
0.161685
0.0891386
0.204156
0.144068
0.260686
0.0649392
0.182623
0.111694
0.0580649
0.0632161
0.238729
0.0335862
0.0481645
0.374742
0.156692
0.225721
0.397271
0.0865523
0.211129
0.137068
0.337203
0.0984
0.294116
0.431722
0.0665857
0.0619674
0.30638
0.106225
0.116018
0.266356
0.434647
0.0162919
0.234726
0.439959
0.192802
0.257684
0.310556
0.0489471
0.143662
0.506721
0.365662
0.114534
0.143332
0.438355
0.0976574
0.355114
0.139347
0.0305081
0.376245
0.0665115
0.049137
0.07084
0.278641
0.106883
0.197557
0.202226
0.104316
0.077306
0.0521127
0.266585
0.261441
0.0963994
0.197288
0.239069
0.217655
0.347816
0.243938
0.0308178
0.152812
0.141683
0.152844
0.185557
0.268281
0.0334493
0.0945217
0.0764335
0.0843963
0.139039
0.209983
0.15322
0.402937
0.368314
0.21463
0.0224113
0.110513
0.303726
0.339141
0.0994118
0.1785
0.379429
0.220934
0.15933
0.0582011
0.0821607
0.225837
0.12827
0.125112
0.348622
0.052864
0.292301
0.297872
0.0746367
0.0934208
0.247907
0.149911
0.0760659
0.139035
0.380436
0.0403117
0.195891
0.116772
0.239107
0.245049
0.119745
0.298747
0.210444
0.2851
0.14492
0.111235
0.411182
0.190692
0.109465
0.113746
0.167072
0.0931784
0.421931
0.160969
0.314637
0.114818
0.308588
0.130125
0.082634
0.226259
0.217516
0.195098
0.108352
0.104228
0.379605
0.211319
0.172549
0.0408104
0.176439
0.102048
0.240041
0.374574
0.065322
0.0242297
0.373568
0.334893
0.155655
0.228575
0.0484912
0.096327
0.101801
0.177026
0.279803
0.416804
0.22055
0.0780989
0.267358
0.0892369
0.213239
0.193599
0.184151
0.440179
0.0298041
0.362338
0.0780369
0.0969285
0.143964
0.0849708
0.454509
0.482862
0.108831
0.397652
0.0408235
0.437763
0.0837515
0.302786
0.155947
0.411958
0.324034
0.159576
0.123116
0.118832
0.19599
0.182297
0.326767
0.116104
0.221046
0.166553
0.114477
0.246356
0.108526
0.162657
0.413347
0.455751
0.420676
0.276228
0.409668
0.426595
0.131986
0.182079
0.120965
0.0846977
0.035377
0.24065
0.0177845
0.264897
0.472915
0.210566
0.200771
0.443261
0.418536
0.0934899
0.1794
0.308122
0.0550846
0.37858
0.322438
0.20568
0.204897
0.171912
0.133067
0.0738416
0.192419
0.190436
0.381207
0.296803
0.171713
0.0847164
0.162945
0.172693
0.134352
0.153158
0.0764755
0.0905517
0.238013
0.310642
0.0901783
0.412423
0.18841
0.107237
0.0470596
0.128218
0.416294
0.0534917
0.162244
0.205335
0.137196
0.414156
0.327165
0.533466
0.168078
0.371871
0.168024
0.122038
0.259721
0.162596
0.142308
0.109818
0.0667779
0.377516
0.0603887
0.058106
0.247573
0.165078
0.189945
0.0951408
0.0696019
0.0405051
0.0217493
0.198123
0.189287
0.135308
0.0564134
0.203023
0.312557
0.241568
0.0525445
0.367339
0.13556
0.213385
0.04937
0.160589
0.135386
0.0797861
0.0511417
0.176566
0.207029
0.207447
0.0687195
0.274569
0.286062
0.102498
0.0816172
0.13315
0.257621
0.392404
0.153817
0.05176
0.1058
0.170605
0.135545
0.047577
0.241601
0.0792754
0.30118
0.0894465
0.0850218
0.179381
0.206985
0.0665875
0.22073
0.0634188
0.209011
0.290679
0.272232
0.150433
0.112328
0.274265
0.187161
0.199956
0.236868
0.0686762
0.0892093
0.361373
0.24202
0.182331
0.0933541
0.108461
0.149728
0.0795529
0.131961
0.10783
0.167321
0.124366
0.164923
0.14979
0.246118
0.141678
0.169894
0.0891775
0.257508
0.0248094
0.13391
0.33057
0.289305
0.232984
0.135069
0.193679
0.0660163
0.0940074
0.052395
0.0715043
0.291384
0.244031
0.137465
0.103232
0.192599
0.0883965
0.128507
0.11314
0.0937702
0.0524101
0.402546
0.430796
0.149546
0.0670086
0.206995
0.109822
0.233719
0.213376
0.204098
0.104109
0.123599
0.159354
0.169066
0.415633
0.0838467
0.0757181
0.0473146
0.343031
0.118258
0.225063
0.0879188
0.0673559
0.0417765
0.221258
0.0358237
0.183481
0.228074
0.155883
0.181689
0.186963
0.0480847
0.189547
0.134464
0.155344
0.2045
0.182478
0.289857
0.170347
0.164754
0.216169
0.354701
0.117947
0.130606
0.0447395
0.0483349
0.110807
0.0412167
0.101583
0.109869
0.0441744
0.175283
0.0236348
0.260435
0.193992
0.0475693
0.146199
0.0796321
0.271783
0.0698417
0.199727
0.170726
0.182493
0.370434
0.237188
0.219666
0.175737
0.131796
0.143493
0.138344
0.138379
0.0588863
0.0730251
0.361936
0.0914339
0.146832
0.1229
0.354093
0.328976
0.123901
0.0960217
0.234519
0.0737755
0.120705
0.0877533
0.0328571
0.231756
0.173735
0.179827
0.21111
0.213453
0.104485
0.0791957
0.128551
0.134585
0.239338
0.351979
0.282084
0.0621379
0.0641441
0.0637404
0.127766
0.115619
0.11735
0.0838699
0.242611
0.0153531
0.173178
0.292686
0.0905636
0.231176
0.100282
0.0863735
0.254947
0.173798
0.0169831
0.0689455
0.33222
0.226967
0.0628482
0.0965325
0.279233
0.207179
0.076375
0.138248
0.132224
0.216707
0.17346
0.325373
0.182232
0.279239
0.128891
0.0777445
0.0502221
0.214449
0.0948401
0.166613
0.101918
0.173428
0.058578
0.0936149
0.0679948
0.302957
0.288638
0.087718
0.110986
0.0948605
0.220192
0.181643
0.339888
0.0378452
0.0573796
0.0615348
0.21532
0.225756
0.212522
0.183337
0.047472
0.253137
0.138989
0.205432
0.0293038
0.119377
0.291876
0.0659
0.0570766
0.378112
0.0540539
0.226926
0.0893451
0.0792867
0.0692621
0.130147
0.0751743
0.127387
0.0944462
0.236457
0.227657
0.227757
0.1656
0.0681292
0.17459
0.0451843
0.12337
0.346441
0.205911
0.196555
0.0614956
0.33421
0.0632912
0.140609
0.0963234
0.12256
0.221944
0.260621
0.0679071
0.0762245
0.203958
0.0671861
0.0367549
0.139198
0.152735
0.0961626
0.129992
0.12019
0.353996
0.0619787
0.0381658
0.262466
0.152841
0.203799
0.283525
0.386139
0.0249002
0.421801
0.27089
0.0308267
0.088219
0.0536712
0.159365
0.196036
0.344458
0.0775274
0.0665407
0.123261
0.341464
0.150363
0.1809
0.00516833
0.0986948
0.0674591
0.0555712
0.143624
0.0542057
0.178822
0.194511
0.315699
0.214356
0.151282
0.033294
0.117974
0.0736708
0.203878
0.16752
0.168799
0.378118
0.190661
0.216609
0.387145
0.0664044
0.251592
0.091511
0.164787
0.231323
0.0261218
0.0777839
0.131591
0.148487
0.220056
0.0995428
0.20278
0.0493846
0.171148
0.164937
0.202495
0.112584
0.277624
0.113909
0.0844203
0.248809
0.193125
0.0423266
0.230496
0.169293
0.113151
0.26695
0.317422
0.210529
0.209335
0.204488
0.274438
0.355399
0.232149
0.0623044
0.210702
0.0387969
0.118226
0.113667
0.0908266
0.160859
0.164143
0.0688817
0.0406406
0.228927
0.241091
0.30829
0.0473987
0.145829
0.165576
0.0451974
0.271577
0.13919
0.232627
0.0356601
0.0964888
0.130481
0.126823
0.0452837
0.207848
0.232162
0.320936
0.168828
0.0344696
0.0733615
0.0434295
0.107897
0.404485
0.267488
0.0511092
0.226402
0.114201
0.0741264
0.286382
0.214905
0.249041
0.367641
0.117037
0.0353897
0.0863074
0.0403378
0.0767391
0.193072
0.114695
0.176675
0.108056
0.142451
0.311788
0.208938
0.116578
0.267986
0.104573
0.0352178
0.0844914
0.369112
0.268498
0.109814
0.0813732
0.122953
0.260887
0.135091
0.108472
0.109251
0.211412
0.337538
0.215902
0.20476
0.111351
0.27076
0.110451
0.0759678
0.169913
0.106333
0.238478
0.0418906
0.123637
0.148033
0.228435
0.153026
0.0929649
0.0597925
0.180445
0.0697771
0.125846
0.170121
0.19672
0.0783554
0.123322
0.0293474
0.104019
0.130492
0.216366
0.169988
0.417422
0.201148
0.199981
0.209066
0.165222
0.101783
0.055182
0.349485
0.064502
0.148587
0.20605
0.153334
0.275594
0.068215
0.293601
0.197507
0.0972907
0.0914337
0.16658
0.0597491
0.268973
0.0727245
0.222205
0.0702928
0.0487885
0.0893781
0.203234
0.0992226
0.135661
0.172849
0.229809
0.201886
0.306129
0.36628
0.0957566
0.165945
0.23882
0.236485
0.0861428
0.211102
0.317514
0.151892
0.18376
0.13668
0.115148
0.0948647
0.196421
0.139107
0.09593
0.245014
0.149361
0.15941
0.128365
0.0651877
0.396357
0.118986
0.152828
0.0488661
0.348411
0.166426
0.301224
0.33023
0.0378138
0.104818
0.199864
0.291021
0.0803666
0.104939
0.196939
0.17803
0.0247044
0.157789
0.0521124
0.070497
0.214644
0.35906
0.117513
0.284781
0.0519032
0.104977
0.0727409
0.299319
0.0792646
0.127831
0.0927182
0.0788703
0.235148
0.105564
0.0148751
0.0658656
0.0750202
0.20154
0.261303
0.186977
0.218111
0.103221
0.0554749
0.0610131
0.0499887
0.0999564
0.190209
0.103461
0.114116
0.14266
0.147083
0.223768
0.0674429
0.198838
0.1929
0.248045
0.0719242
0.127396
0.245781
0.152929
0.151485
0.204935
0.165592
0.187421
0.123375
0.33462
0.104841
0.113291
0.0783242
0.35701
0.210489
0.1488
0.204986
0.225986
0.111406
0.194885
0.0770675
0.157612
0.166084
0.134268
0.0945233
0.0935793
0.133876
0.173314
0.272849
0.164299
0.0462688
0.156235
0.183367
0.0981561
0.257837
0.165755
0.20849
0.294769
0.109296
0.196499
0.0949222
0.0954396
0.308721
0.316819
0.0287791
0.0383625
0.207332
0.027425
0.129358
0.0983464
0.123929
0.298188
0.227237
0.228529
0.311912
0.122622
0.295007
0.169508
0.0510765
0.0881492
0.0865442
0.135994
0.407377
0.0298922
0.0782277
0.0545178
0.329579
0.0982576
0.152015
0.1648
0.0336941
0.298762
0.412083
0.115755
0.14405
0.0938956
0.0470459
0.0173211
0.314371
0.20812
0.0552445
0.0563609
0.0778044
0.132511
0.269981
0.225039
0.136465
0.0961993
0.273879
0.210829
0.0625649
0.0447941
0.1387
0.135566
0.0684957
0.101891
0.0804903
0.165171
0.048536
0.0843167
0.0864139
0.118133
0.073019
0.105841
0.0875408
0.0893091
0.142735
0.143719
0.122077
0.131345
0.0819211
0.141512
0.224109
0.210704
0.160484
0.148439
0.0743173
0.110047
0.107546
0.206693
0.061258
0.213241
0.192193
0.0934303
0.197832
0.0708091
0.0734506
0.0679773
0.0648281
0.0708308
0.0422715
0.145149
0.0836689
0.076243
0.125554
0.0855839
0.131279
0.123333
0.256112
0.06303
0.0268052
0.0257979
0.017424
0.195963
0.0533958
0.16992
0.177497
0.103993
0.128386
0.142102
0.346351
0.331861
0.0332723
0.0812613
0.109646
0.0859775
0.0638019
0.0203575
0.199787
0.242659
0.0874187
0.162993
0.134984
0.149425
0.081802
0.181093
0.0548822
0.149098
0.0136071
0.183734
0.0829716
0.165236
0.0811502
0.0928794
0.046076
0.16856
0.0828098
0.214277
0.0876477
0.385133
0.107912
0.192847
0.0872314
0.100755
0.0469653
0.0624294
0.0441761
0.0846635
0.162113
0.0897951
0.137263
0.0854266
0.148067
0.191222
0.0627234
0.0741716
0.0882039
0.0350918
0.0398564
0.159191
0.114688
0.238735
0.126186
0.0430703
0.154145
0.182304
0.134522
0.0545113
0.197913
0.0249698
0.232467
0.0913031
0.106886
0.0173833
0.156484
0.172731
0.173992
0.117753
0.0588009
0.0482189
0.130547
0.203442
0.15267
0.0768411
0.0346122
0.104139
0.11968
0.136496
0.102084
0.120773
0.199593
0.17305
0.108956
0.0713429
0.075067
0.116982
0.0414598
0.158379
0.109675
0.140886
0.181082
0.0555246
0.173737
0.188293
0.138134
0.0679698
0.0610676
0.175926
0.0734713
0.141376
0.0138598
0.14083
0.215254
0.0910224
0.1075
0.284843
0.116715
0.165226
0.125822
0.0691925
0.155318
0.0697145
0.152926
0.0584293
0.133915
0.154089
0.0886364
0.0434594
0.0406143
0.152594
0.243593
0.163401
0.0514663
0.0685455
0.0673075
0.081986
0.153972
0.252772
0.158122
0.28962
0.165795
0.148899
0.131837
0.141654
0.248643
0.111129
0.217585
0.113303
0.206494
0.0261348
0.287019
0.190356
0.182865
0.130901
0.112573
0.209544
0.158352
0.143871
0.0994908
0.0484161
0.149894
0.276574
0.104897
0.0535367
0.0533095
0.0861149
0.221983
0.0301491
0.232371
0.080908
0.042742
0.0735586
0.19072
0.116817
0.0784959
0.154813
0.32344
0.227469
0.138707
0.117162
0.0677134
0.0441885
0.0714015
0.0540915
0.295288
0.140371
0.178517
0.169198
0.0375689
0.13544
0.189332
0.12227
0.207982
0.159542
0.0555865
0.0459369
0.233773
0.0562109
0.050216
0.288861
0.138307
0.0961023
0.213969
0.0620322
0.211237
0.133569
0.0669654
0.178445
0.0431793
0.0975434
0.214576
0.0443243
0.197294
0.159754
0.104418
0.0275146
0.203928
0.0871361
0.0596698
0.14451
0.171627
0.0858897
0.0882866
0.0743611
0.0627244
0.117022
0.224713
0.301902
0.0801558
0.0748622
0.288878
0.140326
0.194977
0.227475
0.241532
0.0187829
0.248445
0.0555814
0.0311327
0.0516297
0.130234
0.167026
0.151966
0.261766
0.263257
0.228936
0.160101
0.181572
0.173712
0.299518
0.22939
0.242587
0.0613745
0.101834
0.0150923
0.206648
0.0175761
0.141874
0.116322
0.069983
0.0513085
0.183046
0.0692926
0.0460414
0.200529
0.236009
0.0563321
0.257248
0.0565531
0.150158
0.144362
0.0938732
0.0547798
0.0579263
0.144881
0.246379
0.227892
0.105614
0.102184
0.152207
0.112216
0.188032
0.318156
0.325581
0.0853921
0.0851551
0.230948
0.277425
0.302007
0.0318566
0.102407
0.142735
0.107368
0.22818
0.31271
0.16125
0.0384462
0.117341
0.331591
0.124696
0.207065
0.110283
0.0519306
0.128203
0.0853582
0.24054
0.0980353
0.234845
0.10262
0.138396
0.173994
0.0778089
0.222272
0.0957673
0.165298
0.072415
0.111907
0.195138
0.266684
0.101268
0.143243
0.0499641
0.154651
0.065627
0.0898545
0.0360678
0.119617
0.148738
0.0764873
0.0852346
0.029808
0.0367606
0.134032
0.0326411
0.286568
0.113819
0.0494011
0.141066
0.0368599
0.0230937
0.0640655
0.157384
0.0362326
0.0394886
0.0731825
0.0786526
0.13742
0.0684666
0.323893
0.220674
0.187156
0.139742
0.0869035
0.0186731
0.242972
0.0280388
0.123966
0.147566
0.014696
0.0955196
0.038214
0.0539324
0.218614
0.119602
0.0912974
0.287071
0.140711
0.211461
0.1676
0.120751
0.134438
0.0922317
0.243695
0.13276
0.0658305
0.165956
0.183494
0.072604
0.166536
0.0479174
0.0905817
0.011511
0.118831
0.163441
0.056286
0.0912384
0.141813
0.114226
0.12769
0.0686173
0.0829526
0.105793
0.0449674
0.0448975
0.107715
0.0685486
0.123354
0.141003
0.13799
0.0460513
0.155976
0.0587439
0.235008
0.222415
0.0818266
0.0419379
0.0882005
0.0536847
0.0767079
0.0462843
0.127138
0.0750616
0.213364
0.102672
0.0852237
0.240094
0.0526813
0.102365
0.0441737
0.0776914
0.0746102
0.0976963
0.0244722
0.0482646
0.053326
0.254824
0.0488498
0.0924255
0.0804132
0.191134
0.0747371
0.0911811
0.058135
0.109853
0.106017
0.150971
0.188933
0.10056
0.0250133
0.0913494
0.110145
0.311366
0.169831
0.231378
0.078943
0.156587
0.166904
0.165758
0.0641792
0.0499195
0.175653
0.320901
0.254082
0.13005
0.0445312
0.176378
0.0775704
0.1976
0.0278509
0.213143
0.112675
0.077025
0.10289
0.037053
0.21147
0.0400969
0.171936
0.138609
0.0244415
0.334215
0.0956953
0.0881012
0.211031
0.211972
0.150068
0.0802731
0.19765
0.191092
0.072447
0.0988199
0.192461
0.24223
0.0277136
0.269839
0.175707
0.15008
0.0226685
0.0751705
0.0641608
0.19394
0.20101
0.0438188
0.0675563
0.142883
0.15256
0.172852
0.121968
0.149721
0.0759054
0.0401913
0.308483
0.122511
0.0974835
0.127625
0.110414
0.0954308
0.233667
0.102707
0.225272
0.040802
0.0400491
0.241695
0.0486561
0.220167
0.0722443
0.189178
0.0184446
0.0476234
0.14341
0.111451
0.146867
0.0998692
0.148542
0.215246
0.15552
0.0508085
0.107546
0.189264
0.0813777
0.20586
0.038097
0.0346638
0.147927
0.0361383
0.188494
0.164194
0.303255
0.178391
0.159196
0.0746601
0.123802
0.225036
0.254295
0.162246
0.134963
0.117957
0.0765061
0.279969
0.114986
0.0902237
0.147826
0.272821
0.0160673
0.0661853
0.165203
0.0910151
0.0341727
0.217226
0.100986
0.165049
0.0322309
0.144552
0.0384732
0.154248
0.035434
0.0596526
0.122294
0.0693482
0.148777
0.101193
0.141868
0.178818
0.0362149
0.013601
0.0918289
0.0679566
0.13246
0.225826
0.123268
0.0404106
0.172897
0.223
0.197837
0.211312
0.207703
0.146639
0.128662
0.131713
0.191558
0.140881
0.0499849
0.0378064
0.0398025
0.139904
0.037459
0.0805236
0.13533
0.0366888
0.123188
0.165692
0.0345202
0.0470377
0.232587
0.153729
0.167261
0.348987
0.0736169
0.0246907
0.0166539
0.0822026
0.0384754
0.0837792
0.213578
0.0818264
0.0353972
0.0955351
0.0564644
0.0819936
0.0405984
0.0509734
0.0641076
0.112407
0.012984
0.0338722
0.0194511
0.0783518
0.0299963
0.0226964
0.0437003
0.0323443
0.0642854
0.0176196
0.0356048
0.0223876
0.0624064
0.224191
0.0978649
0.11857
0.125858
0.0325848
0.0454861
0.0489145
0.0449076
0.0513325
0.0486432
0.155134
0.230521
0.129623
0.0470409
0.158288
0.0949913
0.0455868
0.0909257
0.0391118
0.110849
0.139655
0.0306952
0.0390075
0.136688
0.0913852
0.114541
0.227366
0.0910104
0.0185889
0.168916
0.0257567
0.0508759
0.0536757
0.00752444
0.113993
0.105467
0.023208
0.0311549
0.0580094
0.0267508
0.0713266
0.074448
0.201505
0.0937501
0.0314701
0.100241
0.120717
0.0639225
0.0145199
0.0780494
0.0463711
0.0285074
0.0270232
0.0505981
0.18247
0.0684256
0.0631902
0.0608917
0.12761
0.0440455
0.202699
0.0567126
0.129699
0.0825669
0.03735
0.035423
0.156606
0.0589294
0.0387094
0.106569
0.103813
0.0477843
0.0580932
0.0385111
0.13651
0.0675934
0.165523
0.0210882
0.0630878
0.137643
0.0586347
0.0219792
0.0571213
0.0720647
0.0898034
0.0416822
0.0362517
0.118311
0.126474
0.0217313
0.0318739
0.0348006
0.0653628
0.0368651
0.0187172
0.0305429
0.0298571
0.0836184
0.0306053
0.0598984
0.187032
0.0146184
0.0335942
0.0702919
0.0567632
0.200698
0.066538
0.0633429
0.108223
0.0614208
0.0718483
0.0973255
0.0365447
0.0255802
0.0647542
0.0184967
0.0396721
0.0403457
0.0255335
0.0414457
0.0658968
0.0768376
0.0215827
0.0527409
0.0290734
0.15529
0.0508789
0.109685
0.0606213
0.0473985
0.0329074
0.194029
0.0608385
0.079638
0.0451962
0.0925708
0.0988082
0.0396545
0.0891866
0.11476
0.0667503
0.0988372
0.051852
0.12171
0.0456335
0.221633
0.0518186
0.155983
0.0838729
0.214386
0.129931
0.0569169
0.0231106
0.134859
0.0468366
0.113773
0.116155
0.0615456
0.0905995
0.0953648
0.123467
0.060377
0.20875
0.018957
0.0335049
0.0130527
0.051918
0.0841848
0.0208859
0.0546447
0.045583
0.0770988
0.0927951
0.0561459
0.14593
0.118506
0.176772
0.0471578
0.0298052
0.189468
0.106444
0.0808614
0.103796
0.0367796
0.0193055
0.17944
0.0493922
0.0496698
0.0592383
0.102747
0.101081
0.0840512
0.0839079
0.0189371
0.0313256
0.0956275
0.206458
0.218593
0.0333515
0.0937054
0.0368679
0.0283456
0.230218
0.146847
0.0410283
0.0196729
0.0755369
0.0670706
0.0854178
0.0597143
0.0187232
0.0104359
0.0747293
0.0268186
0.108012
0.0268107
0.0112281
0.0374364
0.119071
0.0648264
0.207741
0.123811
0.043696
0.0663343
0.128677
0.0834866
0.0842909
0.013998
0.0228003
0.0746714
0.0752209
0.0878708
0.0868336
0.0249985
0.0702015
0.0803904
0.0901016
0.0922563
0.0711382
0.090844
0.0455627
0.0696014
0.0857706
0.102386
0.059187
0.0605899
0.126822
0.125272
0.109524
0.0221974
0.17618
0.0442276
0.189382
0.116139
0.0153674
0.0306693
0.0281867
0.0736796
0.0161853
0.0452457
0.0496219
0.0435413
0.0929587
0.0611942
0.103936
0.061371
0.022516
0.213768
0.0118765
0.0667159
0.0836407
0.147651
0.0915608
0.100182
0.0568346
0.092934
0.222349
0.0623933
0.0364756
0.0736811
0.0616156
0.135668
0.0609655
0.0414683
0.0375186
0.032997
0.262787
0.0297967
0.0730966
0.0631209
0.0411121
0.0976652
0.0785232
0.130136
0.0369401
0.0129622
0.0597443
0.0225102
0.0683286
0.0154741
0.0705896
0.0487391
0.236978
0.0398188
0.16114
0.0981486
0.0666783
0.161568
0.0455765
0.0993744
0.047475
0.0972606
0.0572113
0.0125572
0.0391859
0.0377329
0.0567852
0.0191991
0.0592956
0.0194444
0.0839489
0.131646
0.0465692
0.0494768
0.0286559
0.0633237
0.0114913
0.111156
0.212348
0.0109405
0.023896
0.0266736
0.128981
0.0431887
0.0628372
0.076973
0.0668379
0.0416792
0.0948397
0.0355499
0.049902
0.0216034
0.0289794
0.11587
0.109309
0.101641
0.134423
0.246238
0.0118435
0.0320325
0.0142387
0.0265991
0.165782
0.118774
0.14042
0.0476279
0.0796728
0.0959677
0.0310694
0.0579102
0.0306407
0.0524216
0.0465312
0.0917978
0.0281627
0.0557132
0.119037
0.127795
0.0372607
0.0989787
0.0321763
0.0325714
0.0263079
0.049954
0.0524469
0.0590115
0.0606784
0.0257958
0.245702
0.104573
0.106135
0.0818393
0.0298066
0.106719
0.0985479
0.107003
0.080204
0.0320095
0.225471
0.0702821
0.0309165
0.0162493
0.0590837
0.0567337
0.0295809
0.208477
0.0374642
0.0892709
0.0558056
0.00888623
0.050271
0.0670506
0.0339487
0.0857481
0.0258069
0.0391087
0.0977948
0.0178259
0.121057
0.189914
0.00918993
0.0472673
0.00906842
0.0427589
0.0344925
0.0273559
0.00580271
0.00561432
0.0490732
0.0303509
0.0362002
0.0746145
0.0847621
0.0522206
0.0682322
0.104497
0.00569292
0.161298
0.0195494
0.0148685
0.0370209
0.0340028
0.0396289
0.0289581
0.129088
0.0295592
0.032476
0.0139843
0.0474528
0.128274
0.0366277
0.184495
0.0459474
0.0318638
0.0243542
0.0853199
0.120577
0.0989524
0.101832
0.0561629
0.0546859
0.0995674
0.108184
0.0798736
0.10493
0.0903761
0.0210353
0.107524
0.0354229
0.18118
0.0444342
0.0513714
0.0562837
0.0530067
0.0372681
0.0418249
0.172091
0.0211878
0.0723905
0.104195
0.00572129
0.0718411
0.0917646
0.0525822
0.050376
0.0712045
0.0818218
0.116205
0.0250522
0.0112288
0.0770455
0.0865795
0.0557655
0.0469487
0.0235988
0.0251448
0.0348844
0.0644209
0.0131087
0.0532896
0.0729596
0.0988912
0.141515
0.0306093
0.0917046
0.0572477
0.0907023
0.0130404
0.0279177
0.0563903
0.065795
0.095012
0.0362089
0.0755873
0.0844143
0.0226203
0.160632
0.105893
0.191904
0.0237665
0.0545615
0.0567181
0.130436
0.0668585
0.0360654
0.0798146
0.063456
0.0109708
0.0903812
0.0988522
0.214567
0.0315998
0.18032
0.0450496
0.0194726
0.0929874
0.051421
0.0209533
0.0486568
0.136074
0.0901197
0.0671439
0.16452
0.02776
0.0825628
0.0916225
0.0280934
0.117969
0.0920035
0.0478714
0.0409603
0.162559
0.0858848
0.0214992
0.103051
0.0237686
0.126055
0.0736068
0.0887044
0.0490158
0.229329
0.101121
0.0649524
0.159454
0.190932
0.0297438
0.0785312
0.0754666
0.175988
0.0544973
0.0503616
0.152786
0.0110283
0.0766947
0.052255
0.053943
0.0260073
0.0348428
0.0317667
0.0430777
0.0366401
0.264095
0.019538
0.151508
0.0351556
0.0749802
0.100648
0.145475
0.00802428
0.0279593
0.0526465
0.0227679
0.093336
0.0289247
0.0176469
0.0144979
0.150252
0.0683582
0.0738163
0.0624255
0.191624
0.0155303
0.0561224
0.0349132
0.058585
0.07133
0.0553093
0.123303
0.0248
0.0653319
0.0830934
0.0621323
0.0873268
0.0443661
0.0151021
0.0961502
0.0423876
0.0892981
0.0181819
0.0624091
0.0242311
0.221325
0.0496043
0.0164253
0.171325
0.0280995
0.0656964
0.106733
0.0438292
0.254285
0.0133564
0.0465274
0.0651774
0.288461
0.0476011
0.0932053
0.070224
0.026819
0.0349924
0.0348584
0.067499
0.150412
0.0538071
0.0634391
0.0362946
0.138808
0.244633
0.0760034
0.0715675
0.00811588
0.0385494
0.0653813
0.0374123
0.0180097
0.0830081
0.0781745
0.0297352
0.434848
0.0824225
0.0894098
0.108977
0.0647592
0.154935
0.030684
0.19264
0.12625
0.111903
0.245205
0.0834003
0.123828
0.0461165
0.0165215
0.0605801
0.0848421
0.0559952
0.154542
0.0477178
0.0790056
0.133886
0.0350589
0.0843994
0.0455262
0.0664303
0.114316
0.0591719
0.0505282
0.032818
0.106862
0.064035
0.0450448
0.213472
0.0699334
0.160022
0.121392
0.04717
0.0883884
0.12523
0.0809086
0.111594
0.100282
0.225271
0.115402
0.124129
0.118287
0.0245058
0.0383006
0.0214436
0.0264279
0.0867417
0.0399224
0.0738872
0.13264
0.0637069
0.0526161
0.0454753
0.106984
0.0913437
0.0597181
0.124135
0.0517458
0.163539
0.104733
0.055141
0.083189
0.0238136
0.0178587
0.0966358
0.182793
0.226877
0.0610216
0.0382107
0.0721459
0.107535
0.153791
0.0398262
0.0595087
0.191542
0.0384456
0.0740771
0.0609232
0.0234217
0.0563089
0.0890758
0.187073
0.078782
0.0488312
0.068063
0.0823974
0.260405
0.0472721
0.031343
0.0512177
0.0825123
0.0492963
0.137491
0.0483315
0.0754434
0.0601944
0.0655866
0.111694
0.111494
0.170767
0.126943
0.165081
0.20073
0.0896762
0.0532266
0.0589963
0.195055
0.0584782
0.164847
0.0923935
0.225059
0.0660373
0.0450647
0.148821
0.112458
0.063114
0.135422
0.0524198
0.0204427
0.11318
0.0511702
0.0424066
0.101806
0.0579342
0.0251068
0.132261
0.132883
0.255928
0.036379
0.0369444
0.161501
0.0454978
0.0179865
0.104535
0.0861099
0.168745
0.0390438
0.0154446
0.0322571
0.0609447
0.0920789
0.0611113
0.142169
0.0663306
0.171191
0.0438435
0.0767499
0.0488534
0.0444686
0.168544
0.0469024
0.0240393
0.160938
0.0917216
0.154521
0.0504329
0.0562297
0.0606242
0.16925
0.142657
0.0583884
0.0893146
0.0942327
0.228809
0.0334611
0.01952
0.161463
0.0420818
0.0423893
0.0887728
0.0389415
0.131105
0.0687655
0.1128
0.0929826
0.0508356
0.0515864
0.0272183
0.16182
0.0342279
0.050723
0.175033
0.0841428
0.0962958
0.0864142
0.232028
0.0440971
0.0614319
0.0195541
0.185668
0.113947
0.112797
0.137974
0.140094
0.0435084
0.13441
0.0212778
0.11114
0.0536949
0.0705366
0.0728046
0.082215
0.0538676
0.030014
0.0275906
0.142543
0.127266
0.0786684
0.0437691
0.235906
0.0313881
0.127855
0.0757722
0.157048
0.021453
0.0578024
0.0906321
0.0606355
0.210142
0.0643784
0.109697
0.230892
0.0905546
0.0368481
0.0369337
0.0386607
0.0198803
0.0476946
0.0165628
0.103832
0.0456176
0.0374034
0.148572
0.0948112
0.030647
0.0428749
0.0599797
0.0391873
0.147405
0.232599
0.036558
0.108975
0.0857207
0.0730692
0.132291
0.111227
0.167046
0.127962
0.0892229
0.0945332
0.14452
0.112843
0.0212617
0.0287689
0.0407255
0.112971
0.164731
0.196891
0.0880576
0.175692
0.0457349
0.11398
0.0686039
0.0487824
0.0582033
0.122658
0.0270273
0.113857
0.142873
0.0563115
0.13142
0.0975893
0.0438919
0.136479
0.088443
0.0353557
0.106724
0.146155
0.073406
0.169837
0.0424616
0.0958321
0.185412
0.236636
0.0870928
0.0819533
0.0781047
0.0655424
0.0776257
0.109372
0.202571
0.093249
0.0761657
0.0558222
0.161781
0.250941
0.103418
0.0997559
0.0976937
0.0567078
0.0585723
0.0238727
0.0571974
0.190771
0.033877
0.0417094
0.0509438
0.203561
0.035863
0.0590474
0.113047
0.0993521
0.106714
0.0777127
0.0919146
0.0424111
0.00914102
0.109543
0.0470592
0.0984035
0.107337
0.0270688
0.0250054
0.0464648
0.0572711
0.06336
0.0434484
0.111586
0.179094
0.0640853
0.108226
0.0354068
0.0875367
0.0261585
0.0303938
0.0411824
0.130981
0.0784263
0.0351397
0.0381706
0.115871
0.0947331
0.170661
0.189373
0.0477801
0.0390379
0.0357094
0.0996109
0.023355
0.084645
0.156611
0.049782
0.0430875
0.0586221
0.0109775
0.205127
0.0733497
0.189209
0.100899
0.154999
0.138325
0.130117
0.158074
0.0812489
0.044965
0.0600537
0.098911
0.266029
0.0290098
0.117233
0.0410036
0.0983122
0.0677901
0.0691533
0.104894
0.141549
0.0369044
0.145754
0.16232
0.0580108
0.0299676
0.0388322
0.0897718
0.232533
0.0429481
0.102449
0.200207
0.0232857
0.0356948
0.0957286
0.128091
0.06994
0.112472
0.179405
0.111458
0.0571036
0.123193
0.0559833
0.0934298
0.0830981
0.226962
0.140777
0.0233787
0.0927457
0.0728213
0.188373
0.100728
0.0427274
0.19482
0.0917922
0.0450551
0.181507
0.0400836
0.20098
0.0674676
0.029856
0.0956765
0.0694541
0.0696248
0.0480277
0.0797409
0.127456
0.143584
0.112846
0.134265
0.0877641
0.0443735
0.0811952
0.0986126
0.0458274
0.214258
0.244036
0.130839
0.108412
0.082659
0.0299521
0.134439
0.0986449
0.0546791
0.0429051
0.128178
0.122849
0.172507
0.0409966
0.0713404
0.0584646
0.0218113
0.103123
0.0895681
0.0740502
0.0264637
0.0354504
0.16975
0.181727
0.0625533
0.235935
0.0451618
0.0336129
0.0511665
0.0648687
0.0348895
0.0561854
0.129821
0.0405128
0.0480575
0.0735423
0.0956457
0.0577711
0.0898938
0.0313774
0.132288
0.0344406
0.0287747
0.0264068
0.106123
0.0603811
0.0615477
0.02998
0.0174634
0.025749
0.0379045
0.0476479
0.0527937
0.174851
0.0509451
0.103894
0.0267415
0.126729
0.0405504
0.0253599
0.074119
0.0496297
0.0661862
0.0798396
0.0597335
0.129228
0.218669
0.1401
0.113429
0.105129
0.0346309
0.117615
0.0315611
0.0336091
0.0252756
0.131171
0.319928
0.0475223
0.0967025
0.0947884
0.110518
0.0579106
0.0590295
0.108359
0.135294
0.169244
0.0417023
0.0365205
0.231984
0.037042
0.0264517
0.102105
0.117078
0.186179
0.0392861
0.188127
0.0217366
0.1979
0.171541
0.100339
0.145491
0.0594854
0.0926824
0.0558563
0.0658572
0.0286644
0.0412169
0.105954
0.0906864
0.0701409
0.0445748
0.0434751
0.0249704
0.0962905
0.132628
0.0764618
0.0646864
0.0699416
0.0659649
0.102123
0.0587299
0.0413558
0.0733299
0.0572908
0.111669
0.0435073
0.0286866
0.0392442
0.100425
0.123431
0.0264179
0.098569
0.0655896
0.276577
0.0509356
0.0152663
0.157734
0.0436671
0.183542
0.059964
0.0605754
0.140836
0.0421167
0.0727212
0.150393
0.136735
0.183699
0.0804753
0.178252
0.033006
0.130915
0.0866418
0.133454
0.116823
0.0990188
0.0759496
0.158712
0.0573756
0.122673
0.0734364
0.178066
0.0697484
0.0682765
0.113604
0.0254969
0.0842846
0.0637413
0.0925847
0.0542461
0.0360507
0.235546
0.0767398
0.0760883
0.0334133
0.0196071
0.046175
0.0948877
0.0283523
0.0545678
0.0571619
0.0849431
0.128726
0.051007
0.0995082
0.115101
0.0469707
0.0349248
0.0895058
0.196863
0.0426802
0.114167
0.0807787
0.118394
0.106722
0.0287718
0.0692084
0.12798
0.024859
0.040695
0.0402258
0.0683896
0.198625
0.117324
0.120514
0.0527158
0.30474
0.19601
0.0627571
0.150186
0.061487
0.0440512
0.0606315
0.036642
0.0544627
0.0450571
0.0178618
0.0788433
0.175658
0.0522057
0.0971105
0.0138867
0.13398
0.0390624
0.046364
0.0923374
0.559081
0.073724
0.369795
0.174287
0.051588
0.330772
0.0330678
0.0764867
0.264351
0.0203883
0.0701878
0.0639681
0.159162
0.223768
0.352332
0.0740455
0.280057
0.090705
0.0670009
0.27391
0.166152
0.0983496
0.247184
0.235034
0.191727
0.0220073
0.108812
0.156816
0.151913
0.207341
0.132963
0.352691
0.250939
0.0799305
0.330929
0.233339
0.0121872
0.323755
0.260831
0.383613
0.331892
0.262745
0.182302
0.0444668
0.0743926
0.173254
0.309308
0.0269991
0.155834
0.18578
0.197163
0.310114
0.12256
0.106086
0.233516
0.0176507
0.143584
0.0763662
0.354872
0.326234
0.172239
0.346351
0.394202
0.205019
0.342269
0.165916
0.182617
0.0845499
0.0724826
0.117663
0.0580513
0.291495
0.0229118
0.0575699
0.120668
0.222264
0.0383856
0.197506
0.116289
0.120446
0.122557
0.0498154
0.0801531
0.293363
0.194864
0.231573
0.133012
0.0992034
0.350865
0.0372675
0.116198
0.152771
0.12939
0.312685
0.187974
0.365244
0.159139
0.0317681
0.314818
0.0505192
0.0719689
0.0523097
0.362334
0.0417064
0.140196
0.0748075
0.187078
0.167356
0.183019
0.0526759
0.133813
0.153384
0.390648
0.162417
0.019
0.109398
0.0727224
0.122082
0.109591
0.207301
0.0709456
0.0820956
0.137985
0.202275
0.241735
0.335869
0.359252
0.362592
0.120599
0.181347
0.120063
0.141458
0.121777
0.00912989
0.25958
0.127937
0.0301134
0.231663
0.0684463
0.258828
0.208824
0.181956
0.158774
0.154865
0.123931
0.327966
0.238376
0.0990192
0.164474
0.153523
0.199318
0.354225
0.0831047
0.0603284
0.28977
0.228744
0.117731
0.2555
0.0468368
0.0837399
0.0982974
0.100791
0.0683718
0.229404
0.0758976
0.0442642
0.292539
0.146263
0.312858
0.140497
0.135574
0.324893
0.0468893
0.0948709
0.339887
0.209907
0.146246
0.270669
0.135895
0.0844356
0.092009
0.122936
0.229037
0.160053
0.16258
0.122554
0.194229
0.226543
0.0174334
0.156493
0.261116
0.129569
0.115212
0.199649
0.341996
0.0486465
0.0422582
0.00843862
0.273121
0.0993278
0.249284
0.282701
0.207232
0.169439
0.0208856
0.0322019
0.301586
0.0277655
0.0938972
0.273998
0.295221
0.157005
0.125862
0.288614
0.116142
0.367421
0.0781306
0.140508
0.165598
0.0528725
0.177642
0.157902
0.0677453
0.213409
0.310904
0.286915
0.0768825
0.18863
0.141412
0.0328241
0.250355
0.125045
0.289979
0.0712247
0.220509
0.13424
0.0848449
0.275308
0.120015
0.12904
0.00927987
0.128662
0.0335094
0.0389509
0.260769
0.18573
0.0884109
0.299511
0.125548
0.333831
0.264238
0.214081
0.323679
0.103912
0.109623
0.0762623
0.235103
0.357428
0.0784026
0.212367
0.248383
0.375014
0.268469
0.0243949
0.174662
0.0912413
0.154283
0.0969636
0.163668
0.0923433
0.196682
0.115017
0.148012
0.38146
0.161903
0.05138
0.192274
0.114099
0.0112449
0.243647
0.15442
0.279554
0.294799
0.0523905
0.147539
0.0554232
0.116983
0.110401
0.0427912
0.140097
0.184563
0.0735693
0.144973
0.0412301
0.129614
0.277436
0.100246
0.140538
0.175016
0.198241
0.0975486
0.206407
0.282435
0.0676704
0.118805
0.0888871
0.235573
0.145841
0.209668
0.381292
0.374545
0.285611
0.0289473
0.294824
0.235196
0.146731
0.0497037
0.376057
0.21812
0.0108476
0.201968
0.098282
0.341533
0.285254
0.15922
0.0454178
0.159045
0.170605
0.0170447
0.335672
0.089533
0.297845
0.183559
0.0768566
0.253589
0.309882
0.206736
0.21542
0.0697324
0.303195
0.238432
0.127369
0.219686
0.00310275
0.115445
0.128404
0.083414
0.287365
0.0429743
0.126103
0.112768
0.164548
0.226082
0.20608
0.0946227
0.203307
0.170214
0.266789
0.158225
0.182103
0.102654
0.0801122
0.250314
0.149193
0.086284
0.129375
0.0481435
0.234997
0.0266114
0.0709489
0.168238
0.217259
0.140799
0.162401
0.286191
0.0319555
0.28798
0.148178
0.0459946
0.277668
0.222934
0.0870649
0.0166063
0.0829547
0.086888
0.283711
0.10156
0.152137
0.314101
0.0482014
0.0245419
0.0908898
0.158973
0.145782
0.06988
0.24457
0.222278
0.0403759
0.0481022
0.0262895
0.0660352
0.264095
0.231592
0.0916578
0.296407
0.172343
0.13982
0.164544
0.251495
0.207333
0.227894
0.135033
0.228918
0.154146
0.0223884
0.158776
0.0711403
0.300947
0.178859
0.173208
0.0945085
0.0637833
0.0790435
0.183694
0.198077
0.198119
0.162158
0.273949
0.313092
0.121183
0.0654814
0.0911497
0.211865
0.30247
0.102875
0.0356678
0.314898
0.270855
0.141658
0.0705305
0.373254
0.0571006
0.110346
0.0475956
0.0599348
0.198765
0.0813178
0.181118
0.0319617
0.180576
0.0282422
0.290121
0.121336
0.199645
0.270955
0.110241
0.148224
0.227285
0.0921631
0.18935
0.227466
0.260187
0.176479
0.0779919
0.188461
0.158039
0.201303
0.217706
0.336958
0.372533
0.232874
0.132072
0.10825
0.180514
0.174668
0.0743767
0.142143
0.247233
0.0219319
0.145107
0.318742
0.051773
0.0976329
0.17725
0.133625
0.0848129
0.228057
0.25525
0.166389
0.0326305
0.0151355
0.19704
0.244154
0.149231
0.12056
0.130346
0.192076
0.0218014
0.21136
0.232024
0.30824
0.0633273
0.283673
0.0871954
0.0936673
0.239935
0.0954416
0.11133
0.137305
0.071429
0.295815
0.245955
0.0226035
0.110567
0.0905871
0.0440788
0.173486
0.397042
0.0841542
0.129685
0.173543
0.25831
0.0820748
0.0940547
0.127372
0.163156
0.26796
0.0995521
0.0660957
0.111387
0.0205533
0.135374
0.0549911
0.280831
0.384087
0.249155
0.21689
0.124154
0.367073
0.265138
0.0968857
0.284498
0.128946
0.147467
0.253982
0.0320529
0.194859
0.110995
0.149779
0.205711
0.0568859
0.301685
0.238158
0.0752157
0.0106113
0.14683
0.145981
0.10359
0.134211
0.0472576
0.0670536
0.113707
0.0345999
0.275614
0.0485476
0.199995
0.214635
0.197646
0.0741188
0.246105
0.0889141
0.0236591
0.10282
0.269863
0.0394388
0.100834
0.144004
0.0506775
0.26195
0.340168
0.233583
0.375355
0.346873
0.116205
0.224296
0.203199
0.0971389
0.127621
0.371493
0.232178
0.0814343
0.28284
0.250299
0.299644
0.125384
0.230201
0.057766
0.0282774
0.286677
0.0522208
0.116511
0.0948456
0.0346693
0.357112
0.21901
0.182969
0.0522616
0.149085
0.212767
0.191278
0.307279
0.345001
0.213208
0.123231
0.149131
0.177291
0.0244681
0.201807
0.0970947
0.192015
0.14049
0.388486
0.148317
0.0387892
0.0340569
0.0561511
0.199465
0.162955
0.0903522
0.25094
