0.412694
0.205893
0.27965
0.258562
0.174998
0.235613
0.274846
0.189443
0.250752
0.20825
0.2696
0.24503
0.236988
0.272084
0.238784
0.236733
0.237529
0.152885
0.226275
0.262482
0.191363
0.33444
0.244608
0.285393
0.27176
0.183859
0.254322
0.226259
0.27564
0.333474
0.215137
0.219813
0.279719
0.307155
0.280637
0.332457
0.277081
0.22223
0.244228
0.147429
0.286382
0.257461
0.272342
0.201631
0.263646
0.317291
0.268292
0.239917
0.205713
0.350158
0.310326
0.248904
0.198991
0.194945
0.191886
0.269077
0.285962
0.354958
0.188674
0.24257
0.334657
0.274588
0.312291
0.304578
0.237562
0.26382
0.247248
0.234027
0.170607
0.273946
0.184396
0.250971
0.13419
0.310448
0.404417
0.233305
0.221552
0.273025
0.218643
0.291105
0.240006
0.297431
0.294738
0.260888
0.265107
0.213009
0.213601
0.225435
0.246265
0.209956
0.234604
0.343966
0.21256
0.24919
0.301215
0.318731
0.356782
0.247468
0.25299
0.283441
0.297208
0.223225
0.246156
0.310966
0.265964
0.261242
0.235312
0.304786
0.183456
0.221655
0.220756
0.223956
0.255891
0.295054
0.28179
0.34871
0.217778
0.241431
0.236263
0.237998
0.259442
0.237112
0.224122
0.325181
0.236718
0.242049
0.209016
0.266051
0.259839
0.240491
0.226078
0.235459
0.255977
0.320582
0.257162
0.388298
0.234203
0.256708
0.228499
0.275602
0.213566
0.267395
0.194253
0.293212
0.2466
0.245327
0.220272
0.268997
0.164376
0.265015
0.240701
0.377021
0.198733
0.312078
0.286761
0.202782
0.231746
0.244645
0.341539
0.283513
0.293409
0.318875
0.26037
0.230813
0.273809
0.227499
0.219175
0.238669
0.294676
0.2685
0.298089
0.307624
0.224631
0.234906
0.279001
0.206073
0.193912
0.279468
0.283131
0.242209
0.21214
0.233045
0.193326
0.24111
0.306756
0.204623
0.213716
0.227352
0.266455
0.161515
0.241066
0.0991835
0.235407
0.230481
0.252704
0.312852
0.359215
0.274218
0.263042
0.232543
0.31996
0.259661
0.210325
0.29508
0.290797
0.297394
0.202932
0.265723
0.263807
0.325738
0.206782
0.236845
0.236341
0.220216
0.230644
0.205734
0.291288
0.373533
0.266105
0.2672
0.267389
0.359782
0.274912
0.330057
0.334781
0.35097
0.267737
0.310776
0.289653
0.249887
0.198406
0.274151
0.218877
0.260045
0.291681
0.2907
0.255211
0.267525
0.262672
0.209964
0.2419
0.242259
0.259011
0.238842
0.274707
0.258202
0.21041
0.249828
0.194377
0.307019
0.216792
0.229667
0.323048
0.225441
0.241282
0.202789
0.277743
0.336305
0.23777
0.253297
0.300486
0.26863
0.249153
0.309885
0.356763
0.195358
0.279717
0.251236
0.263581
0.287014
0.288132
0.251484
0.294775
0.200023
0.168712
0.229311
0.215142
0.353614
0.194958
0.278903
0.171889
0.239555
0.246986
0.281079
0.263077
0.299875
0.216678
0.373896
0.275143
0.199419
0.290908
0.272158
0.258756
0.189376
0.258968
0.272577
0.289731
0.172338
0.277675
0.201521
0.255965
0.178082
0.181727
0.249033
0.33452
0.210752
0.231471
0.263729
0.399128
0.24652
0.323669
0.281069
0.305089
0.216341
0.225627
0.228387
0.273129
0.262692
0.225726
0.276062
0.180995
0.181894
0.292649
0.176304
0.27318
0.200893
0.196646
0.29241
0.235157
0.183525
0.2616
0.283601
0.240986
0.202205
0.301644
0.273835
0.172548
0.219167
0.243197
0.225864
0.236768
0.317981
0.160269
0.245027
0.197412
0.201373
0.373969
0.311143
0.221367
0.2294
0.264324
0.323993
0.175047
0.270594
0.24349
0.219528
0.203698
0.194603
0.25883
0.300592
0.253562
0.208676
0.19711
0.27414
0.27273
0.131549
0.206921
0.220267
0.228218
0.240019
0.20559
0.219618
0.238908
0.28605
0.251424
0.222571
0.165926
0.363011
0.26755
0.261312
0.207216
0.212435
0.191162
0.297294
0.223647
0.313274
0.227399
0.221287
0.332954
0.247456
0.250773
0.221629
0.248086
0.246628
0.190798
0.210872
0.227152
0.274291
0.285624
0.261106
0.185103
0.257211
0.282352
0.25355
0.170202
0.204639
0.188228
0.277167
0.271104
0.252151
0.340288
0.211943
0.296907
0.309426
0.24111
0.198473
0.298641
0.168413
0.357241
0.276931
0.276444
0.283272
0.282576
0.254385
0.316622
0.243179
0.239851
0.234612
0.280983
0.266586
0.241273
0.357872
0.274093
0.239736
0.159483
0.22871
0.241203
0.236703
0.257375
0.281562
0.308429
0.293513
0.217628
0.319388
0.32469
0.284662
0.247805
0.222617
0.137769
0.235809
0.209998
0.271233
0.303059
0.274961
0.229905
0.176426
0.166334
0.199513
0.163906
0.297433
0.326483
0.252147
0.224408
0.341895
0.304768
0.198943
0.303005
0.251524
0.231337
0.183263
0.267439
0.285014
0.252033
0.232285
0.197656
0.252539
0.257475
0.259969
0.23403
0.246994
0.151527
0.285479
0.31499
0.219701
0.226421
0.258493
0.306
0.249723
0.298971
0.297856
0.262354
0.220223
0.244274
0.244767
0.221389
0.314173
0.316156
0.330226
0.199791
0.311854
0.250954
0.48639
0.20665
0.283537
0.231642
0.241402
0.321554
0.275417
0.233024
0.153546
0.288581
0.182554
0.297551
0.300617
0.372511
0.236816
0.272468
0.303818
0.258095
0.323479
0.397362
0.291995
0.281604
0.239503
0.1945
0.302457
0.257765
0.184697
0.151374
0.21309
0.246623
0.220793
0.264929
0.268034
0.349325
0.283571
0.291407
0.292501
0.246148
0.324331
0.258044
0.362709
0.258959
0.318583
0.293106
0.220904
0.264796
0.332718
0.156658
0.237844
0.310503
0.231904
0.208865
0.186022
0.327328
0.241355
0.231494
0.364122
0.283193
0.340534
0.294044
0.251576
0.314327
0.330099
0.212439
0.345978
0.377588
0.343493
0.21229
0.197088
0.225021
0.236418
0.22598
0.21656
0.312813
0.302984
0.245097
0.30331
0.254442
0.29911
0.170664
0.188392
0.262672
0.302486
0.242764
0.290763
0.156983
0.184666
0.226393
0.330957
0.20161
0.210768
0.287003
0.249439
0.264901
0.206284
0.233591
0.238394
0.315715
0.268149
0.353144
0.22687
0.248873
0.20211
0.262989
0.225427
0.279539
0.173486
0.303458
0.316518
0.293561
0.289381
0.202167
0.251232
0.260416
0.297613
0.232464
0.193518
0.269487
0.193893
0.274587
0.361958
0.289313
0.306554
0.290738
0.247716
0.284964
0.228011
0.217105
0.163404
0.22976
0.191879
0.272311
0.263653
0.270152
0.319939
0.213216
0.199173
0.226202
0.179962
0.299379
0.157842
0.289668
0.244125
0.224894
0.189579
0.198921
0.216468
0.246017
0.151994
0.191267
0.289497
0.32822
0.231469
0.255027
0.253503
0.315752
0.174026
0.297799
0.245522
0.259284
0.236476
0.358714
0.294353
0.28843
0.30584
0.131572
0.306589
0.168312
0.275539
0.306131
0.198218
0.248173
0.179418
0.26386
0.30277
0.175603
0.145206
0.164015
0.247381
0.346677
0.273144
0.209879
0.309748
0.276449
0.24873
0.266999
0.252558
0.275799
0.282147
0.340175
0.20179
0.25033
0.245079
0.312791
0.196605
0.2116
0.192436
0.20311
0.296048
0.245114
0.288371
0.292096
0.231517
0.23615
0.300899
0.320447
0.366823
0.307368
0.327937
0.189295
0.308576
0.145185
0.173282
0.239835
0.289162
0.258058
0.230285
0.26965
0.278256
0.281896
0.275626
0.288497
0.380534
0.222228
0.20064
0.229235
0.311748
0.23216
0.309524
0.155987
0.29462
0.256332
0.217746
0.357673
0.246167
0.196134
0.218259
0.174389
0.194553
0.274755
0.309655
0.295489
0.221804
0.199926
0.225824
0.225006
0.199837
0.247068
0.192198
0.234088
0.263626
0.272802
0.327456
0.263002
0.279043
0.339443
0.180715
0.257686
0.276254
0.149192
0.191517
0.36519
0.214389
0.303137
0.26981
0.308757
0.320234
0.274179
0.207328
0.358169
0.300176
0.276709
0.33093
0.239221
0.235939
0.239935
0.297159
0.252591
0.211691
0.21782
0.135013
0.289022
0.33769
0.201202
0.29454
0.327777
0.274604
0.265376
0.261667
0.224341
0.25556
0.245555
0.20409
0.23778
0.222003
0.286179
0.22602
0.265684
0.243493
0.402655
0.226196
0.271877
0.256047
0.299345
0.287137
0.314861
0.334395
0.311781
0.24605
0.33127
0.266665
0.21759
0.345933
0.255824
0.270884
0.280162
0.291526
0.226389
0.292131
0.292231
0.245157
0.286252
0.191222
0.225771
0.166607
0.283541
0.244906
0.382518
0.201881
0.224418
0.300947
0.338225
0.237551
0.275908
0.187372
0.249871
0.261161
0.186914
0.272663
0.32778
0.297824
0.249591
0.33281
0.187267
0.227523
0.228624
0.194744
0.203498
0.214935
0.284607
0.254711
0.332111
0.292046
0.243651
0.28968
0.200562
0.238552
0.328575
0.261991
0.160946
0.196793
0.242707
0.344204
0.267749
0.311249
0.274333
0.283762
0.231516
0.350778
0.23578
0.267864
0.322999
0.238939
0.282699
0.324438
0.30899
0.286573
0.228361
0.307243
0.241242
0.267399
0.286694
0.182694
0.334394
0.165553
0.267351
0.261679
0.232899
0.326557
0.28202
0.258402
0.235232
0.34173
0.258034
0.214978
0.297271
0.338072
0.251274
0.216336
0.282271
0.22317
0.269707
0.290389
0.336583
0.278407
0.193115
0.289599
0.218089
0.323096
0.257197
0.277925
0.247433
0.261394
0.239527
0.228639
0.187742
0.229519
0.338145
0.32034
0.369669
0.33268
0.276221
0.280189
0.309811
0.286068
0.295602
0.203528
0.327031
0.166432
0.19757
0.294069
0.177381
0.171484
0.262659
0.21779
0.245536
0.246715
0.247324
0.244537
0.265345
0.276323
0.238905
0.334466
0.231475
0.269097
0.346848
0.261561
0.220257
0.219309
0.244044
0.32433
0.30871
0.330262
0.258369
0.207213
0.291726
0.24141
0.237107
0.270323
0.220056
0.337418
0.278319
0.202162
0.327121
0.213323
0.279487
0.257126
0.277288
0.233779
0.199127
0.372688
0.191692
0.260131
0.222237
0.329168
0.269117
0.261208
0.23342
0.314881
0.133593
0.31322
0.385411
0.307089
0.24842
0.38444
0.315991
0.318676
0.238815
0.244206
0.252435
0.2789
0.255978
0.245366
0.204477
0.195065
0.351762
0.218128
0.367225
0.167212
0.359817
0.51691
0.388424
0.399581
0.343562
0.329285
0.293779
0.314067
0.343768
0.39547
0.303661
0.378496
0.377291
0.38063
0.309662
0.37153
0.414695
0.369199
0.300666
0.366615
0.400119
0.384271
0.332346
0.355374
0.354055
0.342215
0.26314
0.352369
0.340803
0.376434
0.358888
0.318193
0.269407
0.335948
0.378388
0.354162
0.355853
0.386125
0.306945
0.360028
0.377789
0.326772
0.376349
0.359949
0.376808
0.375909
0.358778
0.321976
0.402544
0.311398
0.392456
0.432722
0.401782
0.368864
0.364815
0.340178
0.324633
0.296897
0.384755
0.285349
0.359476
0.311904
0.358541
0.351225
0.405045
0.378131
0.352936
0.342849
0.374462
0.347001
0.30204
0.450584
0.299369
0.257193
0.405948
0.337944
0.375255
0.314568
0.299622
0.340952
0.323891
0.392463
0.282789
0.384566
0.345069
0.361691
0.348367
0.317853
0.35214
0.331239
0.245725
0.323567
0.40154
0.334158
0.328548
0.30925
0.323212
0.319471
0.31198
0.288736
0.354891
0.294465
0.305004
0.313483
0.33982
0.348083
0.372065
0.423392
0.301442
0.388289
0.375347
0.401087
0.241355
0.263103
0.278552
0.301603
0.241658
0.306513
0.351365
0.394404
0.339325
0.291976
0.384088
0.294506
0.384875
0.330399
0.287078
0.36468
0.321621
0.302207
0.32318
0.363762
0.301159
0.287128
0.374511
0.453407
0.359707
0.320465
0.322165
0.244717
0.373712
0.229896
0.377288
0.397814
0.286636
0.384359
0.34842
0.280902
0.27247
0.317551
0.318619
0.378956
0.312656
0.258422
0.260153
0.375309
0.435675
0.283162
0.344052
0.301192
0.259175
0.266042
0.344197
0.333897
0.323892
0.297551
0.345178
0.354786
0.299314
0.340234
0.358228
0.296142
0.26967
0.309307
0.364124
0.403745
0.36935
0.38352
0.401974
0.379829
0.363977
0.380949
0.222803
0.32315
0.370443
0.347078
0.425732
0.416281
0.289836
0.305151
0.359379
0.353652
0.274854
0.385608
0.360347
0.329566
0.329244
0.377745
0.385768
0.278348
0.423997
0.331696
0.402362
0.356234
0.328626
0.33651
0.397295
0.290702
0.391784
0.329265
0.335782
0.286073
0.412696
0.290992
0.323087
0.309541
0.305953
0.281943
0.30955
0.397572
0.331901
0.392313
0.378125
0.413972
0.26591
0.361249
0.351518
0.328269
0.16719
0.291511
0.296866
0.372988
0.36366
0.369875
0.317734
0.364044
0.321042
0.361779
0.387782
0.361791
0.33547
0.354954
0.350126
0.355702
0.359855
0.337648
0.339433
0.315949
0.253487
0.435724
0.322708
0.387763
0.263586
0.363449
0.40547
0.32123
0.207101
0.338561
0.251381
0.345337
0.327025
0.388716
0.352668
0.318392
0.327897
0.340565
0.282974
0.310562
0.291686
0.41138
0.284105
0.392987
0.248118
0.283038
0.390048
0.385941
0.419835
0.32784
0.350654
0.26618
0.294548
0.442098
0.320393
0.491639
0.283841
0.381347
0.355128
0.332538
0.30977
0.343582
0.302269
0.26565
0.309984
0.42674
0.403036
0.23859
0.344929
0.335028
0.342147
0.341355
0.416171
0.336505
0.358804
0.309031
0.314843
0.312414
0.391965
0.345865
0.303346
0.442401
0.35505
0.370464
0.336011
0.414533
0.322525
0.248955
0.244863
0.381509
0.368189
0.308902
0.318014
0.353315
0.303461
0.294011
0.278967
0.349417
0.308581
0.356884
0.36826
0.355119
0.291443
0.310699
0.442466
0.390134
0.350887
0.386182
0.399164
0.344319
0.427236
0.289255
0.258516
0.251626
0.390008
0.312939
0.369412
0.375762
0.357263
0.371172
0.324343
0.316632
0.334442
0.404189
0.431746
0.33737
0.329936
0.378628
0.320003
0.303923
0.357947
0.34385
0.263611
0.299696
0.299356
0.351189
0.393137
0.32457
0.317195
0.35143
0.366706
0.354286
0.426024
0.323924
0.369136
0.36573
0.38009
0.389046
0.28628
0.366598
0.373358
0.360372
0.315662
0.279566
0.383957
0.354115
0.376307
0.303298
0.310452
0.323936
0.307844
0.318012
0.398701
0.394715
0.389437
0.332827
0.258215
0.241832
0.360129
0.38079
0.309127
0.273226
0.374749
0.347209
0.351939
0.392768
0.356291
0.342581
0.352636
0.328363
0.338681
0.361383
0.375675
0.335543
0.353253
0.338668
0.425556
0.239853
0.326049
0.324317
0.280126
0.291599
0.318933
0.328952
0.408799
0.313173
0.27702
0.306116
0.303334
0.345507
0.364696
0.312961
0.381817
0.378185
0.296264
0.371686
0.318556
0.30753
0.342496
0.404988
0.33159
0.268306
0.270788
0.289212
0.33851
0.335835
0.335661
0.23766
0.342773
0.310701
0.326719
0.34057
0.199271
0.321771
0.33315
0.304038
0.320983
0.373909
0.432243
0.350169
0.289171
0.321643
0.320236
0.288791
0.312794
0.316566
0.402309
0.305365
0.329623
0.282072
0.346674
0.294372
0.32988
0.387607
0.334357
0.390806
0.318139
0.364069
0.337308
0.369107
0.279532
0.344141
0.340988
0.33627
0.404279
0.318933
0.351186
0.30275
0.246075
0.259843
0.345761
0.344986
0.282953
0.326821
0.345389
0.345301
0.314132
0.353929
0.324903
0.355233
0.380328
0.288755
0.352947
0.310084
0.32891
0.410758
0.419113
0.376117
0.395001
0.323364
0.226687
0.405234
0.311341
0.437051
0.4073
0.41745
0.428783
0.405757
0.272399
0.359095
0.427982
0.364439
0.392865
0.350797
0.38237
0.347863
0.421307
0.404947
0.410004
0.319187
0.364215
0.276918
0.432867
0.428643
0.248753
0.44103
0.331286
0.453853
0.435791
0.426615
0.381994
0.394025
0.447091
0.49044
0.327904
0.37026
0.401264
0.360164
0.290811
0.432874
0.451965
0.459932
0.362519
0.428099
0.254675
0.255713
0.433844
0.430216
0.413551
0.449473
0.401975
0.465436
0.380362
0.387214
0.317697
0.442639
0.400294
0.297681
0.397319
0.320714
0.285988
0.33665
0.334334
0.393301
0.31783
0.284924
0.38028
0.266559
0.349483
0.259792
0.384813
0.380009
0.442031
0.346092
0.314498
0.424155
0.379069
0.462136
0.461112
0.457928
0.405351
0.342474
0.300055
0.344924
0.399337
0.37457
0.364682
0.423977
0.343382
0.434583
0.422291
0.444551
0.434747
0.357089
0.261416
0.417447
0.390642
0.3984
0.310534
0.307191
0.253039
0.38558
0.434611
0.454741
0.450894
0.433991
0.373008
0.334089
0.360924
0.364029
0.445992
0.372686
0.212704
0.396517
0.402286
0.356568
0.359947
0.372184
0.457253
0.398447
0.463012
0.377676
0.386053
0.377788
0.296047
0.412567
0.392329
0.344469
0.452342
0.361517
0.391738
0.340391
0.350776
0.407783
0.419136
0.229344
0.39996
0.424795
0.353921
0.409364
0.39917
0.259214
0.302504
0.429018
0.311819
0.443828
0.259817
0.426476
0.43054
0.377402
0.375774
0.483183
0.399126
0.374473
0.398474
0.430433
0.451453
0.382546
0.413686
0.315729
0.401527
0.422919
0.440035
0.328154
0.36938
0.429684
0.399447
0.396489
0.317514
0.434779
0.443561
0.3008
0.445682
0.371914
0.319164
0.329547
0.374144
0.293717
0.366481
0.330608
0.313328
0.432111
0.427968
0.380666
0.360191
0.335376
0.241243
0.425153
0.398861
0.369141
0.255679
0.40727
0.385458
0.44501
0.367529
0.321724
0.396207
0.17319
0.490078
0.353334
0.259908
0.204014
0.329146
0.39892
0.361721
0.365404
0.239319
0.273615
0.281855
0.376275
0.378415
0.316941
0.422024
0.337561
0.231869
0.414867
0.428235
0.386951
0.273932
0.377067
0.336324
0.321145
0.414524
0.389143
0.302221
0.24292
0.477498
0.385507
0.373994
0.413778
0.370319
0.27898
0.325584
0.376824
0.359117
0.3517
0.346482
0.384864
0.357267
0.26826
0.403919
0.472499
0.336488
0.284836
0.417154
0.286128
0.412888
0.431935
0.309036
0.403537
0.296201
0.433095
0.36752
0.342094
0.473412
0.40887
0.247106
0.420797
0.337221
0.444738
0.376978
0.389859
0.423274
0.444501
0.381369
0.418111
0.377243
0.36136
0.25002
0.207698
0.365321
0.362231
0.42427
0.402093
0.292
0.324196
0.257364
0.408454
0.341769
0.374958
0.343565
0.413918
0.410846
0.405719
0.309724
0.411213
0.422535
0.431573
0.412673
0.376989
0.213364
0.356616
0.481324
0.34144
0.453344
0.381362
0.334565
0.209967
0.352221
0.388892
0.430607
0.265696
0.285844
0.155006
0.416064
0.357899
0.329223
0.332914
0.41031
0.349618
0.247638
0.327832
0.347477
0.43159
0.424471
0.398608
0.47906
0.262716
0.252924
0.408651
0.451919
0.294877
0.384441
0.445338
0.444004
0.379741
0.387702
0.396348
0.410101
0.450598
0.268832
0.382591
0.424195
0.359392
0.347457
0.359825
0.374024
0.218653
0.405357
0.402381
0.367391
0.444989
0.378326
0.297987
0.424451
0.394911
0.413692
0.345612
0.405744
0.384237
0.266821
0.359372
0.385535
0.452089
0.356352
0.433772
0.346724
0.381648
0.406766
0.452645
0.395739
0.324777
0.454224
0.481219
0.430015
0.423635
0.420768
0.412223
0.35207
0.407435
0.358752
0.265511
0.413641
0.412339
0.373393
0.413047
0.350597
0.444361
0.310333
0.41023
0.279916
0.420223
0.288562
0.463842
0.452962
0.187862
0.415795
0.449399
0.406366
0.417285
0.353236
0.420447
0.307566
0.35854
0.248582
0.279406
0.385875
0.499075
0.373854
0.394183
0.435177
0.352602
0.275819
0.378027
0.442166
0.358577
0.406035
0.4462
0.349648
0.374238
0.305179
0.447049
0.437621
0.414825
0.438781
0.381889
0.278064
0.474389
0.445186
0.452756
0.355335
0.359694
0.435975
0.394274
0.339871
0.49136
0.393088
0.372433
0.397195
0.392665
0.401854
0.407773
0.238591
0.406494
0.383503
0.460138
0.286382
0.330021
0.381063
0.356927
0.410796
0.460391
0.321883
0.442725
0.391763
0.417346
0.412243
0.448443
0.450599
0.407047
0.336776
0.374192
0.46963
0.391894
0.422871
0.417662
0.408091
0.363191
0.431748
0.368539
0.448052
0.358521
0.467283
0.430868
0.399966
0.457409
0.452215
0.327614
0.419956
0.447602
0.247205
0.342531
0.318794
0.353551
0.302225
0.246161
0.397559
0.348828
0.402432
0.365818
0.344564
0.405343
0.386044
0.483507
0.287128
0.367762
0.345927
0.418296
0.431866
0.370971
0.510458
0.285805
0.321156
0.37856
0.453095
0.584064
0.51993
0.528271
0.56233
0.406778
0.501698
0.526822
0.418886
0.186333
0.485976
0.287317
0.44499
0.524376
0.472016
0.365193
0.550599
0.539423
0.563641
0.559678
0.487317
0.541842
0.419397
0.490696
0.430723
0.476762
0.524304
0.47287
0.368215
0.413603
0.523337
0.505037
0.547322
0.465393
0.56168
0.182181
0.485924
0.538895
0.389832
0.511038
0.383005
0.42802
0.469726
0.371795
0.562006
0.508233
0.49468
0.441032
0.433555
0.528734
0.376431
0.555569
0.222604
0.536866
0.379855
0.338852
0.475403
0.423924
0.537666
0.522644
0.269437
0.379976
0.363585
0.552344
0.504168
0.523765
0.539022
0.3627
0.510315
0.194275
0.504959
0.429718
0.497882
0.511135
0.498721
0.42055
0.522488
0.411382
0.493046
0.440009
0.366486
0.551086
0.56919
0.483284
0.245289
0.37621
0.503476
0.442903
0.445226
0.46215
0.446676
0.526054
0.406657
0.510276
0.411208
0.481559
0.514602
0.408425
0.479328
0.297312
0.291763
0.253496
0.459671
0.472585
0.487263
0.484059
0.434937
0.366454
0.52363
0.534783
0.511764
0.446713
0.364787
0.48786
0.323001
0.492595
0.449748
0.498117
0.535208
0.499525
0.466448
0.39205
0.570565
0.428003
0.361807
0.519751
0.348303
0.460604
0.508824
0.371006
0.628798
0.446768
0.52864
0.450624
0.412205
0.480359
0.414651
0.530552
0.503808
0.468935
0.488505
0.39735
0.522234
0.412174
0.39825
0.341884
0.358202
0.497525
0.435567
0.460159
0.392625
0.337732
0.444034
0.522929
0.287216
0.49435
0.44486
0.423637
0.512076
0.460935
0.260881
0.523611
0.428452
0.399174
0.384219
0.491866
0.409404
0.50118
0.528267
0.328747
0.480733
0.400094
0.549333
0.505744
0.450836
0.529677
0.512959
0.268447
0.46183
0.406215
0.280434
0.494132
0.555338
0.404101
0.518447
0.427887
0.534421
0.477202
0.498931
0.392678
0.356236
0.509283
0.510575
0.442522
0.396204
0.516587
0.441072
0.511698
0.478174
0.370841
0.489132
0.491713
0.408549
0.490107
0.340342
0.423253
0.491805
0.531868
0.379889
0.248052
0.404797
0.507248
0.504041
0.505631
0.503947
0.495831
0.293156
0.332336
0.483172
0.367018
0.529215
0.34579
0.447082
0.419489
0.454019
0.459838
0.541003
0.475379
0.468208
0.485746
0.458748
0.424782
0.281074
0.413975
0.321707
0.557851
0.520699
0.537125
0.530383
0.530038
0.476323
0.488985
0.505428
0.510534
0.259633
0.498434
0.406804
0.371494
0.53396
0.373727
0.431454
0.368262
0.418755
0.470747
0.389076
0.480066
0.406313
0.557496
0.459816
0.433116
0.486754
0.488126
0.529884
0.404732
0.45395
0.490013
0.420569
0.487539
0.550738
0.340584
0.555847
0.402836
0.454701
0.466347
0.375922
0.389171
0.543568
0.479897
0.397346
0.543262
0.47645
0.509127
0.533624
0.514482
0.490537
0.519979
0.529279
0.221424
0.491058
0.427971
0.452324
0.505639
0.408062
0.457638
0.495199
0.467435
0.509585
0.501949
0.357219
0.367659
0.582203
0.591455
0.455572
0.394057
0.41612
0.409381
0.46092
0.486875
0.300285
0.345653
0.42115
0.247755
0.215771
0.537728
0.346335
0.423434
0.354841
0.418644
0.29268
0.501675
0.388954
0.380226
0.416703
0.359921
0.324946
0.47801
0.438797
0.354545
0.356626
0.351829
0.389514
0.438913
0.344919
0.349851
0.308269
0.374355
0.361729
0.384601
0.341989
0.364553
0.387696
0.293365
0.457706
0.392733
0.412319
0.350962
0.310116
0.413457
0.434949
0.200722
0.367834
0.40052
0.47283
0.28147
0.408665
0.460214
0.466656
0.424526
0.228715
0.373745
0.448643
0.279954
0.480047
0.362629
0.245247
0.0747504
0.382251
0.437173
0.422097
0.443179
0.355195
0.349279
0.500388
0.514323
0.369002
0.3687
0.396029
0.443395
0.393384
0.480504
0.386469
0.353358
0.401177
0.329649
0.407488
0.447078
0.444908
0.451411
0.37035
0.353811
0.418374
0.484925
0.340453
0.126121
0.502328
0.360638
0.435401
0.458459
0.348274
0.357439
0.375304
0.428883
0.273975
0.147511
0.378982
0.509851
0.373127
0.398128
0.400921
0.297699
0.423639
0.490861
0.416603
0.455096
0.414037
0.388749
0.412727
0.518836
0.406409
0.421035
0.473144
0.238098
0.486403
0.429526
0.484221
0.403526
0.362724
0.390237
0.422391
0.373154
0.361836
0.349186
0.449074
0.255235
0.398322
0.280898
0.434401
0.402847
0.252522
0.30548
0.410354
0.329456
0.375854
0.343846
0.492663
0.349419
0.233827
0.194749
0.487996
0.483261
0.337817
0.387476
0.446652
0.473171
0.419761
0.437458
0.495297
0.493199
0.43254
0.503261
0.337248
0.347304
0.183757
0.435608
0.262078
0.422091
0.401711
0.388427
0.453986
0.449799
0.419337
0.23895
0.393501
0.41777
0.297463
0.303698
0.361049
0.415752
0.34678
0.408736
0.358287
0.453832
0.426584
0.209354
0.331186
0.434801
0.422406
0.398563
0.394019
0.493209
0.384911
0.390576
0.333483
0.169763
0.168088
0.39519
0.389491
0.28081
0.191254
0.432987
0.393054
0.355416
0.462083
0.493004
0.443994
0.341251
0.434177
0.4704
0.380452
0.384706
0.301102
0.12401
0.467225
0.301539
0.451822
0.347286
0.47463
0.179625
0.490644
0.458963
0.504746
0.245415
0.375018
0.384121
0.293264
0.384421
0.503849
0.379451
0.404881
0.407947
0.476933
0.328915
0.285777
0.413084
0.430293
0.36466
0.388481
0.278172
0.414013
0.295303
0.446484
0.474167
0.502869
0.343997
0.250055
0.39351
0.28625
0.494516
0.182858
0.343726
0.37867
0.512312
0.406978
0.336449
0.42306
0.333794
0.329543
0.393099
0.463553
0.47507
0.322533
0.311827
0.49458
0.300576
0.241272
0.415537
0.437987
0.329831
0.362582
0.397106
0.366836
0.346242
0.413328
0.442066
0.427244
0.394271
0.383446
0.323339
0.396942
0.429927
0.31845
0.50283
0.385651
0.434649
0.472653
0.401528
0.444658
0.463405
0.428915
0.448353
0.216285
0.36753
0.451537
0.393194
0.441134
0.369654
0.367734
0.434538
0.340266
0.440813
0.335095
0.401927
0.417406
0.486044
0.232059
0.137629
0.148903
0.293293
0.334226
0.13104
0.242782
0.217379
0.152254
0.422865
0.255259
0.273172
0.199909
0.382253
0.352946
0.12487
0.0811101
0.37577
0.13962
0.315866
0.274875
0.402047
0.405848
0.432218
0.333078
0.203643
0.385607
0.132803
0.321982
0.177019
0.260781
0.10759
0.424818
0.200888
0.432374
0.371785
0.364511
0.238609
0.309235
0.219141
0.178485
0.232309
0.229757
0.430868
0.442423
0.407287
0.171263
0.231303
0.269083
0.281839
0.251445
0.230035
0.130061
0.180389
0.32574
0.242005
0.0847904
0.410563
0.102658
0.407405
0.153724
0.427195
0.317615
0.152341
0.401279
0.379461
0.332781
0.330454
0.388169
0.162624
0.196393
0.173137
0.290888
0.333597
0.239718
0.325232
0.271253
0.427018
0.28561
0.294284
0.45944
0.29593
0.240637
0.215847
0.429283
0.35463
0.348689
0.114399
0.412676
0.157144
0.264712
0.313963
0.425984
0.288941
0.306048
0.223306
0.317695
0.14767
0.287358
0.162155
0.137679
0.197618
0.32387
0.219297
0.333233
0.194733
0.0969982
0.388725
0.18342
0.28285
0.343657
0.27342
0.316856
0.221726
0.294343
0.222096
0.261312
0.33296
0.139177
0.297493
0.165365
0.158149
0.372702
0.207676
0.323989
0.23544
0.142789
0.264435
0.262854
0.143933
0.318611
0.288745
0.364894
0.354248
0.121644
0.366041
0.229257
0.342583
0.310519
0.244796
0.330159
0.0959558
0.190674
0.211197
0.301447
0.277589
0.330138
0.0826
0.353183
0.313552
0.298516
0.237566
0.130103
0.115232
0.288462
0.220903
0.0951131
0.280848
0.124983
0.215538
0.362455
0.24402
0.311432
0.258273
0.345164
0.197817
0.221615
0.224213
0.357608
0.379706
0.22067
0.327479
0.0785722
0.149155
0.248833
0.191309
0.234533
0.3206
0.239093
0.252145
0.315097
0.219862
0.391163
0.327923
0.320953
0.179112
0.164297
0.35014
0.132189
0.0905779
0.263106
0.162174
0.129103
0.178735
0.330169
0.165269
0.120726
0.271849
0.324879
0.206865
0.313776
0.357443
0.440888
0.204632
0.217013
0.275438
0.268453
0.325602
0.075702
0.430487
0.312031
0.429285
0.386277
0.287654
0.324114
0.29591
0.293005
0.162497
0.178396
0.362532
0.205579
0.208995
0.11568
0.341914
0.435617
0.270827
0.375565
0.281095
0.336017
0.238651
0.292375
0.404309
0.0985938
0.170674
0.416708
0.168001
0.320387
0.32694
0.235223
0.344026
0.273677
0.107201
0.134565
0.364775
0.27594
0.246031
0.250175
0.314068
0.428501
0.213675
0.314099
0.171056
0.176367
0.269972
0.242593
0.320815
0.234618
0.335074
0.14725
0.305497
0.338977
0.291046
0.434413
0.226264
0.0955462
0.205583
0.284094
0.297099
0.287182
0.274899
0.2616
0.218573
0.207503
0.310744
0.278813
0.230044
0.238923
0.41717
0.285686
0.342109
0.209587
0.337671
0.418871
0.27623
0.409182
0.394121
0.221882
0.20164
0.129633
0.210495
0.243621
0.278242
0.334988
0.207532
0.12784
0.290873
0.211896
0.294809
0.119837
0.0957064
0.535873
0.483908
0.513352
0.433742
0.393228
0.460549
0.505181
0.496157
0.471588
0.475731
0.463309
0.135193
0.467524
0.34427
0.476789
0.429418
0.473346
0.368358
0.478007
0.428364
0.150057
0.427673
0.359284
0.525931
0.440792
0.447816
0.372446
0.497444
0.382778
0.506785
0.523868
0.523075
0.485032
0.303885
0.42218
0.479007
0.532962
0.483726
0.479354
0.510246
0.408007
0.408007
0.491246
0.410759
0.191544
0.486559
0.423589
0.443516
0.459564
0.350917
0.450029
0.481173
0.481736
0.37406
0.463317
0.354714
0.467194
0.488536
0.380228
0.459564
0.0869555
0.410411
0.330541
0.309947
0.374231
0.158648
0.379109
0.367673
0.369691
0.453068
0.48654
0.463986
0.382507
0.46829
0.449579
0.480596
0.449579
0.421989
0.36459
0.476989
0.434616
0.396765
0.458733
0.445281
0.377661
0.493646
0.377702
0.47435
0.257139
0.362263
0.437383
0.326185
0.426818
0.446015
0.393716
0.457149
0.475326
0.40983
0.133472
0.381413
0.528878
0.364153
0.472094
0.405192
0.469272
0.443812
0.481327
0.566978
0.417711
0.282315
0.418245
0.473911
0.388384
0.473445
0.434616
0.489429
0.365593
0.515806
0.382625
0.495035
0.435861
0.19424
0.385211
0.463954
0.262054
0.171393
0.218023
0.452868
0.374788
0.442627
0.441367
0.524201
0.457717
0.386327
0.522948
0.448864
0.424235
0.494747
0.469148
0.463954
0.427673
0.464363
0.463317
0.482843
0.460554
0.449933
0.380845
0.493646
0.487627
0.52868
0.473346
0.488038
0.497237
0.285792
0.141576
0.442874
0.441624
0.372637
0.47814
0.346429
0.545191
0.381985
0.487975
0.469272
0.506741
0.474091
0.491246
0.420091
0.496965
0.141576
0.513882
0.411369
0.482971
0.485019
0.322525
0.389718
0.432268
0.45052
0.583035
0.257139
0.565526
0.472094
0.519068
0.231727
0.457418
0.471613
0.48302
0.452477
0.468679
0.454715
0.458958
0.479611
0.476773
0.492186
0.481636
0.457106
0.438079
0.375174
0.3712
0.515964
0.436683
0.522443
0.207419
0.386037
0.148626
0.374704
0.405157
0.465491
0.409633
0.381019
0.467949
0.385167
0.525855
0.403173
0.458607
0.480797
0.530101
0.464222
0.448442
0.28409
0.468151
0.467593
0.487975
0.395127
0.514917
0.46924
0.426818
0.481696
0.44892
0.377702
0.58131
0.45479
0.464893
0.387558
0.16075
0.252516
0.200338
0.384818
0.364799
0.44892
0.334673
0.47435
0.493346
0.490794
0.406047
0.466845
0.520946
0.402347
0.271811
0.178767
0.495729
0.450619
0.370767
0.478303
0.46829
0.437837
0.378629
0.478303
0.444251
0.457104
0.455065
0.526546
0.38308
0.510107
0.476748
0.39051
0.497286
0.50755
0.367673
0.434972
0.454433
0.432664
0.395905
0.464992
0.475731
0.404603
0.549474
0.397265
0.476989
0.49895
0.449933
0.340008
0.493346
0.474845
0.54256
0.376262
0.505987
0.455065
0.404955
0.519027
0.394831
0.133472
0.508063
0.440191
0.414108
0.457104
0.555912
0.378756
0.362669
0.148626
0.346337
0.384381
0.0979937
0.114696
0.132974
0.119252
0.0517994
0.102094
0.145324
0.127299
0.0767525
0.118165
0.204432
0.148367
0.0597993
0.10061
0.112445
0.0856805
0.20526
0.0841421
0.164314
0.0941744
0.146089
0.0586723
0.162353
0.15016
0.0975607
0.0941415
0.10064
0.135994
0.117042
0.169853
0.0479983
0.0956848
0.131733
0.0522734
0.0569249
0.0823791
0.208322
0.0689399
0.15773
0.0251338
0.029726
0.0842303
0.078612
0.101445
0.0857795
0.0539925
0.119444
0.158166
0.102537
0.106188
0.0955822
0.160378
0.086156
0.154138
0.0359151
0.0476005
0.0735566
0.123659
0.109864
0.0975695
0.0547893
0.12143
0.0743948
0.0739698
0.0616932
0.122849
0.178828
0.108824
0.213366
0.120529
0.124532
0.143734
0.132082
0.192716
0.0984075
0.262315
0.159737
0.119013
0.10825
0.138027
0.0705799
0.207994
0.11738
0.0898806
0.1943
0.168501
0.0734344
0.171904
0.118683
0.143788
0.105847
0.059552
0.104226
0.119022
0.119605
0.0623178
0.133815
0.101334
0.0770568
0.0937719
0.0971273
0.0986121
0.157428
0.122343
0.0501288
0.12231
0.126311
0.0624636
0.16034
0.0818427
0.1287
0.107758
0.100027
0.116303
0.0399293
0.048556
0.11992
0.0932783
0.175185
0.158448
0.0800448
0.154187
0.0665527
0.0345045
0.0690277
0.0303696
0.332463
0.105461
0.17185
0.0829862
0.0511052
0.146962
0.174216
0.107987
0.113887
0.132162
0.1106
0.151905
0.135342
0.179788
0.062135
0.0900484
0.171345
0.0767518
0.0935075
0.0665377
0.147779
0.0737888
0.0741282
0.0461626
0.0741276
0.0692615
0.115954
0.223738
0.076003
0.108276
0.142383
0.078678
0.127168
0.142753
0.132485
0.180876
0.153232
0.0494983
0.0796239
0.121913
0.146404
0.168313
0.0546816
0.174007
0.0374744
0.103643
0.258134
0.142295
0.161997
0.120089
0.05609
0.058228
0.116377
0.0826644
0.036506
0.131532
0.0742894
0.0465359
0.132404
0.110464
0.074207
0.0808452
0.110574
0.0996336
0.163549
0.0924041
0.182373
0.155801
0.0736329
0.0662711
0.0767376
0.151732
0.0449662
0.0959699
0.0952774
0.0674853
0.160357
0.0395413
0.123629
0.0815281
0.0202413
0.0743288
0.0606801
0.158601
0.0332259
0.181325
0.101356
0.159215
0.24476
0.0786547
0.0368871
0.166819
0.112835
0.0921035
0.0624065
0.122428
0.042683
0.0798171
0.11946
0.10108
0.145713
0.153004
0.0323489
0.172114
0.164374
0.165811
0.123457
0.10599
0.0955721
0.176985
0.139437
0.177241
0.11914
0.121411
0.054249
0.0713369
0.0585781
0.242478
0.129435
0.076149
0.10822
0.130518
0.137531
0.112707
0.106835
0.0589387
0.166179
0.0638065
0.0962098
0.170638
0.210291
0.182463
0.0937757
0.174791
0.18207
0.0536783
0.249105
0.171498
0.146713
0.0256169
0.17939
0.0848516
0.142113
0.0927521
0.0700478
0.121233
0.077977
0.152267
0.11123
0.104534
0.0644764
0.0802215
0.0987857
0.0570036
0.224124
0.0299668
0.075466
0.0818032
0.134196
0.0832297
0.0658415
0.142991
0.113301
0.101157
0.114412
0.0767202
0.12238
0.144119
0.155965
0.0983099
0.149437
0.0761037
0.151794
0.126932
0.0460396
0.114215
0.101107
0.0960177
0.0336517
0.0860947
0.0792116
0.0846988
0.113383
0.138121
0.0954557
0.0658869
0.120776
0.0306957
0.214963
0.147298
0.193407
0.104469
0.132443
0.0848984
0.0580068
0.0707621
0.133651
0.0952103
0.0801922
0.108875
0.0942827
0.0876969
0.121713
0.0898487
0.035614
0.0550021
0.0436123
0.0505674
0.0457262
0.143821
0.106981
0.181168
0.115642
0.0570495
0.137901
0.0786957
0.176595
0.134651
0.168292
0.0339831
0.128392
0.160515
0.142881
0.11499
0.0955962
0.104944
0.14182
0.147345
0.0834581
0.249435
0.0470462
0.192873
0.115035
0.0500856
0.0506788
0.120527
0.164021
0.0399831
0.101549
0.0689934
0.20936
0.0290966
0.0707047
0.107122
0.13911
0.161906
0.0503633
0.135739
0.0865265
0.10888
0.0935251
0.0384464
0.0467248
0.186282
0.108509
0.0705155
0.0809447
0.209658
0.145476
0.108323
0.134233
0.123285
0.109925
0.0974695
0.192959
0.114355
0.19306
0.0810946
0.0798398
0.169348
0.0694793
0.0798824
0.0285015
0.0812212
0.0788204
0.0910322
0.0530802
0.16597
0.0979988
0.0900076
0.140944
0.115251
0.1128
0.087467
0.0942898
0.0689678
0.107589
0.149481
0.0163356
0.122416
0.0996647
0.164922
0.0962263
0.128258
0.0656564
0.0541727
0.123855
0.085983
0.0331899
0.154189
0.105144
0.254758
0.0993217
0.0789265
0.141374
0.203847
0.0408325
0.133825
0.089933
0.131282
0.0479742
0.150021
0.0375302
0.116355
0.109092
0.109312
0.103587
0.0652842
0.0396176
0.109977
0.0911877
0.0350228
0.109242
0.143895
0.103592
0.101168
0.0779115
0.179985
0.127868
0.121284
0.219777
0.0246624
0.133812
0.0483325
0.120859
0.11128
0.0354847
0.136212
0.0848329
0.0635603
0.189712
0.169022
0.145965
0.116278
0.0782336
0.106713
0.0949762
0.0675921
0.214826
0.118141
0.0775297
0.144494
0.159757
0.162108
0.10528
0.0764393
0.0473368
0.138556
0.119705
0.0471806
0.160488
0.0669678
0.153464
0.138511
0.126021
0.190523
0.202415
0.08535
0.163217
0.121717
0.11934
0.0494109
0.15112
0.142051
0.0926862
0.148155
0.0765758
0.105113
0.103176
0.133105
0.0579445
0.188847
0.104701
0.250036
0.145105
0.167602
0.124213
0.106053
0.0704786
0.0582142
0.119211
0.0865597
0.0578603
0.0987872
0.107317
0.129387
0.129852
0.119556
0.235327
0.105815
0.0699731
0.146621
0.155172
0.234516
0.105375
0.124105
0.0889267
0.0728654
0.205584
0.0769627
0.182819
0.0888371
0.130788
0.108578
0.0848478
0.0731992
0.080935
0.106277
0.10951
0.0385779
0.111085
0.0600735
0.166159
0.138492
0.0844233
0.135283
0.0499084
0.125802
0.150258
0.170602
0.0705387
0.0719771
0.100913
0.0920392
0.0556135
0.0995445
0.0796684
0.0495829
0.121814
0.16449
0.137726
0.146695
0.121354
0.0874491
0.141545
0.139447
0.0352169
0.13539
0.224038
0.117169
0.0520592
0.134708
0.0743089
0.13628
0.0873016
0.16286
0.0965912
0.101663
0.103675
0.103243
0.0935352
0.106682
0.132976
0.133608
0.122452
0.101833
0.0894393
0.105094
0.201973
0.0697678
0.163423
0.132369
0.0463584
0.124749
0.0782434
0.0764084
0.0870516
0.153179
0.0767437
0.146219
0.0877069
0.167675
0.198721
0.109676
0.122941
0.0759697
0.0479584
0.0753069
0.0657022
0.0959264
0.196272
0.127544
0.0981929
0.141263
0.144032
0.221084
0.027676
0.175628
0.0943332
0.0872359
0.124016
0.102863
0.0667178
0.176208
0.131874
0.0199511
0.0956182
0.0815739
0.0577213
0.191842
0.072606
0.0378368
0.111785
0.0802911
0.0200933
0.0492015
0.099873
0.0692991
0.0504519
0.0927987
0.154224
0.0675368
0.224345
0.12337
0.11644
0.0838685
0.131424
0.0912779
0.0378636
0.0862423
0.132367
0.0615944
0.0360747
0.155217
0.139314
0.185582
0.0824907
0.0553493
0.148045
0.0677734
0.0509822
0.137245
0.0889108
0.0302441
0.0929312
0.067588
0.278885
0.0790586
0.224639
0.0795918
0.112441
0.0441556
0.0728998
0.0441656
0.0995273
0.0795089
0.117118
0.199363
0.155239
0.493348
0.0976059
0.372825
0.134527
0.297071
0.153875
0.117441
0.405723
0.132638
0.222051
0.367614
0.0662845
0.1789
0.085653
0.280581
0.275641
0.143298
0.132271
0.0823018
0.144335
0.0643613
0.393879
0.0487952
0.106966
0.132732
0.0371179
0.137455
0.0597449
0.271357
0.421529
0.0593277
0.24976
0.362654
0.291018
0.119262
0.24114
0.251964
0.285192
0.19131
0.222459
0.0480322
0.0663741
0.167036
0.130246
0.205305
0.426224
0.283664
0.173523
0.302787
0.231561
0.114121
0.186903
0.126188
0.285802
0.136851
0.153401
0.175903
0.223475
0.206617
0.143264
0.18865
0.135265
0.165214
0.129812
0.0625369
0.173059
0.389732
0.276839
0.278321
0.0981972
0.147186
0.136816
0.136368
0.259453
0.174245
0.277109
0.0875007
0.239704
0.218579
0.116945
0.121164
0.146494
0.0781727
0.367967
0.146281
0.0558379
0.15748
0.115814
0.369522
0.354498
0.118235
0.098016
0.214799
0.0473935
0.188893
0.380588
0.145097
0.197686
0.225582
0.0545137
0.0432209
0.248911
0.17402
0.174786
0.0393979
0.239825
0.110554
0.178132
0.358447
0.153016
0.108586
0.0829168
0.27324
0.300291
0.133329
0.18431
0.22233
0.162404
0.315442
0.18278
0.054894
0.0343027
0.287393
0.346592
0.143783
0.158798
0.110991
0.108449
0.409511
0.180532
0.0567225
0.076244
0.141743
0.170919
0.210172
0.0618766
0.10647
0.386727
0.204408
0.375613
0.0696178
0.451347
0.249204
0.34623
0.154543
0.207549
0.338273
0.259985
0.151139
0.162268
0.374518
0.153353
0.349426
0.231337
0.182744
0.290606
0.0560735
0.408454
0.329744
0.100579
0.103858
0.107516
0.142513
0.0333661
0.0672915
0.154106
0.445978
0.170109
0.114167
0.0774522
0.192577
0.0979658
0.144963
0.395567
0.0870607
0.141855
0.295369
0.0253276
0.079079
0.105689
0.235565
0.0570501
0.232214
0.298318
0.256727
0.304941
0.207398
0.290843
0.232942
0.150915
0.328833
0.0657213
0.0728839
0.0715255
0.198652
0.256579
0.176676
0.348887
0.0718203
0.175148
0.204604
0.256087
0.0635965
0.231515
0.161756
0.0303714
0.310474
0.160328
0.156369
0.0649982
0.414337
0.094875
0.110914
0.309874
0.156725
0.118163
0.102174
0.0765141
0.181291
0.129745
0.0887777
0.361136
0.167391
0.406467
0.201838
0.207643
0.172815
0.126832
0.189222
0.0923093
0.109701
0.0772401
0.171312
0.339028
0.0496243
0.420779
0.0617769
0.10171
0.305948
0.324556
0.139456
0.198016
0.244425
0.142956
0.291766
0.2376
0.340882
0.151302
0.297994
0.200685
0.438141
0.40745
0.0956995
0.0995867
0.214831
0.413463
0.269221
0.363797
0.204545
0.0422795
0.227209
0.0745476
0.148124
0.407557
0.123962
0.230291
0.228901
0.0482775
0.314405
0.256476
0.121697
0.149763
0.265989
0.332228
0.10114
0.152271
0.349361
0.131946
0.219215
0.317877
0.134892
0.407813
0.150665
0.336
0.178446
0.190351
0.0699114
0.231356
0.305095
0.100231
0.223703
0.0259703
0.102924
0.0251964
0.0503279
0.0525191
0.109337
0.1008
0.121042
0.383946
0.0693821
0.0869978
0.160647
0.104143
0.0382949
0.0438005
0.295035
0.0625462
0.207456
0.113501
0.156909
0.0850359
0.14483
0.137295
0.414319
0.0465329
0.300619
0.209899
0.322104
0.0724105
0.0363315
0.192718
0.0793162
0.0942236
0.159193
0.150078
0.274359
0.0403508
0.167182
0.153012
0.187152
0.211441
0.17026
0.151473
0.202306
0.338899
0.437821
0.107456
0.105001
0.178392
0.370652
0.35832
0.116966
0.243802
0.0508295
0.0375835
0.133762
0.265677
0.385872
0.398661
0.10004
0.147967
0.0476194
0.0972225
0.297254
0.227522
0.45499
0.0797958
0.227682
0.177011
0.142444
0.067232
0.188674
0.0433656
0.416836
0.396916
0.220932
0.341518
0.079467
0.25213
0.223684
0.168101
0.249604
0.407642
0.4011
0.0909684
0.174425
0.246822
0.356501
0.162393
0.0665581
0.043955
0.110604
0.375842
0.0902656
0.324255
0.183967
0.063599
0.11673
0.164118
0.255014
0.0928194
0.159177
0.177781
0.17496
0.197139
0.0570334
0.128689
0.136076
0.0331844
0.222184
0.22074
0.148327
0.0802982
0.182903
0.110418
0.238137
0.0530824
0.179562
0.0993765
0.0600958
0.0469785
0.222786
0.051786
0.0784162
0.33536
0.166899
0.194292
0.323239
0.0727452
0.16875
0.141428
0.294309
0.129354
0.277527
0.406385
0.0657465
0.0390809
0.237242
0.131303
0.135044
0.199776
0.412732
0.025128
0.203551
0.379116
0.1876
0.222646
0.26268
0.0684917
0.114391
0.456191
0.345147
0.104854
0.135085
0.414413
0.126533
0.321115
0.152716
0.0383544
0.351789
0.0565773
0.0736342
0.0590246
0.283597
0.112521
0.178077
0.249532
0.106443
0.056515
0.0612986
0.278221
0.210048
0.0818299
0.19282
0.227547
0.202491
0.295391
0.208533
0.0293229
0.173021
0.138737
0.110878
0.1445
0.274622
0.0477375
0.126892
0.0632947
0.116927
0.155531
0.237065
0.140464
0.388364
0.322145
0.200921
0.0430033
0.125943
0.273415
0.30454
0.0915478
0.198153
0.322178
0.219627
0.170056
0.070687
0.0870241
0.177803
0.15885
0.099788
0.325983
0.0643213
0.256386
0.260401
0.0773682
0.125132
0.24336
0.154478
0.0911387
0.141812
0.351377
0.0690189
0.196074
0.119165
0.233886
0.186931
0.143134
0.267815
0.177101
0.267517
0.15455
0.0949704
0.380205
0.179157
0.0841257
0.127364
0.162505
0.0891889
0.358036
0.1803
0.29395
0.119077
0.253981
0.126127
0.0664319
0.195498
0.218399
0.202517
0.134709
0.0946684
0.340408
0.164842
0.133025
0.0531101
0.165761
0.115128
0.214383
0.316918
0.0689466
0.0412111
0.352245
0.323196
0.163869
0.189519
0.0401251
0.108409
0.104982
0.179827
0.285562
0.354662
0.198557
0.108044
0.220524
0.0712294
0.182832
0.214951
0.184784
0.392942
0.0350863
0.322889
0.083435
0.0949811
0.145623
0.0883517
0.37796
0.437305
0.128441
0.325249
0.0481867
0.401451
0.0878587
0.231394
0.124539
0.397462
0.337219
0.16782
0.105416
0.122996
0.159037
0.191739
0.312381
0.127924
0.252314
0.13274
0.147479
0.263815
0.108895
0.140203
0.375796
0.38805
0.337674
0.272572
0.368369
0.386332
0.125659
0.164273
0.185157
0.0578057
0.0429557
0.236765
0.031575
0.272594
0.437181
0.169531
0.192363
0.387449
0.347107
0.076358
0.214952
0.276075
0.0837507
0.37358
0.291604
0.19563
0.191522
0.180212
0.133335
0.118769
0.148071
0.181507
0.314337
0.262237
0.183603
0.0948099
0.162552
0.130006
0.118798
0.146882
0.0730333
0.0998534
0.260299
0.292796
0.106611
0.392516
0.170686
0.122153
0.0666563
0.131195
0.375529
0.0633541
0.18888
0.239699
0.116498
0.353112
0.287124
0.516853
0.160589
0.346243
0.157808
0.109878
0.252594
0.143459
0.149742
0.0893168
0.0982171
0.346521
0.05647
0.0633303
0.242516
0.172124
0.189125
0.13766
0.0919845
0.0731776
0.0271826
0.215282
0.166565
0.14766
0.0738629
0.184661
0.307132
0.232926
0.0972059
0.317302
0.120758
0.185304
0.0594403
0.155906
0.146239
0.0761571
0.084194
0.176053
0.217338
0.227028
0.0844756
0.237033
0.276411
0.0918687
0.0820041
0.132644
0.243305
0.34095
0.170892
0.0522663
0.119373
0.191297
0.132651
0.0828799
0.245809
0.0866699
0.271612
0.0907874
0.0899605
0.172778
0.204805
0.0718427
0.233266
0.100984
0.19435
0.266177
0.233668
0.14724
0.116118
0.241059
0.215215
0.174999
0.244709
0.0699815
0.0975156
0.319284
0.229768
0.211327
0.115281
0.121394
0.174591
0.0914985
0.158965
0.11762
0.186298
0.131644
0.16407
0.146401
0.250486
0.132117
0.216663
0.108029
0.237449
0.0306604
0.15798
0.315517
0.258117
0.241514
0.126063
0.236582
0.116149
0.118732
0.0696706
0.114729
0.235871
0.222601
0.213149
0.122674
0.200017
0.112169
0.140845
0.116937
0.121332
0.0740123
0.353947
0.36553
0.161976
0.089769
0.179957
0.0936967
0.227815
0.180676
0.194663
0.0936465
0.121308
0.154615
0.162251
0.370126
0.128912
0.0903629
0.0627052
0.318127
0.139169
0.175331
0.147605
0.0575659
0.0534449
0.235936
0.0473038
0.13853
0.227534
0.169603
0.184812
0.146643
0.0777138
0.207852
0.147208
0.191545
0.206832
0.185322
0.271148
0.159098
0.182878
0.217393
0.318056
0.111596
0.121062
0.074922
0.0850624
0.10063
0.0726779
0.116522
0.0971459
0.0683203
0.196308
0.0378654
0.218191
0.179454
0.0586203
0.141197
0.0822831
0.220338
0.0797921
0.23305
0.156111
0.160045
0.337678
0.181039
0.213575
0.177217
0.124293
0.153636
0.141718
0.135272
0.0756567
0.0979637
0.333438
0.112486
0.153701
0.121666
0.319895
0.300172
0.141249
0.0999455
0.222484
0.083339
0.121678
0.0740155
0.0434845
0.260154
0.171865
0.207747
0.223103
0.193192
0.108669
0.0896627
0.112189
0.135973
0.22339
0.29925
0.293636
0.0904637
0.0706379
0.0824865
0.130064
0.122833
0.0934371
0.0739336
0.229196
0.0447671
0.199084
0.307873
0.0937615
0.243272
0.0725489
0.11057
0.241487
0.181478
0.0227991
0.0727066
0.307894
0.200179
0.0825182
0.116763
0.28941
0.220314
0.0810915
0.164344
0.13708
0.188869
0.149183
0.318346
0.193811
0.273014
0.132832
0.100887
0.0716686
0.182381
0.116482
0.145179
0.108267
0.158484
0.0757848
0.0788569
0.0756605
0.268523
0.302936
0.102179
0.112293
0.091185
0.223954
0.184311
0.311365
0.0523398
0.0689576
0.0849119
0.205766
0.201636
0.199566
0.175139
0.0717188
0.213329
0.149326
0.198251
0.0371448
0.141696
0.256307
0.0753079
0.0799561
0.323763
0.0643691
0.192745
0.0913157
0.0954762
0.0739063
0.158666
0.0755578
0.140453
0.10844
0.204598
0.213502
0.217216
0.180216
0.0661316
0.178252
0.0512948
0.142809
0.362602
0.202063
0.190389
0.0882434
0.314308
0.0617404
0.126025
0.109644
0.1353
0.221002
0.214824
0.0734703
0.118842
0.186215
0.0707142
0.0515111
0.132824
0.126224
0.0873675
0.110801
0.120012
0.343175
0.0843661
0.0491943
0.250823
0.127419
0.243652
0.264065
0.35294
0.0481138
0.388771
0.261473
0.0363004
0.104568
0.0758381
0.16832
0.197471
0.305244
0.093803
0.0902988
0.138167
0.331788
0.126755
0.173128
0.0257168
0.104766
0.0995503
0.0720563
0.106479
0.0688652
0.170052
0.178892
0.28677
0.207967
0.168448
0.0480014
0.133886
0.0819205
0.225479
0.146243
0.130963
0.353096
0.193145
0.213129
0.34279
0.103424
0.215026
0.0883989
0.151843
0.203403
0.043286
0.0732688
0.13251
0.179967
0.223756
0.0994702
0.173342
0.0533877
0.184361
0.181744
0.161012
0.123128
0.224067
0.113364
0.0870339
0.231438
0.188537
0.0611705
0.238091
0.193729
0.121589
0.274518
0.28587
0.168839
0.196509
0.198446
0.292977
0.338091
0.228642
0.0604062
0.193222
0.0478343
0.108695
0.141605
0.101127
0.166102
0.162739
0.0648853
0.0631114
0.209171
0.213529
0.29413
0.0578079
0.136717
0.130564
0.0633445
0.220037
0.151981
0.237775
0.0759033
0.0854459
0.19012
0.130359
0.0624813
0.176578
0.219549
0.268594
0.146038
0.0578539
0.0972154
0.0644341
0.1193
0.366173
0.238079
0.0614059
0.210621
0.107708
0.0794953
0.28212
0.199249
0.265034
0.366112
0.116539
0.0728924
0.0824068
0.0646698
0.0780143
0.155321
0.0787385
0.157462
0.130942
0.121073
0.250305
0.224347
0.11089
0.25438
0.132684
0.0432551
0.128629
0.325237
0.287944
0.107599
0.105468
0.174212
0.2212
0.131152
0.0888324
0.0983856
0.193966
0.344615
0.206617
0.184489
0.128547
0.266597
0.137484
0.0632245
0.194059
0.112887
0.184363
0.0651701
0.140108
0.19891
0.233811
0.129893
0.127877
0.0628786
0.166566
0.0677193
0.140142
0.157953
0.225337
0.0850868
0.118309
0.0583117
0.138599
0.141061
0.178925
0.174339
0.375645
0.17489
0.193046
0.241519
0.14434
0.134567
0.0821622
0.302041
0.0799513
0.153043
0.194842
0.159273
0.26181
0.0805236
0.241065
0.180996
0.10451
0.0890599
0.146828
0.0683566
0.264897
0.0844349
0.224061
0.0939567
0.0712188
0.0979838
0.203184
0.0996569
0.137921
0.153911
0.229702
0.191475
0.267658
0.308483
0.123517
0.184004
0.248872
0.239192
0.0886988
0.202632
0.290058
0.141343
0.164077
0.132414
0.185058
0.106922
0.202578
0.146454
0.0981509
0.20941
0.156377
0.18356
0.119896
0.0835343
0.365802
0.125706
0.138428
0.0614806
0.35034
0.180281
0.275407
0.290501
0.0525852
0.0949139
0.168753
0.274187
0.09847
0.102464
0.23252
0.174766
0.0592033
0.16207
0.059512
0.0937283
0.187432
0.345062
0.110194
0.271853
0.074368
0.118323
0.0999268
0.264131
0.0684191
0.122901
0.114355
0.0930459
0.216238
0.132752
0.0458691
0.064736
0.0959275
0.178085
0.251062
0.181481
0.186379
0.130716
0.0710797
0.0875753
0.0540772
0.114848
0.214751
0.159152
0.134559
0.137016
0.161897
0.209922
0.0860949
0.18555
0.20558
0.237856
0.0734341
0.122114
0.204
0.123312
0.166037
0.218073
0.161393
0.207513
0.139878
0.302109
0.120861
0.115233
0.0924233
0.302598
0.240395
0.149332
0.19222
0.224476
0.10674
0.244894
0.0809448
0.182492
0.162954
0.138865
0.0843861
0.109139
0.145988
0.160967
0.268281
0.190255
0.0525609
0.137681
0.211927
0.0824386
0.191074
0.144763
0.156639
0.295725
0.117993
0.169954
0.107117
0.103145
0.293236
0.247403
0.03694
0.0636726
0.214887
0.0415168
0.14502
0.128608
0.108903
0.298769
0.208471
0.215986
0.316141
0.142355
0.270028
0.207167
0.0688976
0.103631
0.0932138
0.136676
0.384423
0.0403571
0.0868288
0.0792186
0.318969
0.125692
0.155739
0.166311
0.0433452
0.272776
0.412694
0.137794
0.166896
0.129464
0.0699476
0.035599
0.290188
0.226402
0.0668815
0.0791684
0.0723345
0.124808
0.267836
0.192779
0.165409
0.107706
0.242123
0.215278
0.0970128
0.0689181
0.13445
0.161576
0.109991
0.116635
0.089903
0.175686
0.0690722
0.104229
0.103638
0.152736
0.0899907
0.0990065
0.112649
0.112719
0.183619
0.149414
0.13024
0.10648
0.107069
0.165172
0.177654
0.215346
0.202585
0.18609
0.0891644
0.145061
0.123841
0.212623
0.0648886
0.222421
0.192765
0.139405
0.197065
0.0630982
0.0999197
0.0739445
0.0761839
0.0869804
0.0663222
0.162503
0.093228
0.0906758
0.132525
0.106691
0.133577
0.167537
0.2077
0.0827931
0.0477795
0.0450584
0.0334513
0.188153
0.0765453
0.158414
0.186768
0.137835
0.127217
0.168432
0.33793
0.3204
0.0453988
0.109811
0.144214
0.102407
0.0815327
0.0392395
0.242362
0.258063
0.118687
0.158073
0.144238
0.143715
0.0925767
0.181092
0.0646068
0.131844
0.0315047
0.198983
0.11121
0.192216
0.0872266
0.113407
0.0803217
0.220254
0.0986689
0.250297
0.0923772
0.327689
0.0992561
0.214747
0.0931797
0.102734
0.0532858
0.0788685
0.0484984
0.105879
0.207308
0.098525
0.164091
0.114012
0.165034
0.18514
0.0765364
0.0884339
0.11589
0.0624572
0.0808802
0.14791
0.117866
0.217383
0.148285
0.0627908
0.141244
0.215029
0.15027
0.0706325
0.171779
0.0409002
0.203311
0.130715
0.0890469
0.0338452
0.196516
0.185348
0.174641
0.115974
0.0801619
0.0457301
0.153749
0.194026
0.150316
0.105286
0.0481489
0.12696
0.104264
0.158377
0.116533
0.112267
0.213084
0.150102
0.10111
0.0756551
0.0966749
0.137711
0.0533076
0.168729
0.131963
0.136492
0.192407
0.0634116
0.170396
0.165327
0.149538
0.100564
0.0718509
0.166174
0.0806089
0.117285
0.0314672
0.165387
0.211461
0.100224
0.109608
0.258368
0.137109
0.169194
0.150558
0.0834298
0.158426
0.0823321
0.132068
0.0716393
0.150853
0.165804
0.101883
0.0581887
0.0715532
0.15957
0.246221
0.190489
0.0609827
0.0972022
0.0842072
0.101564
0.165965
0.253908
0.152315
0.279365
0.152191
0.164624
0.139227
0.134389
0.215228
0.126035
0.20624
0.164006
0.253242
0.042735
0.253794
0.207129
0.179667
0.129759
0.138442
0.217571
0.174174
0.155629
0.115012
0.0676288
0.165988
0.258409
0.117536
0.0761059
0.0818319
0.104281
0.228676
0.0670841
0.289847
0.0692999
0.0522485
0.110753
0.173536
0.127406
0.0963408
0.173245
0.292673
0.211455
0.159608
0.129326
0.0857937
0.0604722
0.101965
0.0697008
0.263918
0.139456
0.192667
0.223402
0.0491675
0.122726
0.191237
0.126157
0.233359
0.176284
0.0810383
0.0664061
0.235794
0.0944531
0.0566124
0.280503
0.146208
0.107846
0.213286
0.0850908
0.205272
0.164829
0.105482
0.198787
0.0717285
0.120616
0.234053
0.0544358
0.211053
0.171103
0.124554
0.0512943
0.209676
0.130845
0.0754666
0.155335
0.193136
0.0904903
0.119571
0.10664
0.100748
0.121043
0.244473
0.260921
0.0965682
0.101656
0.267106
0.128791
0.18107
0.212838
0.233923
0.0299029
0.264226
0.0938934
0.0443255
0.0812948
0.128708
0.169754
0.150497
0.232317
0.256235
0.231029
0.15466
0.180175
0.165491
0.274521
0.230011
0.272615
0.0609328
0.126991
0.0331977
0.190273
0.0447569
0.139636
0.115917
0.101187
0.0688833
0.187391
0.0876907
0.0647311
0.182438
0.211993
0.0670926
0.268924
0.0510692
0.158795
0.145662
0.0871969
0.0698302
0.0953215
0.164385
0.229406
0.260149
0.117916
0.113227
0.15326
0.105196
0.207842
0.274399
0.282634
0.103444
0.0939288
0.237492
0.263291
0.274728
0.0536374
0.106978
0.147994
0.0961162
0.204426
0.270718
0.150676
0.0834205
0.11484
0.316838
0.137018
0.1948
0.127787
0.0567816
0.165391
0.133267
0.256342
0.111967
0.216559
0.126079
0.16201
0.166908
0.0969129
0.253854
0.113547
0.193512
0.0942911
0.113056
0.204327
0.220132
0.141903
0.164837
0.0887456
0.166666
0.0517889
0.116753
0.0454334
0.129416
0.158442
0.0842489
0.106372
0.0499943
0.0567177
0.142189
0.0478077
0.291443
0.120041
0.0476394
0.135903
0.0504965
0.0459286
0.111505
0.161919
0.0571532
0.0611663
0.0909345
0.0918921
0.143763
0.131438
0.307879
0.212294
0.211984
0.131702
0.106262
0.0431415
0.208748
0.0383838
0.139649
0.160243
0.0357359
0.105389
0.0568954
0.0595945
0.236944
0.155228
0.104073
0.264759
0.138845
0.208574
0.144071
0.144577
0.138702
0.106817
0.233296
0.133003
0.0927447
0.165494
0.193542
0.0847819
0.180317
0.0807905
0.117856
0.0520001
0.124881
0.147948
0.0616375
0.0864529
0.153792
0.131939
0.153755
0.0721047
0.104928
0.123769
0.0544605
0.0705774
0.125237
0.0903033
0.133375
0.189801
0.134723
0.0721065
0.159111
0.074271
0.254462
0.21715
0.110303
0.0712894
0.117712
0.065963
0.0803094
0.0674567
0.114161
0.0851949
0.241196
0.119336
0.122482
0.214692
0.0566884
0.11601
0.0589874
0.122691
0.121082
0.109269
0.0475745
0.0624371
0.100396
0.275982
0.080678
0.111076
0.0887886
0.19551
0.0745963
0.11671
0.0736598
0.115625
0.146785
0.118438
0.210336
0.116381
0.0443697
0.105842
0.12038
0.267394
0.154529
0.196817
0.0951479
0.156639
0.185862
0.190444
0.104991
0.0548842
0.174335
0.290557
0.246295
0.130713
0.0555479
0.183562
0.0912634
0.203582
0.0509782
0.217548
0.145495
0.089532
0.110467
0.0656742
0.202239
0.0587061
0.153877
0.178992
0.0464336
0.281216
0.112446
0.134506
0.20544
0.244175
0.183917
0.103162
0.203107
0.205428
0.0905745
0.119088
0.195192
0.198287
0.0415264
0.261742
0.173263
0.134067
0.0520198
0.0888838
0.0737697
0.208924
0.244564
0.0519778
0.095054
0.147504
0.159089
0.200522
0.143908
0.152489
0.105229
0.0488101
0.252899
0.126791
0.103874
0.142843
0.157576
0.126244
0.198881
0.113673
0.265669
0.0784068
0.0682676
0.254596
0.0690056
0.208768
0.0903436
0.166759
0.0395211
0.0361842
0.162191
0.126274
0.183262
0.145093
0.155706
0.256791
0.160238
0.0584804
0.142827
0.190993
0.0953066
0.214197
0.0625394
0.0623986
0.123105
0.0673339
0.155726
0.176782
0.27176
0.165816
0.167855
0.095926
0.149059
0.220529
0.217425
0.179712
0.159971
0.144439
0.101584
0.245365
0.110467
0.118684
0.174602
0.248213
0.0520802
0.0838464
0.19904
0.0995409
0.0483446
0.214093
0.133217
0.146477
0.0591355
0.169102
0.0511592
0.169744
0.0467399
0.0709401
0.141214
0.0947662
0.154193
0.102092
0.156117
0.194097
0.0612007
0.0208164
0.0951099
0.100977
0.140994
0.232251
0.117689
0.0653795
0.197324
0.207095
0.229553
0.185904
0.223708
0.154666
0.117586
0.154703
0.202429
0.122659
0.0786921
0.0408054
0.0714935
0.14832
0.0675898
0.0847805
0.151932
0.0666543
0.167265
0.172528
0.0793526
0.0742045
0.213136
0.13805
0.197021
0.298938
0.0562162
0.0370734
0.0201171
0.0588561
0.030715
0.0617435
0.154533
0.0709117
0.041021
0.0770018
0.0711976
0.0475987
0.0578617
0.0526669
0.0450963
0.0938685
0.0164964
0.0427087
0.0408185
0.0882665
0.022953
0.0495771
0.0555271
0.041415
0.0627521
0.0298664
0.0367402
0.0245535
0.0469915
0.165188
0.0838868
0.100382
0.117501
0.028288
0.0443738
0.0519952
0.0431114
0.0366916
0.0556695
0.128778
0.216193
0.0937997
0.0356362
0.113545
0.0706429
0.0686823
0.055652
0.0611386
0.0941833
0.0667268
0.02245
0.049709
0.100719
0.0621119
0.0674355
0.112661
0.060795
0.0188396
0.138339
0.0377635
0.0278737
0.0631541
0.019774
0.0811688
0.0690383
0.0245005
0.0510567
0.0544205
0.0292208
0.068111
0.0301201
0.143763
0.0869684
0.0488203
0.107685
0.112942
0.0847613
0.0209873
0.0936019
0.0531316
0.0341142
0.0262003
0.0400051
0.142622
0.0583816
0.0526767
0.0736874
0.0858756
0.0454093
0.178833
0.0581389
0.149503
0.0622076
0.027846
0.0212681
0.116149
0.0378384
0.0419207
0.0703613
0.0624189
0.0346082
0.0496319
0.0398076
0.0554869
0.0594413
0.127914
0.0337289
0.0535269
0.0780851
0.0691673
0.0401065
0.0505893
0.0589272
0.0586441
0.0451228
0.0465857
0.103134
0.11022
0.0228575
0.0462475
0.0359119
0.047188
0.0329572
0.0200071
0.0258757
0.0360187
0.0760493
0.0309463
0.0755929
0.150858
0.0161555
0.0497675
0.0586774
0.0403179
0.186329
0.0947903
0.0473491
0.0470296
0.0437247
0.0605312
0.0661293
0.0454115
0.0396306
0.0623575
0.0223788
0.0372216
0.0199445
0.0258202
0.0371176
0.0696571
0.0500606
0.0305651
0.0418493
0.0265498
0.108531
0.0523237
0.0844906
0.0652203
0.0267266
0.0266558
0.132372
0.0775835
0.0322023
0.0560703
0.053202
0.0920698
0.0236154
0.098239
0.121551
0.0779584
0.0758754
0.0315049
0.0645906
0.0475453
0.112767
0.0381795
0.0935615
0.0522949
0.169055
0.0904054
0.0562189
0.0262782
0.0958079
0.0576026
0.0838426
0.0638613
0.0663278
0.0811734
0.0528525
0.103943
0.0485207
0.133388
0.0211891
0.042956
0.0208383
0.0567709
0.0659288
0.0352175
0.0293115
0.060044
0.0624291
0.0747002
0.0519948
0.118149
0.0869823
0.130164
0.0451537
0.0386144
0.123474
0.0845864
0.0558328
0.0755788
0.0318135
0.0258011
0.171441
0.0559483
0.0529928
0.0553259
0.130737
0.0634065
0.0758951
0.0649103
0.0157632
0.0467456
0.0870633
0.157282
0.156734
0.0241024
0.0713025
0.0485443
0.0404394
0.15716
0.0731066
0.0687957
0.030149
0.0665712
0.0340023
0.131918
0.0316632
0.0261731
0.0158267
0.0651732
0.0384016
0.0684647
0.0360127
0.025334
0.0469183
0.102648
0.0421381
0.17354
0.135707
0.0384561
0.0805008
0.0935664
0.0480255
0.0602831
0.0218468
0.0301286
0.0631977
0.0549508
0.0759299
0.0450046
0.0619022
0.054416
0.0373764
0.108445
0.103096
0.11142
0.104213
0.0390803
0.0526829
0.0751961
0.0603593
0.0533427
0.0504201
0.144702
0.11105
0.0551496
0.0449188
0.151435
0.0498666
0.125819
0.0927336
0.0168389
0.0450062
0.0673881
0.0786358
0.0290322
0.0292887
0.0305727
0.0255611
0.0468914
0.0587584
0.0929742
0.0641144
0.0311966
0.183016
0.0155348
0.0541407
0.0777047
0.0704296
0.0915736
0.0748353
0.0642917
0.0560525
0.195485
0.086371
0.0345113
0.0782754
0.0880243
0.102023
0.0513299
0.0575406
0.0334262
0.0242975
0.218621
0.0354832
0.0694537
0.0836426
0.053829
0.0477216
0.0418732
0.0834696
0.0357672
0.0266465
0.0803915
0.0289276
0.0332531
0.0359068
0.0686246
0.0395625
0.190743
0.056392
0.0873214
0.097225
0.039988
0.127451
0.0417121
0.105155
0.0376663
0.0619704
0.0433921
0.0267128
0.028721
0.0460652
0.0327324
0.0154108
0.0404596
0.0179268
0.0924866
0.111717
0.0641851
0.0441246
0.0341388
0.0593387
0.0211667
0.0967704
0.0865773
0.0190106
0.0241441
0.034768
0.0818969
0.0491994
0.0407399
0.0483619
0.0577307
0.0347237
0.0854755
0.0530372
0.0326405
0.0210835
0.0515764
0.0673144
0.0974656
0.0959249
0.0712488
0.135528
0.0172047
0.045558
0.0412358
0.0261119
0.168966
0.104302
0.167366
0.0245073
0.0315998
0.0393204
0.0387847
0.0727638
0.0206485
0.0460653
0.0254521
0.0888551
0.0215713
0.0445012
0.0701054
0.0815324
0.0347067
0.0835779
0.0442559
0.0275234
0.0422861
0.0296212
0.0692644
0.0480665
0.0691852
0.0325621
0.200233
0.106301
0.0998997
0.097053
0.0432387
0.0536109
0.0737083
0.077768
0.104129
0.0261175
0.201813
0.0612438
0.0415032
0.0295267
0.0444978
0.0667216
0.027143
0.175251
0.0569643
0.0840783
0.0436591
0.0138019
0.0393113
0.040206
0.0368638
0.0753464
0.0431932
0.0629221
0.0631693
0.0262993
0.103726
0.153023
0.0176238
0.0460829
0.0170704
0.0451788
0.0369586
0.0561925
0.0125014
0.0122219
0.0336042
0.0297295
0.025226
0.0477738
0.0608007
0.0701414
0.0450353
0.108409
0.0133599
0.122338
0.0262193
0.0333183
0.0418047
0.0440625
0.0453205
0.0349859
0.0622256
0.0270974
0.0444308
0.034805
0.0381432
0.116957
0.0714579
0.151386
0.0375736
0.0466541
0.0278023
0.0643771
0.0906808
0.0840374
0.0598074
0.0366899
0.0603889
0.13834
0.0814727
0.067705
0.0546283
0.0581784
0.0315884
0.0764012
0.035473
0.106506
0.0322781
0.033536
0.0525608
0.0444478
0.0328083
0.0393899
0.117677
0.0265124
0.0647349
0.0801029
0.015535
0.0585425
0.100545
0.0767115
0.0437979
0.0605566
0.0418034
0.0837791
0.0455471
0.0247935
0.10375
0.0766689
0.0522474
0.0940007
0.0320584
0.0502703
0.0569575
0.0612593
0.0228695
0.0740013
0.0851292
0.0421137
0.140263
0.0288478
0.078606
0.0330115
0.0656402
0.0118346
0.0358263
0.0564577
0.0325526
0.0697167
0.0475804
0.0876233
0.0497336
0.0199364
0.0980362
0.0635206
0.119474
0.0244908
0.0643078
0.0569108
0.106692
0.0423328
0.0348898
0.0535598
0.0581036
0.0168271
0.0851351
0.0673027
0.195324
0.0278949
0.142834
0.0410078
0.0177196
0.0537663
0.0555684
0.026678
0.0338377
0.0842755
0.0587386
0.055727
0.121599
0.0223865
0.0624417
0.0802854
0.0576278
0.0976804
0.0743279
0.0491107
0.050291
0.151884
0.0793569
0.023658
0.0758875
0.0388818
0.138692
0.028296
0.101929
0.0838169
0.165958
0.0796417
0.0787037
0.10003
0.145604
0.0491208
0.0394102
0.0866853
0.165255
0.0653151
0.0481987
0.117561
0.0179475
0.067807
0.049196
0.0310965
0.026786
0.0384655
0.0411023
0.0412738
0.0338357
0.137717
0.023648
0.116176
0.0243944
0.0630696
0.0730571
0.0695606
0.0120974
0.0404185
0.0675522
0.0322681
0.0876448
0.0320353
0.0222421
0.0266865
0.075178
0.0435562
0.0757539
0.0614092
0.0979527
0.020429
0.0443947
0.0497547
0.0406009
0.047134
0.0463455
0.0853502
0.0179155
0.0537165
0.0691606
0.0560385
0.0924796
0.0292881
0.036507
0.069029
0.0871017
0.0773115
0.0165825
0.0491552
0.0523446
0.182579
0.0395
0.0250596
0.166974
0.0260434
0.0720939
0.0583303
0.0389905
0.162979
0.0141962
0.0410706
0.0455823
0.180471
0.0652191
0.0782226
0.0724649
0.0383766
0.0344183
0.0549036
0.0360227
0.0747894
0.0517972
0.0673614
0.0443039
0.120491
0.204161
0.0339032
0.0534523
0.00966882
0.0351065
0.0509642
0.0310408
0.0208713
0.0804595
0.0726638
0.0255905
0.449876
0.0828076
0.0907858
0.117828
0.0890712
0.200627
0.0448519
0.222403
0.155645
0.154574
0.275845
0.161924
0.182003
0.0657981
0.0426051
0.078311
0.0969701
0.0734708
0.174547
0.0862905
0.0874579
0.162899
0.0523244
0.118548
0.079044
0.0773796
0.129485
0.054157
0.0574888
0.0516475
0.182676
0.0807455
0.0832559
0.230112
0.110076
0.166946
0.154114
0.0813688
0.138539
0.178013
0.0938421
0.157418
0.121287
0.238347
0.150366
0.138204
0.147629
0.0517804
0.066708
0.051922
0.0430027
0.129399
0.0561398
0.128566
0.166004
0.0679597
0.0728952
0.0532541
0.120663
0.132029
0.0790124
0.135878
0.0467557
0.21285
0.162046
0.0859291
0.116211
0.0357888
0.0320937
0.177525
0.215011
0.235086
0.0454065
0.0505163
0.100759
0.0774694
0.168411
0.0910324
0.0711098
0.229943
0.0610139
0.0932633
0.0920641
0.0531897
0.0750339
0.113301
0.233572
0.0771306
0.0596391
0.0968586
0.106359
0.265677
0.066057
0.0537096
0.0800422
0.124199
0.107785
0.168606
0.0591096
0.0854795
0.0698033
0.0860705
0.154761
0.136792
0.202832
0.151899
0.199398
0.202474
0.102875
0.0350821
0.0546013
0.210623
0.0795002
0.231991
0.122595
0.205087
0.0620106
0.0679051
0.129885
0.112214
0.113341
0.162399
0.0700561
0.0595942
0.162832
0.0931578
0.0387212
0.135553
0.0461027
0.038823
0.133994
0.141924
0.292913
0.087402
0.0507568
0.180207
0.0490161
0.0325351
0.106692
0.114343
0.219263
0.0591907
0.0380193
0.0405406
0.0660447
0.122233
0.100502
0.180588
0.115571
0.196276
0.0704996
0.110643
0.0922928
0.0565222
0.166179
0.0599241
0.0361274
0.16778
0.107879
0.131964
0.0805315
0.0734979
0.0919242
0.231244
0.163905
0.10084
0.155408
0.120092
0.266652
0.0602584
0.030481
0.222733
0.0535842
0.0447909
0.103446
0.070285
0.160691
0.0800808
0.132525
0.142304
0.0435026
0.112128
0.0366486
0.184619
0.0991869
0.0622593
0.236339
0.0986634
0.117192
0.131261
0.288393
0.0742654
0.0923694
0.0310169
0.201424
0.128171
0.167452
0.150699
0.124636
0.0600342
0.135205
0.0429529
0.167108
0.0877482
0.0745908
0.126395
0.102641
0.10003
0.0569935
0.0351697
0.140508
0.160352
0.112705
0.0437404
0.253034
0.0614306
0.158579
0.0849662
0.171398
0.0314908
0.0797802
0.127916
0.093035
0.259538
0.0909798
0.141815
0.268124
0.112429
0.0430495
0.060802
0.0626415
0.0388782
0.0895844
0.0172419
0.125737
0.0528613
0.0639836
0.160192
0.120346
0.0416815
0.0620269
0.102834
0.0607818
0.182438
0.240125
0.0676168
0.110342
0.0894708
0.0989992
0.158886
0.120726
0.208952
0.138538
0.106268
0.123503
0.161408
0.159668
0.0431775
0.0370386
0.0375418
0.131931
0.176292
0.228092
0.121227
0.19075
0.0752351
0.140746
0.0827464
0.0576007
0.0922297
0.140575
0.0524777
0.153243
0.156399
0.0545868
0.122471
0.150137
0.0929987
0.180261
0.120878
0.032703
0.126031
0.206458
0.11461
0.181738
0.0746501
0.151898
0.255998
0.247012
0.081091
0.12421
0.0647574
0.129129
0.126358
0.157724
0.21649
0.13547
0.0784377
0.100168
0.233512
0.328958
0.135713
0.0882093
0.105082
0.0802693
0.091393
0.0462483
0.0662952
0.180991
0.0509671
0.0234898
0.0426011
0.231443
0.0600796
0.0534245
0.147141
0.125324
0.121939
0.0837973
0.143014
0.0695505
0.0137977
0.106446
0.0691808
0.133317
0.131474
0.0400215
0.0325752
0.0605984
0.0808004
0.069223
0.0722809
0.113616
0.196826
0.073378
0.126572
0.059486
0.0885019
0.0306827
0.0544352
0.0796813
0.12417
0.10078
0.0403847
0.0571406
0.181396
0.116376
0.172326
0.220715
0.0768425
0.0581903
0.044856
0.113486
0.0428153
0.112223
0.207098
0.0782183
0.0346981
0.0745494
0.0170525
0.233224
0.110563
0.217233
0.147457
0.16135
0.159831
0.145891
0.177769
0.105899
0.0766383
0.0998618
0.131594
0.290276
0.0508046
0.147826
0.0596599
0.160556
0.106662
0.0736627
0.108427
0.174012
0.058296
0.158725
0.152881
0.0496787
0.0405142
0.0629545
0.10788
0.245643
0.0738303
0.136054
0.207797
0.058316
0.0222099
0.110779
0.130351
0.124971
0.169006
0.238325
0.116309
0.0643361
0.148463
0.0819683
0.125029
0.130578
0.231159
0.174008
0.0370545
0.114698
0.102516
0.205841
0.167059
0.0761817
0.226382
0.134993
0.0342835
0.186762
0.0609204
0.224723
0.0562771
0.0664792
0.148199
0.0922932
0.11029
0.0840286
0.144538
0.113041
0.20125
0.141749
0.139699
0.105604
0.0574302
0.0817782
0.14036
0.0764698
0.228419
0.279839
0.142299
0.164919
0.11883
0.0533675
0.146774
0.133182
0.0682075
0.0704961
0.112845
0.174464
0.179122
0.125074
0.10511
0.0759604
0.049246
0.126773
0.129718
0.103542
0.0496638
0.0394512
0.195569
0.174324
0.0843534
0.29
0.0850054
0.0422969
0.069763
0.0637462
0.0436483
0.0926138
0.159821
0.046929
0.087886
0.0717593
0.0822302
0.0601534
0.123386
0.0471035
0.172953
0.0429018
0.0579683
0.0563614
0.114563
0.0616844
0.092334
0.0350994
0.0285829
0.05115
0.031421
0.0660626
0.0707943
0.180715
0.0586283
0.14522
0.0372227
0.123493
0.0663801
0.0474962
0.0861094
0.0882866
0.105337
0.130021
0.106384
0.151561
0.246648
0.181033
0.196205
0.138174
0.0505632
0.148154
0.0693981
0.0629357
0.0406691
0.175173
0.31603
0.0729389
0.0938337
0.118557
0.12646
0.0747164
0.0649651
0.173937
0.160392
0.188496
0.0543565
0.0448134
0.254073
0.0441847
0.0657964
0.155038
0.144566
0.210367
0.0448199
0.211918
0.0342005
0.179195
0.175809
0.122843
0.171851
0.0984729
0.114618
0.0521198
0.0544496
0.0410503
0.0918929
0.120394
0.133138
0.110065
0.0529186
0.0634448
0.0244898
0.13633
0.218861
0.0830512
0.0807986
0.0916248
0.0872163
0.135842
0.0832696
0.0672609
0.0579491
0.0566763
0.14335
0.0967391
0.0418261
0.0431979
0.116366
0.138606
0.0471838
0.122988
0.0811463
0.286677
0.0502876
0.0329933
0.176763
0.0713166
0.198691
0.0974093
0.0663563
0.194224
0.0469936
0.057511
0.145148
0.175414
0.164952
0.114017
0.21068
0.0443853
0.113753
0.0878665
0.118076
0.136815
0.107064
0.0705263
0.170084
0.0937897
0.129486
0.102811
0.205023
0.0964618
0.0706487
0.207482
0.0545997
0.11995
0.0906393
0.137089
0.0749605
0.063406
0.246929
0.109855
0.116156
0.0687378
0.0375855
0.073028
0.126243
0.0629698
0.062327
0.0684914
0.11781
0.149352
0.078782
0.190742
0.112451
0.0562975
0.0419978
0.123339
0.236281
0.0956035
0.140317
0.0988597
0.145809
0.149096
0.0298578
0.0682636
0.157417
0.0493032
0.0615857
0.0781628
0.0962774
0.194479
0.150756
0.142427
0.0630817
0.326454
0.220867
0.110162
0.179205
0.0829773
0.0696801
0.0854497
0.0511634
0.0426901
0.0715735
0.0319569
0.126205
0.176397
0.0748385
0.156194
0.0348568
0.165654
0.0711689
0.063695
0.118941
0.582499
0.0945366
0.34667
0.174434
0.060318
0.32284
0.042313
0.108093
0.287248
0.0243133
0.0583293
0.100444
0.1567
0.199768
0.342985
0.104373
0.261034
0.101143
0.0612464
0.253589
0.142116
0.0943755
0.262223
0.239348
0.147216
0.034426
0.114813
0.166148
0.148448
0.185642
0.132171
0.366678
0.253291
0.0609148
0.322218
0.216586
0.0159572
0.31918
0.254824
0.362699
0.334735
0.232684
0.180676
0.0460788
0.0667093
0.165605
0.287711
0.0402128
0.124284
0.15272
0.175018
0.28679
0.143115
0.11105
0.212344
0.0335213
0.138014
0.063439
0.332652
0.271191
0.1543
0.341745
0.375635
0.194736
0.340397
0.140913
0.187538
0.0953772
0.0777116
0.104731
0.0721665
0.280645
0.0258968
0.0839175
0.121314
0.202739
0.0457398
0.192844
0.145922
0.130073
0.106081
0.0548305
0.0819703
0.27676
0.168351
0.227294
0.102422
0.11684
0.355352
0.0437963
0.129919
0.155298
0.133806
0.296892
0.182232
0.388087
0.150122
0.0473116
0.285144
0.0537241
0.0955129
0.0562576
0.332
0.0494313
0.144958
0.0748979
0.172175
0.162824
0.202425
0.0484585
0.139825
0.133144
0.408276
0.14933
0.0260985
0.141364
0.0742499
0.119284
0.0882866
0.157477
0.102294
0.108423
0.141134
0.201226
0.217868
0.336549
0.39133
0.312102
0.10282
0.170127
0.119989
0.156566
0.164315
0.0254221
0.266479
0.116884
0.0455079
0.214424
0.0701486
0.270138
0.203066
0.143684
0.155089
0.16377
0.119445
0.320116
0.251485
0.114373
0.16231
0.146396
0.181051
0.361818
0.0921934
0.0626507
0.275798
0.211128
0.0945876
0.230294
0.0494569
0.0997042
0.110949
0.084575
0.0594307
0.246349
0.0801723
0.0657594
0.293826
0.119138
0.298266
0.13305
0.156618
0.33774
0.0643732
0.113036
0.308648
0.23546
0.118684
0.246082
0.150321
0.0788729
0.119222
0.113479
0.215509
0.152231
0.162297
0.106955
0.170698
0.221567
0.0243544
0.163108
0.24046
0.127344
0.123549
0.189274
0.308738
0.0538824
0.0375727
0.0168704
0.281427
0.11232
0.218557
0.31139
0.222144
0.14014
0.035625
0.0549362
0.323446
0.0469977
0.0829697
0.248726
0.310321
0.162655
0.121536
0.241416
0.133733
0.377516
0.0947749
0.134652
0.144269
0.0423012
0.159988
0.131964
0.0887125
0.210393
0.31319
0.245969
0.0635421
0.163082
0.161492
0.0458187
0.225152
0.127289
0.267015
0.0609572
0.212519
0.102259
0.102964
0.269787
0.138447
0.123639
0.0164618
0.156656
0.053547
0.0619777
0.242235
0.176363
0.0845337
0.302071
0.12614
0.29989
0.22899
0.178401
0.301797
0.0958769
0.129959
0.0877438
0.228978
0.320417
0.0890603
0.2118
0.284503
0.372356
0.241223
0.0363105
0.136719
0.0979403
0.166767
0.0939401
0.156692
0.115395
0.169567
0.125205
0.166124
0.348775
0.163846
0.0624471
0.168119
0.111798
0.0238238
0.213722
0.156863
0.264115
0.300202
0.0678493
0.134218
0.0833548
0.125819
0.0967307
0.0503915
0.138569
0.166669
0.0795173
0.163092
0.0530186
0.125689
0.262601
0.103775
0.118871
0.164336
0.173759
0.109907
0.230032
0.277442
0.0564631
0.0935273
0.106075
0.210694
0.118826
0.234058
0.361376
0.359264
0.255371
0.0405719
0.275412
0.248974
0.142302
0.0622856
0.358645
0.216716
0.0268823
0.203062
0.110947
0.315696
0.25946
0.15382
0.050634
0.155073
0.155958
0.0373859
0.33892
0.0987539
0.314579
0.175054
0.0820595
0.212079
0.262458
0.213677
0.2073
0.0571216
0.299987
0.207899
0.132413
0.201115
0.0112094
0.102471
0.111071
0.108759
0.267126
0.0558857
0.138426
0.089277
0.157379
0.199985
0.17737
0.109461
0.194901
0.16956
0.2647
0.142919
0.194444
0.102371
0.089978
0.237142
0.159557
0.105794
0.128057
0.0716101
0.203601
0.0557252
0.0913828
0.154088
0.172587
0.136699
0.227414
0.265121
0.046539
0.251326
0.149636
0.055651
0.270847
0.217406
0.0923394
0.0272154
0.0929359
0.0957499
0.277975
0.102095
0.12703
0.309882
0.0490166
0.0519714
0.0954129
0.160399
0.137718
0.0970395
0.214728
0.220788
0.0408231
0.0944588
0.0543669
0.075507
0.269626
0.205837
0.103842
0.280164
0.149182
0.108334
0.149866
0.222993
0.223183
0.219527
0.101587
0.208505
0.162291
0.0327952
0.171816
0.0796918
0.309833
0.178479
0.181355
0.112395
0.0799714
0.0792609
0.171873
0.210409
0.180629
0.138762
0.282644
0.302612
0.0945558
0.0783695
0.110748
0.172255
0.300513
0.115324
0.0483843
0.313803
0.252318
0.129633
0.0965787
0.355842
0.0618651
0.115205
0.0492543
0.0705747
0.207204
0.0963591
0.189927
0.0388664
0.155231
0.0525209
0.276816
0.0979349
0.169802
0.249435
0.153243
0.135047
0.247266
0.0912153
0.184953
0.213218
0.247784
0.155606
0.0825013
0.186007
0.14714
0.171945
0.257636
0.310445
0.362732
0.238422
0.123295
0.0905367
0.147866
0.173955
0.0958342
0.150393
0.24922
0.0344659
0.145573
0.290141
0.0424266
0.117181
0.161782
0.168292
0.0885222
0.248013
0.260373
0.142107
0.0350733
0.0309992
0.177918
0.244472
0.158182
0.13217
0.119714
0.172884
0.0434665
0.175148
0.232373
0.264722
0.0924493
0.267007
0.108363
0.0907518
0.214585
0.106697
0.118095
0.127181
0.0878272
0.299487
0.204302
0.0236505
0.100133
0.103845
0.0671676
0.218246
0.404237
0.080765
0.129746
0.155092
0.239007
0.0835448
0.0651087
0.134872
0.179565
0.282172
0.086713
0.096587
0.138463
0.0353584
0.133574
0.0456844
0.280426
0.361032
0.235204
0.220607
0.135584
0.360068
0.270123
0.10518
0.298207
0.115003
0.143734
0.246155
0.0467133
0.202439
0.111885
0.114401
0.211102
0.0495487
0.289916
0.227452
0.0904343
0.024532
0.152329
0.132587
0.0752873
0.121533
0.0435804
0.0761758
0.112503
0.0405667
0.261711
0.0525896
0.172414
0.206792
0.199144
0.0865096
0.223241
0.103236
0.0511002
0.101888
0.282111
0.0448439
0.0805836
0.111934
0.0477854
0.24464
0.345736
0.202673
0.361905
0.33888
0.11746
0.181601
0.201212
0.143686
0.131189
0.347296
0.256037
0.10038
0.275433
0.2535
0.265077
0.118458
0.225112
0.0781955
0.0287458
0.27455
0.0451866
0.116051
0.076473
0.0477244
0.352959
0.20578
0.175008
0.0623075
0.164651
0.184388
0.187806
0.319184
0.34948
0.19804
0.109545
0.153006
0.172798
0.0294885
0.180711
0.0734982
0.166694
0.159966
0.389836
0.165425
0.0447892
0.0514544
0.0636915
0.1807
0.183488
0.111418
0.247895
