0.431374
0.23406
0.316002
0.272106
0.192381
0.247294
0.2898
0.21855
0.254426
0.218343
0.295662
0.27013
0.240209
0.277753
0.259909
0.257789
0.2718
0.168612
0.24725
0.275856
0.206551
0.316918
0.256156
0.313884
0.266497
0.217988
0.273203
0.251056
0.314908
0.340232
0.224889
0.229543
0.286819
0.328263
0.292678
0.363666
0.293497
0.227371
0.265971
0.176762
0.310053
0.275328
0.2804
0.213199
0.287933
0.337722
0.280692
0.256573
0.193763
0.366194
0.342467
0.261113
0.206897
0.228714
0.208526
0.29556
0.288228
0.337114
0.196055
0.279147
0.343895
0.297064
0.338764
0.321295
0.261872
0.274347
0.262517
0.257493
0.199775
0.291462
0.204357
0.275531
0.138733
0.353413
0.411896
0.245812
0.260126
0.269953
0.25661
0.29401
0.264308
0.315009
0.293027
0.290698
0.288454
0.24652
0.227916
0.251893
0.261809
0.246665
0.246888
0.353087
0.202027
0.250429
0.336087
0.327696
0.39068
0.274698
0.286257
0.312964
0.336267
0.243373
0.257755
0.315785
0.28248
0.280738
0.256482
0.308253
0.203546
0.245973
0.24821
0.249716
0.302609
0.31642
0.311122
0.348441
0.240726
0.261364
0.281259
0.283251
0.281996
0.251073
0.229497
0.332723
0.253939
0.280554
0.239201
0.29646
0.277325
0.25837
0.249199
0.244334
0.276573
0.353592
0.272169
0.418788
0.250443
0.306052
0.259127
0.288419
0.215094
0.265297
0.227638
0.309475
0.24581
0.280175
0.243837
0.298098
0.198454
0.289302
0.266869
0.382767
0.221156
0.339394
0.313713
0.220699
0.247326
0.264641
0.361285
0.324433
0.319555
0.317585
0.235987
0.262885
0.288044
0.237585
0.242176
0.235755
0.318865
0.297695
0.338639
0.340396
0.249493
0.255217
0.293587
0.229077
0.214832
0.290387
0.306286
0.272289
0.226742
0.229786
0.195289
0.268336
0.333201
0.226192
0.221874
0.251288
0.283478
0.153756
0.267348
0.104698
0.256749
0.248258
0.271594
0.332304
0.372863
0.295347
0.302731
0.249821
0.32714
0.278902
0.229169
0.323692
0.28358
0.312644
0.22816
0.284408
0.299762
0.338578
0.225097
0.26308
0.255952
0.240231
0.252734
0.216282
0.307331
0.396043
0.28155
0.28183
0.276171
0.381538
0.306206
0.367481
0.344855
0.360232
0.269746
0.34116
0.320329
0.263994
0.225888
0.294013
0.259826
0.261155
0.313627
0.31608
0.246512
0.286884
0.26627
0.232308
0.265388
0.27007
0.259396
0.272274
0.305108
0.273419
0.218922
0.272698
0.204825
0.295801
0.237905
0.237345
0.344299
0.229106
0.254759
0.205184
0.287194
0.347026
0.253384
0.301607
0.304529
0.283663
0.262209
0.345587
0.357396
0.197401
0.302855
0.268239
0.285619
0.316951
0.295962
0.286094
0.322541
0.218548
0.169988
0.260427
0.24299
0.3664
0.227812
0.29959
0.187685
0.235105
0.264888
0.31138
0.269506
0.289674
0.230994
0.380363
0.302711
0.231525
0.293948
0.263435
0.269303
0.231208
0.286407
0.294742
0.313469
0.202796
0.292566
0.236902
0.297584
0.219045
0.209582
0.273398
0.342575
0.230828
0.264144
0.280733
0.420763
0.294752
0.338048
0.281853
0.328273
0.229
0.257882
0.260584
0.312873
0.276236
0.225365
0.294569
0.212931
0.195953
0.310276
0.206047
0.303812
0.228805
0.211679
0.303074
0.255527
0.199671
0.268812
0.309817
0.263468
0.229684
0.322885
0.284554
0.220502
0.220681
0.253177
0.254785
0.252784
0.331088
0.184686
0.260283
0.218223
0.216177
0.394573
0.323388
0.247838
0.268433
0.282422
0.348502
0.197327
0.268309
0.243644
0.245648
0.224786
0.211599
0.27082
0.309243
0.27617
0.234481
0.221071
0.294146
0.282996
0.141913
0.232139
0.242745
0.235412
0.246584
0.234428
0.205301
0.276025
0.302438
0.282097
0.238747
0.190011
0.384855
0.275032
0.291093
0.228216
0.237817
0.199248
0.32934
0.234085
0.300004
0.279243
0.250649
0.343441
0.269185
0.276908
0.264397
0.263302
0.268358
0.19328
0.24671
0.252369
0.284564
0.309138
0.297829
0.189958
0.273405
0.291042
0.257229
0.184769
0.234089
0.204814
0.283006
0.301941
0.280216
0.346634
0.226908
0.299491
0.330591
0.258297
0.21639
0.297981
0.181102
0.384627
0.305405
0.274532
0.303113
0.302305
0.26384
0.355545
0.255681
0.253239
0.255858
0.29804
0.285062
0.265815
0.368378
0.280057
0.258621
0.160841
0.215024
0.264418
0.258762
0.286794
0.316497
0.320159
0.325443
0.24263
0.349828
0.344228
0.326205
0.262213
0.252166
0.162845
0.262859
0.227971
0.268347
0.335958
0.294909
0.250902
0.195123
0.173795
0.215438
0.165474
0.309109
0.361045
0.291677
0.250199
0.362192
0.334174
0.196682
0.315368
0.290797
0.259144
0.205402
0.260652
0.308288
0.292275
0.250527
0.201243
0.284267
0.271108
0.273068
0.266806
0.267552
0.178703
0.288657
0.310979
0.251333
0.247887
0.292185
0.320363
0.258107
0.298516
0.300135
0.28248
0.237745
0.265957
0.253756
0.22637
0.348634
0.334388
0.327851
0.230863
0.32058
0.296926
0.535685
0.248447
0.325589
0.274146
0.297606
0.342689
0.307672
0.286352
0.188194
0.332119
0.227585
0.344424
0.348711
0.401237
0.267609
0.333719
0.338113
0.285696
0.355178
0.418959
0.335823
0.333682
0.269742
0.254994
0.349279
0.301915
0.228968
0.195959
0.263865
0.28279
0.268087
0.302867
0.294719
0.404076
0.337077
0.322961
0.336007
0.273717
0.360564
0.275229
0.374353
0.298431
0.358946
0.337423
0.253979
0.3159
0.362482
0.202366
0.273291
0.372151
0.288209
0.255668
0.227493
0.369425
0.299267
0.266982
0.394762
0.287567
0.373555
0.330163
0.29328
0.349752
0.381527
0.248289
0.373034
0.409508
0.363179
0.255561
0.246298
0.276322
0.274332
0.292639
0.267531
0.333835
0.334146
0.267565
0.360227
0.29954
0.325984
0.213646
0.216288
0.32622
0.342749
0.295147
0.326545
0.182011
0.231854
0.276753
0.376738
0.2252
0.267877
0.317018
0.304002
0.305041
0.252266
0.278742
0.265666
0.360856
0.280652
0.379849
0.269926
0.272738
0.246366
0.307753
0.263035
0.354552
0.219376
0.333154
0.34555
0.337049
0.340595
0.239135
0.289137
0.278087
0.336484
0.274239
0.227236
0.295354
0.241542
0.326187
0.398724
0.346751
0.344268
0.326382
0.299683
0.33048
0.261165
0.264207
0.2026
0.274361
0.243711
0.316071
0.29924
0.312736
0.356404
0.269054
0.231895
0.26455
0.208752
0.341761
0.185658
0.320732
0.290356
0.268326
0.207642
0.226485
0.264747
0.26067
0.18659
0.23477
0.341516
0.349962
0.292742
0.288681
0.317907
0.362248
0.208491
0.320983
0.298856
0.287798
0.260181
0.403633
0.32954
0.322764
0.314888
0.174586
0.317889
0.213559
0.325819
0.352277
0.237675
0.287923
0.228767
0.300931
0.344006
0.190514
0.194114
0.20229
0.28769
0.376557
0.324811
0.240999
0.342966
0.320461
0.287826
0.294989
0.274857
0.327888
0.342923
0.396666
0.253449
0.288895
0.298605
0.34953
0.220438
0.240739
0.261646
0.244494
0.360477
0.301191
0.311921
0.320981
0.262509
0.294368
0.352469
0.359461
0.40636
0.360335
0.380465
0.227721
0.343515
0.181591
0.2057
0.280744
0.331863
0.287561
0.279481
0.318081
0.316753
0.301199
0.295514
0.318253
0.406712
0.28129
0.252561
0.267377
0.35218
0.266199
0.350478
0.207822
0.331937
0.292324
0.258751
0.391252
0.290727
0.238315
0.258503
0.214012
0.246894
0.330341
0.363641
0.335424
0.270301
0.232926
0.271413
0.273609
0.243891
0.281812
0.238256
0.279286
0.32204
0.322886
0.369129
0.311712
0.320288
0.359759
0.22372
0.333063
0.322024
0.182331
0.234351
0.402672
0.268621
0.34467
0.317952
0.342868
0.368593
0.307603
0.244781
0.413622
0.346882
0.299891
0.383945
0.287327
0.277658
0.291277
0.322877
0.306609
0.250687
0.271204
0.163474
0.316596
0.376837
0.239287
0.350383
0.362734
0.32525
0.306609
0.299634
0.265654
0.298691
0.279708
0.256407
0.294022
0.274161
0.345636
0.263721
0.318902
0.303979
0.422799
0.260513
0.299476
0.285784
0.355552
0.327002
0.360763
0.373463
0.361096
0.282962
0.355067
0.308272
0.261403
0.404148
0.288088
0.316033
0.30433
0.320488
0.273766
0.355631
0.352842
0.283683
0.309293
0.233026
0.280728
0.1929
0.335892
0.30064
0.412559
0.23842
0.281125
0.350646
0.382394
0.299461
0.317134
0.218381
0.281825
0.305835
0.238471
0.314347
0.372192
0.323411
0.301779
0.36858
0.233174
0.265295
0.266715
0.234223
0.248689
0.245369
0.334755
0.305504
0.347011
0.343033
0.278863
0.338111
0.226113
0.275499
0.36897
0.288058
0.20949
0.220536
0.257079
0.401961
0.304596
0.362291
0.304683
0.325197
0.265548
0.382871
0.28197
0.300453
0.366245
0.27144
0.309326
0.362649
0.362071
0.323547
0.283275
0.347808
0.277635
0.286336
0.331634
0.21026
0.360041
0.192841
0.306442
0.31364
0.275196
0.355149
0.297725
0.301459
0.283069
0.388539
0.309169
0.258541
0.360597
0.353574
0.293951
0.28074
0.306889
0.267338
0.309506
0.316417
0.395052
0.331619
0.243212
0.31657
0.269433
0.370737
0.289398
0.303531
0.289621
0.284923
0.283431
0.280425
0.229796
0.297252
0.386785
0.346441
0.429481
0.383405
0.310594
0.338825
0.337023
0.330223
0.336361
0.240896
0.373666
0.196107
0.252878
0.328315
0.233037
0.207337
0.265455
0.288525
0.272093
0.279354
0.275686
0.289797
0.312588
0.318757
0.300006
0.378331
0.291371
0.296481
0.393705
0.323532
0.267497
0.265679
0.305419
0.38475
0.325116
0.368151
0.296928
0.24206
0.334433
0.281452
0.271883
0.307199
0.245682
0.38689
0.321548
0.262533
0.366824
0.258239
0.338047
0.29064
0.327896
0.271593
0.246337
0.421928
0.23952
0.298618
0.264891
0.372281
0.318656
0.319515
0.272665
0.34842
0.172166
0.350134
0.438073
0.355608
0.288233
0.435545
0.362472
0.37254
0.285389
0.281619
0.312603
0.308045
0.297716
0.293446
0.243059
0.249305
0.38593
0.278218
0.398166
0.203111
0.386187
0.54937
0.428533
0.426223
0.387064
0.390561
0.357395
0.365093
0.396177
0.428448
0.326438
0.425549
0.409494
0.412028
0.351002
0.409109
0.434142
0.394627
0.362641
0.425159
0.454574
0.427827
0.370932
0.398412
0.399273
0.381389
0.308501
0.3855
0.382318
0.442748
0.417351
0.364515
0.299577
0.371216
0.425865
0.386707
0.40904
0.423682
0.365878
0.402168
0.425436
0.365499
0.417314
0.395778
0.413819
0.401802
0.393089
0.342692
0.438365
0.352004
0.419836
0.468943
0.454472
0.394656
0.412833
0.392923
0.377806
0.336831
0.387967
0.334058
0.387444
0.351416
0.399777
0.408603
0.409852
0.43035
0.415968
0.393524
0.412181
0.375796
0.339511
0.488455
0.332422
0.304827
0.459259
0.399781
0.414434
0.352333
0.339123
0.386222
0.357586
0.430315
0.32918
0.432346
0.372795
0.400627
0.406994
0.360102
0.386278
0.372812
0.291031
0.370532
0.433627
0.36167
0.355495
0.362638
0.37515
0.364085
0.351965
0.34712
0.395919
0.325655
0.359347
0.365504
0.392798
0.377595
0.419501
0.466998
0.340917
0.41332
0.422606
0.438868
0.262352
0.309938
0.285163
0.353845
0.276788
0.32963
0.391142
0.431349
0.388737
0.326887
0.435314
0.341986
0.425885
0.372005
0.296326
0.383333
0.342787
0.355979
0.347954
0.410206
0.323409
0.335218
0.390132
0.484018
0.399432
0.36207
0.355832
0.290553
0.397913
0.244093
0.419216
0.437699
0.322993
0.43741
0.393031
0.306002
0.32545
0.374297
0.351277
0.407101
0.362632
0.287121
0.305273
0.42412
0.481383
0.310621
0.35907
0.350966
0.277179
0.304349
0.384939
0.399919
0.374636
0.307494
0.409973
0.393148
0.341195
0.364955
0.403567
0.353739
0.306799
0.33832
0.417108
0.425684
0.411375
0.431046
0.43121
0.417045
0.397189
0.432552
0.237595
0.361443
0.416402
0.397738
0.46023
0.451494
0.348605
0.372677
0.398523
0.393162
0.337569
0.422959
0.382982
0.374566
0.365081
0.439503
0.424979
0.314074
0.458687
0.371291
0.447078
0.401487
0.388119
0.370102
0.442642
0.317451
0.449198
0.360547
0.381718
0.344409
0.461339
0.355597
0.366602
0.328167
0.350163
0.334878
0.371695
0.4238
0.367528
0.432877
0.427459
0.463163
0.306175
0.409423
0.398085
0.373243
0.189988
0.296266
0.342745
0.417752
0.41144
0.407111
0.370601
0.43251
0.385178
0.39542
0.422157
0.407548
0.361649
0.404261
0.375354
0.40391
0.403422
0.386008
0.392463
0.382542
0.302566
0.466667
0.378793
0.428917
0.280621
0.399303
0.454164
0.373952
0.247255
0.386443
0.2661
0.389408
0.389831
0.417885
0.423725
0.372057
0.395458
0.406123
0.333427
0.353388
0.328728
0.456922
0.327772
0.439259
0.279483
0.338427
0.440979
0.440439
0.463816
0.376532
0.400004
0.292897
0.332426
0.490483
0.366176
0.497777
0.317933
0.415677
0.416913
0.379172
0.346155
0.370184
0.336136
0.292165
0.336027
0.464771
0.431057
0.250427
0.388172
0.370731
0.369193
0.394761
0.451212
0.392466
0.41385
0.344223
0.361723
0.362991
0.450639
0.389334
0.358812
0.47401
0.402416
0.398161
0.375768
0.469585
0.370784
0.266671
0.277096
0.424809
0.415066
0.357226
0.344785
0.414623
0.346444
0.347053
0.31281
0.387247
0.337706
0.404733
0.426411
0.396351
0.327736
0.377364
0.475406
0.429687
0.391134
0.441343
0.449904
0.381544
0.465015
0.325067
0.29871
0.268984
0.431257
0.371932
0.41569
0.412093
0.397815
0.404338
0.365497
0.365991
0.379077
0.439699
0.456415
0.411454
0.384792
0.438383
0.356494
0.359793
0.411483
0.402547
0.311829
0.317305
0.361301
0.398226
0.441835
0.393411
0.363457
0.379612
0.406296
0.416025
0.457549
0.379383
0.399738
0.419701
0.427768
0.424289
0.338991
0.402819
0.374657
0.400734
0.375124
0.339262
0.425876
0.393647
0.420728
0.353892
0.345037
0.364607
0.363045
0.368077
0.438852
0.428538
0.394957
0.404899
0.29091
0.269946
0.417646
0.403999
0.325499
0.321116
0.413226
0.407991
0.40162
0.449316
0.402348
0.385237
0.403541
0.379373
0.378179
0.387669
0.422823
0.37321
0.39784
0.390912
0.461695
0.274838
0.376965
0.374663
0.335847
0.328564
0.364421
0.38289
0.44746
0.326551
0.316749
0.346628
0.359248
0.377972
0.410188
0.363446
0.410356
0.417834
0.335673
0.411265
0.389409
0.356796
0.381869
0.439901
0.391717
0.295492
0.318097
0.315948
0.392798
0.370421
0.357653
0.261385
0.39693
0.342615
0.379584
0.391019
0.230467
0.357995
0.373361
0.343335
0.359844
0.437015
0.472354
0.38431
0.317824
0.387298
0.362398
0.338138
0.353615
0.347288
0.44864
0.342044
0.388607
0.327121
0.377118
0.318273
0.379913
0.444607
0.379721
0.427353
0.352347
0.417224
0.393554
0.420801
0.294466
0.410901
0.378286
0.37541
0.44527
0.370057
0.407874
0.336667
0.255991
0.295914
0.346912
0.394826
0.309718
0.347817
0.39798
0.401836
0.360661
0.397865
0.354774
0.410204
0.431249
0.327015
0.409934
0.354308
0.371873
0.438564
0.454743
0.416587
0.449504
0.351763
0.223807
0.443349
0.334888
0.459234
0.443817
0.444987
0.456903
0.452846
0.299976
0.408804
0.467223
0.386388
0.432535
0.403491
0.405925
0.392952
0.445901
0.429164
0.446982
0.345558
0.399501
0.329986
0.453593
0.472204
0.292529
0.490918
0.364392
0.495651
0.469788
0.460893
0.405051
0.425925
0.495099
0.520908
0.373536
0.405814
0.449324
0.390185
0.344931
0.451427
0.498636
0.470698
0.394526
0.463241
0.308858
0.280869
0.480234
0.465612
0.420178
0.475795
0.450259
0.507151
0.407457
0.441286
0.331465
0.468417
0.438028
0.325534
0.443565
0.347833
0.325176
0.358256
0.353177
0.423657
0.345327
0.348104
0.424289
0.289894
0.373121
0.289758
0.414037
0.421962
0.486854
0.359693
0.33501
0.461467
0.431244
0.506559
0.495815
0.480866
0.443528
0.389974
0.334635
0.375179
0.426533
0.408692
0.367756
0.453721
0.392085
0.464042
0.435063
0.472048
0.475391
0.384665
0.283441
0.455425
0.416133
0.439003
0.356333
0.330861
0.272221
0.431597
0.474042
0.488269
0.488378
0.482594
0.414642
0.340259
0.387882
0.41815
0.454566
0.401012
0.251446
0.409753
0.417305
0.389208
0.398292
0.413691
0.481899
0.439964
0.507651
0.420935
0.419277
0.423691
0.30638
0.43329
0.425775
0.378242
0.492837
0.400892
0.441817
0.361559
0.380353
0.466188
0.444659
0.263444
0.420823
0.457404
0.399174
0.43976
0.441604
0.286232
0.343913
0.456374
0.325455
0.468525
0.290245
0.459277
0.460362
0.407164
0.415526
0.506781
0.43389
0.405725
0.436404
0.453624
0.470598
0.418077
0.432936
0.3307
0.430056
0.462921
0.47784
0.355988
0.388569
0.44956
0.438166
0.422384
0.354864
0.464615
0.475471
0.314591
0.476487
0.384071
0.351246
0.373479
0.421379
0.317541
0.403266
0.373859
0.350306
0.471843
0.479421
0.419852
0.385681
0.358708
0.264095
0.458552
0.44023
0.405541
0.271218
0.437757
0.430155
0.473778
0.410941
0.345765
0.43379
0.183136
0.53283
0.382855
0.276915
0.216867
0.372093
0.431698
0.419823
0.408566
0.264609
0.297117
0.308138
0.419647
0.405582
0.329799
0.462678
0.359234
0.243587
0.43064
0.462653
0.428564
0.28604
0.421307
0.370868
0.349215
0.447095
0.421486
0.334166
0.247238
0.489006
0.430124
0.405793
0.426802
0.418876
0.329218
0.347278
0.415604
0.392318
0.391542
0.364006
0.411128
0.415669
0.280982
0.442264
0.505862
0.362563
0.307568
0.437991
0.327254
0.462211
0.469708
0.343585
0.431714
0.334062
0.474554
0.404962
0.366791
0.489531
0.441525
0.280686
0.454671
0.378235
0.484083
0.419149
0.413016
0.44807
0.477349
0.41664
0.469849
0.41407
0.406916
0.306279
0.241979
0.432552
0.395854
0.45007
0.43296
0.329224
0.360399
0.279732
0.440795
0.386665
0.412786
0.368606
0.436989
0.456429
0.438939
0.331698
0.432506
0.450216
0.474234
0.431829
0.429138
0.232162
0.409175
0.510859
0.378762
0.469788
0.415786
0.358067
0.261521
0.3795
0.439663
0.459946
0.311267
0.330774
0.203729
0.443761
0.388152
0.349065
0.363956
0.461427
0.390792
0.269604
0.369993
0.385806
0.467376
0.456396
0.443013
0.514453
0.301487
0.292051
0.437317
0.481851
0.324598
0.419134
0.482937
0.473088
0.384239
0.431581
0.414428
0.447721
0.487671
0.275505
0.421624
0.448278
0.392068
0.401097
0.391759
0.415407
0.216467
0.435163
0.441541
0.402158
0.485201
0.403721
0.329842
0.444187
0.425323
0.448234
0.383778
0.424619
0.401158
0.284284
0.394167
0.424007
0.490135
0.405596
0.457432
0.391873
0.424024
0.437068
0.472507
0.422196
0.335261
0.503159
0.515031
0.458271
0.447355
0.456005
0.445548
0.396356
0.455377
0.377834
0.282175
0.451541
0.453252
0.423788
0.440306
0.389999
0.483966
0.34603
0.447698
0.320667
0.451793
0.34025
0.485222
0.494843
0.207622
0.47174
0.484822
0.454955
0.464136
0.384688
0.452847
0.346847
0.3898
0.274214
0.319511
0.41917
0.527665
0.403702
0.436138
0.465305
0.385959
0.285352
0.397417
0.472975
0.407092
0.436866
0.481209
0.383533
0.398887
0.351589
0.483277
0.45294
0.466269
0.467345
0.407399
0.320454
0.50581
0.475203
0.48954
0.380653
0.381171
0.471666
0.431837
0.373252
0.512447
0.430025
0.405722
0.417092
0.435292
0.439409
0.43452
0.25645
0.44651
0.416506
0.482602
0.309637
0.356692
0.417398
0.389507
0.456616
0.504867
0.359363
0.462294
0.419642
0.445108
0.465816
0.470059
0.479203
0.44883
0.355492
0.434162
0.485782
0.420941
0.470145
0.446998
0.448758
0.385411
0.460693
0.398464
0.495912
0.391818
0.504043
0.472388
0.447865
0.495946
0.480567
0.339948
0.45378
0.479374
0.259294
0.382616
0.369495
0.402541
0.33316
0.260832
0.44427
0.375544
0.435335
0.396527
0.383307
0.437638
0.416984
0.51732
0.319656
0.400527
0.376205
0.442411
0.469103
0.398562
0.542746
0.34386
0.356872
0.438145
0.48971
0.625741
0.517573
0.520786
0.564443
0.369066
0.494006
0.502616
0.423283
0.176207
0.485926
0.286142
0.423175
0.515182
0.476063
0.393244
0.556327
0.527495
0.554596
0.548711
0.509838
0.548471
0.414983
0.451608
0.417892
0.431118
0.488853
0.44634
0.406734
0.450348
0.500783
0.490373
0.508009
0.477229
0.520444
0.155018
0.456212
0.53582
0.415233
0.471194
0.389788
0.45007
0.434648
0.362724
0.555008
0.485826
0.476131
0.461868
0.429243
0.55095
0.372421
0.540635
0.20965
0.523163
0.343394
0.323798
0.469315
0.442932
0.539428
0.511681
0.232887
0.36622
0.345397
0.550691
0.495919
0.516764
0.488835
0.404853
0.454815
0.179222
0.476165
0.454947
0.477582
0.461292
0.468722
0.423428
0.525779
0.382329
0.450895
0.428217
0.330203
0.552725
0.562527
0.488474
0.225349
0.409832
0.492372
0.456108
0.488545
0.443029
0.433122
0.530587
0.414876
0.48778
0.392193
0.455407
0.526687
0.424625
0.480537
0.296333
0.258783
0.22307
0.428334
0.441778
0.452955
0.480995
0.462377
0.342883
0.509456
0.484222
0.478502
0.448545
0.323879
0.441013
0.335611
0.47524
0.463202
0.497905
0.533493
0.522581
0.467138
0.392722
0.532684
0.454715
0.395541
0.513735
0.35657
0.433096
0.498329
0.384623
0.603345
0.425463
0.483312
0.471195
0.373987
0.482719
0.403371
0.533405
0.483867
0.463336
0.477474
0.364531
0.506066
0.381322
0.421134
0.407709
0.321086
0.49036
0.401421
0.43868
0.37772
0.356298
0.432271
0.48613
0.308722
0.453913
0.463926
0.411727
0.514825
0.433629
0.261279
0.546036
0.426873
0.3985
0.385742
0.473376
0.430955
0.477521
0.484429
0.278183
0.458875
0.409974
0.534232
0.487319
0.4609
0.518781
0.494683
0.255668
0.43597
0.401016
0.25214
0.494624
0.554499
0.388564
0.501329
0.402034
0.560377
0.451373
0.491149
0.447444
0.394502
0.486446
0.478801
0.419945
0.38153
0.494292
0.395002
0.54207
0.461286
0.382986
0.462758
0.476061
0.405353
0.49703
0.337189
0.441026
0.454484
0.48468
0.345967
0.251314
0.374643
0.50341
0.46633
0.498826
0.444763
0.485768
0.306216
0.333012
0.484622
0.341895
0.508246
0.318515
0.43371
0.419463
0.452661
0.446502
0.536544
0.427777
0.468655
0.504686
0.463518
0.411829
0.249858
0.403492
0.309203
0.57432
0.508599
0.560565
0.489108
0.494757
0.441817
0.47202
0.466103
0.502787
0.249126
0.480768
0.412043
0.346725
0.506569
0.375426
0.43306
0.335482
0.379162
0.459582
0.40295
0.506654
0.402701
0.561223
0.4502
0.434254
0.437537
0.465425
0.499991
0.38797
0.485288
0.470534
0.437899
0.468258
0.554666
0.349297
0.556549
0.385059
0.436272
0.478122
0.376205
0.365062
0.538377
0.465584
0.416988
0.541378
0.452476
0.542955
0.54053
0.494453
0.502234
0.505851
0.531609
0.204865
0.452691
0.405613
0.443244
0.513296
0.381411
0.463165
0.451615
0.48226
0.485532
0.494196
0.364554
0.387619
0.537451
0.581894
0.52074
0.399221
0.405033
0.416885
0.463272
0.445177
0.32662
0.34869
0.391751
0.253806
0.269513
0.562566
0.391582
0.434515
0.37609
0.41007
0.318816
0.550211
0.416783
0.388678
0.410555
0.358276
0.3084
0.4519
0.456969
0.374498
0.393682
0.354478
0.389992
0.4262
0.371804
0.383752
0.318432
0.360523
0.380755
0.389782
0.346245
0.346234
0.393601
0.303076
0.421507
0.39776
0.417717
0.364047
0.285487
0.379146
0.426576
0.192268
0.333881
0.406022
0.467041
0.333659
0.368758
0.476007
0.429947
0.41336
0.224581
0.366395
0.437723
0.262625
0.421974
0.359086
0.232553
0.0767431
0.367016
0.423736
0.41582
0.412959
0.33239
0.37331
0.545381
0.534615
0.370718
0.363716
0.379926
0.451222
0.403874
0.526041
0.397509
0.334381
0.411544
0.333695
0.380789
0.418838
0.423496
0.445599
0.377695
0.387725
0.424411
0.465978
0.351891
0.127491
0.525933
0.353938
0.503339
0.439623
0.35563
0.343547
0.401956
0.417049
0.298373
0.123786
0.366553
0.537717
0.359219
0.394578
0.410887
0.306802
0.432685
0.517726
0.431569
0.455538
0.402439
0.405122
0.420684
0.545938
0.407174
0.386158
0.515153
0.269223
0.526876
0.420072
0.542483
0.398322
0.35121
0.381877
0.418058
0.36856
0.341341
0.341253
0.435405
0.258877
0.419303
0.321767
0.403595
0.405782
0.274248
0.309892
0.400211
0.329648
0.365119
0.366164
0.512104
0.337143
0.220038
0.176131
0.531328
0.529638
0.382774
0.339981
0.464154
0.477852
0.426423
0.419851
0.52493
0.525417
0.432648
0.530978
0.325464
0.326841
0.159277
0.416435
0.25747
0.390098
0.383437
0.38365
0.473056
0.417972
0.396572
0.222123
0.375956
0.396011
0.251924
0.336031
0.334987
0.420725
0.33686
0.403495
0.324099
0.429745
0.401564
0.174064
0.321956
0.464302
0.445362
0.402408
0.424657
0.525699
0.393342
0.388327
0.395415
0.154221
0.228465
0.394499
0.377406
0.302475
0.226312
0.46891
0.365474
0.374059
0.519465
0.499135
0.423478
0.329565
0.433628
0.45744
0.381648
0.368824
0.278339
0.11088
0.484146
0.335347
0.467373
0.330261
0.51253
0.171388
0.510447
0.434346
0.548826
0.238599
0.356564
0.421724
0.316931
0.400338
0.530494
0.361521
0.389316
0.401542
0.515375
0.342267
0.248497
0.404988
0.435775
0.384701
0.40111
0.328572
0.394051
0.329535
0.421328
0.512563
0.550594
0.33992
0.304548
0.410242
0.277853
0.538417
0.180544
0.349512
0.376721
0.543792
0.393442
0.346315
0.41335
0.361942
0.347816
0.381999
0.441021
0.52385
0.309694
0.330184
0.534058
0.289155
0.255551
0.412009
0.481898
0.34954
0.316268
0.383109
0.417592
0.352762
0.42305
0.477077
0.413165
0.378417
0.358575
0.313741
0.429
0.428189
0.339927
0.508788
0.398966
0.387981
0.50779
0.400468
0.421159
0.44836
0.456926
0.444939
0.194594
0.372958
0.44875
0.377825
0.441889
0.374093
0.369155
0.404265
0.375098
0.442059
0.340207
0.421887
0.450561
0.48372
0.218529
0.105423
0.115845
0.275768
0.319579
0.102052
0.216855
0.163456
0.114714
0.398206
0.259654
0.254497
0.169882
0.34021
0.340024
0.1051
0.0523799
0.338252
0.1087
0.29729
0.241358
0.391101
0.396445
0.418844
0.319699
0.176174
0.35622
0.117413
0.296581
0.170812
0.227987
0.0946733
0.397492
0.168903
0.415834
0.334302
0.32991
0.212076
0.285073
0.215416
0.139369
0.20998
0.222458
0.424972
0.422206
0.390939
0.143074
0.211305
0.263542
0.261987
0.226669
0.215151
0.100016
0.135118
0.303125
0.217814
0.0612223
0.413153
0.0789736
0.399954
0.129462
0.41967
0.276376
0.126204
0.38714
0.354913
0.310118
0.309225
0.356829
0.122131
0.175102
0.17348
0.283513
0.308448
0.223285
0.292411
0.241278
0.407686
0.258889
0.267969
0.437566
0.273105
0.223442
0.199928
0.421804
0.316618
0.316961
0.075788
0.400908
0.145253
0.19654
0.30721
0.406023
0.268186
0.270854
0.188696
0.280077
0.123795
0.277848
0.126973
0.116437
0.159581
0.299945
0.199033
0.314599
0.187465
0.0746651
0.350405
0.147792
0.263152
0.295395
0.246084
0.304172
0.202896
0.269915
0.200176
0.236911
0.302988
0.104492
0.263553
0.128963
0.138729
0.340363
0.185919
0.305967
0.196525
0.106961
0.255223
0.225337
0.124888
0.297032
0.269803
0.328608
0.377268
0.0805131
0.34555
0.212343
0.313923
0.302517
0.234094
0.296354
0.0689218
0.167031
0.16493
0.282817
0.255266
0.311915
0.0739237
0.316854
0.299566
0.269233
0.20518
0.104753
0.0868597
0.277555
0.195409
0.0644379
0.249455
0.0880686
0.178755
0.324334
0.195796
0.324903
0.234543
0.304792
0.177714
0.203825
0.206291
0.340566
0.363828
0.192935
0.294154
0.0658189
0.119052
0.226634
0.167268
0.177793
0.327874
0.181656
0.238955
0.305041
0.189785
0.383774
0.304053
0.30035
0.156237
0.142844
0.365641
0.106664
0.0645945
0.239445
0.130028
0.0930478
0.138784
0.307425
0.144962
0.0965709
0.255522
0.298873
0.183543
0.286154
0.316219
0.419773
0.18433
0.212006
0.265927
0.244476
0.289602
0.0572607
0.406084
0.272763
0.415711
0.359095
0.274037
0.285273
0.282496
0.262378
0.150603
0.164761
0.36269
0.182356
0.165368
0.0768696
0.351578
0.417608
0.240375
0.354776
0.249073
0.290673
0.223905
0.252137
0.385696
0.070796
0.142722
0.409717
0.131274
0.301461
0.286952
0.203979
0.356497
0.243407
0.0891698
0.125945
0.340694
0.248922
0.236331
0.240409
0.288147
0.415923
0.214058
0.289516
0.134127
0.148698
0.248303
0.213873
0.293805
0.195404
0.346542
0.13412
0.279777
0.336176
0.273361
0.417866
0.197689
0.0713546
0.177503
0.255748
0.284246
0.288045
0.251666
0.237517
0.192998
0.182537
0.276575
0.24815
0.211451
0.223628
0.405741
0.272712
0.312898
0.175433
0.293373
0.407597
0.255682
0.398898
0.363052
0.205541
0.189031
0.105667
0.193331
0.180432
0.253024
0.328679
0.189308
0.102491
0.264441
0.181503
0.253922
0.0886157
0.0747913
0.54674
0.487696
0.521803
0.437489
0.373663
0.440803
0.4903
0.456416
0.471621
0.484674
0.475526
0.110877
0.453701
0.351795
0.480018
0.438522
0.457405
0.375926
0.472079
0.441411
0.138036
0.426398
0.350584
0.518867
0.428958
0.419976
0.349828
0.474544
0.368339
0.500643
0.548069
0.509758
0.518119
0.313747
0.432988
0.457595
0.527198
0.477819
0.499341
0.485465
0.409785
0.409785
0.469652
0.42995
0.173784
0.456009
0.413306
0.449519
0.472149
0.342258
0.431112
0.452243
0.476894
0.338878
0.44921
0.358793
0.456512
0.4621
0.35415
0.472149
0.063798
0.366845
0.338361
0.322328
0.344628
0.147481
0.356003
0.355937
0.382455
0.459632
0.480151
0.469306
0.351818
0.491364
0.451686
0.480168
0.451686
0.403415
0.355837
0.466246
0.455785
0.394778
0.442171
0.438447
0.364152
0.446961
0.377387
0.470716
0.249843
0.382515
0.434826
0.334307
0.41608
0.44526
0.396339
0.425876
0.469492
0.401587
0.120452
0.375082
0.525076
0.346525
0.471387
0.389421
0.46442
0.456146
0.47497
0.55099
0.397957
0.259697
0.453059
0.454205
0.360997
0.478913
0.455785
0.474976
0.368075
0.483306
0.408405
0.51048
0.456932
0.180813
0.37449
0.46154
0.247735
0.161467
0.200404
0.41111
0.371164
0.433104
0.434096
0.518329
0.427504
0.385135
0.53023
0.427998
0.415914
0.483174
0.458605
0.46154
0.426398
0.44465
0.44921
0.504637
0.443575
0.447985
0.351887
0.446961
0.502189
0.542852
0.457405
0.507691
0.477123
0.255992
0.127112
0.423094
0.473151
0.374646
0.476237
0.347578
0.53182
0.369136
0.459658
0.46442
0.51419
0.439232
0.469652
0.400386
0.462474
0.127112
0.508918
0.369444
0.474307
0.492952
0.311678
0.372361
0.42265
0.449493
0.560371
0.249843
0.547958
0.471387
0.542575
0.230892
0.460356
0.443574
0.501977
0.452185
0.472316
0.42816
0.446755
0.46831
0.469828
0.473326
0.47958
0.442545
0.434504
0.366299
0.369651
0.485595
0.412023
0.508816
0.181545
0.37259
0.143671
0.378705
0.411508
0.507256
0.411577
0.383321
0.45461
0.376174
0.513345
0.383298
0.432903
0.471627
0.516227
0.425145
0.418715
0.251845
0.475805
0.471802
0.459658
0.371482
0.494534
0.49168
0.41608
0.499295
0.453254
0.377387
0.566186
0.448554
0.449184
0.376206
0.140169
0.237636
0.176476
0.385555
0.366212
0.453254
0.321865
0.470716
0.46574
0.498441
0.376495
0.458927
0.497893
0.368337
0.261427
0.135451
0.482845
0.443114
0.350446
0.470872
0.491364
0.430778
0.362327
0.470872
0.445045
0.462197
0.468583
0.498357
0.384238
0.505985
0.453875
0.381807
0.483744
0.474452
0.355937
0.414814
0.454502
0.439825
0.397753
0.453511
0.484674
0.395589
0.542463
0.395898
0.466246
0.501909
0.447985
0.326857
0.46574
0.458806
0.52194
0.351135
0.523118
0.468583
0.386635
0.498266
0.386591
0.120452
0.5096
0.422183
0.431839
0.462197
0.568365
0.339545
0.367001
0.143671
0.345129
0.355153
0.101511
0.104121
0.122227
0.119897
0.0444815
0.0918871
0.116744
0.131856
0.0628993
0.109914
0.180917
0.140741
0.0475875
0.0914665
0.103175
0.0946244
0.189316
0.0610919
0.155809
0.0851821
0.139851
0.052977
0.148486
0.145171
0.0988641
0.0950044
0.0928808
0.132089
0.120935
0.137977
0.0401218
0.0745875
0.12417
0.0592752
0.0493993
0.0835182
0.189488
0.0742151
0.153315
0.0193531
0.026433
0.0796958
0.0573745
0.0871463
0.0842322
0.052668
0.106886
0.147369
0.0981798
0.130651
0.101111
0.14843
0.0866845
0.134526
0.0282533
0.0561583
0.0752629
0.114716
0.10231
0.0988569
0.0640683
0.126037
0.0689693
0.0746119
0.0682964
0.133026
0.166765
0.0951753
0.194111
0.0994201
0.112462
0.138237
0.131854
0.174458
0.0918636
0.245488
0.159192
0.117007
0.0943765
0.13202
0.0686908
0.179359
0.118557
0.0895754
0.190263
0.14861
0.072721
0.164315
0.112239
0.128217
0.111568
0.0583901
0.0889135
0.120396
0.11966
0.0569347
0.126617
0.100706
0.0721685
0.0805295
0.0999408
0.0896578
0.141577
0.118701
0.0410644
0.105239
0.136529
0.0662797
0.155648
0.0712675
0.112745
0.107745
0.10393
0.0989863
0.0354557
0.0382708
0.104307
0.0875984
0.165994
0.143645
0.0839641
0.154893
0.0680445
0.0337506
0.0518446
0.0260888
0.320639
0.0876724
0.161438
0.079989
0.0446547
0.136427
0.141109
0.104195
0.105409
0.126396
0.101672
0.145581
0.125278
0.166929
0.0574488
0.0922708
0.147937
0.0712806
0.100542
0.0716041
0.132058
0.0695604
0.0770759
0.0476847
0.0626254
0.0641894
0.103402
0.21376
0.0647363
0.0958294
0.130838
0.0794877
0.118535
0.129439
0.125428
0.170536
0.128954
0.0413914
0.0717373
0.1198
0.134097
0.149634
0.0482598
0.157271
0.0285873
0.103755
0.218755
0.132308
0.154181
0.103476
0.0528418
0.0497651
0.113083
0.0847321
0.0321383
0.125378
0.0744399
0.0552216
0.135474
0.108493
0.0751507
0.0721092
0.109684
0.0844965
0.155201
0.079198
0.16682
0.153867
0.0835973
0.065394
0.0603462
0.155352
0.0397245
0.0953582
0.0935297
0.0610718
0.149285
0.0364981
0.121478
0.0580239
0.0156201
0.0764
0.0616624
0.14348
0.0330247
0.157271
0.098604
0.144679
0.234765
0.0837054
0.030895
0.167304
0.10875
0.0881113
0.0590458
0.120806
0.0348964
0.067356
0.127599
0.0932645
0.14051
0.153236
0.0309106
0.141659
0.159141
0.146667
0.119384
0.104956
0.0890906
0.15932
0.133831
0.171368
0.118892
0.117564
0.0442843
0.0610781
0.0647015
0.200398
0.111283
0.0676953
0.100419
0.137452
0.135423
0.119529
0.109209
0.0549391
0.139533
0.0486591
0.0821414
0.152305
0.190214
0.167628
0.0883281
0.161471
0.169089
0.046746
0.23228
0.158497
0.12733
0.0212949
0.172554
0.0933653
0.139134
0.0981485
0.0716918
0.107921
0.0840593
0.151816
0.0822822
0.0982868
0.0533795
0.0673221
0.113006
0.0483664
0.206795
0.0294587
0.0649223
0.0936399
0.114095
0.0881828
0.0736205
0.127308
0.107587
0.110989
0.107557
0.0726262
0.107584
0.140475
0.138552
0.0893765
0.121157
0.0711285
0.128041
0.118709
0.0479168
0.106291
0.0978586
0.0957483
0.0238609
0.0733721
0.0787755
0.0721799
0.118332
0.130423
0.0995675
0.0616939
0.114885
0.0269567
0.200107
0.123938
0.178947
0.109042
0.12293
0.0877475
0.0641067
0.0847892
0.129629
0.100891
0.072202
0.0913827
0.0893101
0.0740613
0.102323
0.0962809
0.0311355
0.05885
0.0352829
0.0456564
0.0301153
0.140376
0.117115
0.170413
0.0946787
0.0512676
0.119416
0.0729331
0.157788
0.119627
0.166274
0.0318756
0.126667
0.152621
0.127469
0.104272
0.0921232
0.120149
0.136183
0.145768
0.083795
0.23945
0.044867
0.177065
0.10693
0.0473958
0.0394419
0.106972
0.140724
0.0295739
0.0983969
0.0627515
0.19452
0.0280156
0.0554738
0.100124
0.126611
0.148068
0.0346851
0.115695
0.0774664
0.100077
0.0848049
0.0352873
0.0404799
0.15299
0.11109
0.0608111
0.0838424
0.206926
0.137468
0.0980705
0.121269
0.119732
0.100963
0.0921662
0.18492
0.112546
0.197094
0.0818098
0.0856375
0.156881
0.0644322
0.0729521
0.0304295
0.0812273
0.0746382
0.0889542
0.0469448
0.153365
0.107001
0.089687
0.126134
0.105971
0.0987944
0.082161
0.0804083
0.058463
0.110289
0.132724
0.0166142
0.112058
0.0863298
0.152164
0.0932961
0.116601
0.0661958
0.0331377
0.103486
0.0903623
0.0269664
0.133126
0.095886
0.241001
0.094654
0.0681546
0.13695
0.195794
0.0332721
0.129642
0.0819006
0.117444
0.0359636
0.137991
0.0350055
0.110566
0.0967584
0.0969342
0.0816505
0.0546804
0.0305414
0.109066
0.0750135
0.0293478
0.104021
0.127328
0.103097
0.0757407
0.0614757
0.165144
0.130746
0.118682
0.199617
0.0217183
0.101118
0.0483041
0.107166
0.110033
0.0280264
0.125891
0.0793596
0.0547041
0.175308
0.141381
0.150256
0.101225
0.0734533
0.111194
0.0836566
0.0748783
0.19388
0.0999344
0.0708952
0.139877
0.140908
0.135786
0.107449
0.0549309
0.0386993
0.139892
0.113758
0.0340793
0.159926
0.0538234
0.145942
0.127518
0.119732
0.19213
0.192087
0.086388
0.153123
0.112095
0.106933
0.0468349
0.139922
0.116829
0.089876
0.150963
0.0689393
0.099691
0.0985973
0.147763
0.0640081
0.181982
0.101662
0.238184
0.145082
0.166406
0.113531
0.0981511
0.0639301
0.0628233
0.106819
0.0755909
0.0489538
0.111344
0.0879481
0.120465
0.136106
0.0989442
0.195629
0.108782
0.0555958
0.135364
0.150532
0.220642
0.0994797
0.122842
0.0804246
0.0804872
0.185535
0.0723256
0.16265
0.0777395
0.121498
0.0978772
0.084392
0.0639662
0.0881033
0.105848
0.104863
0.0405462
0.0936487
0.046661
0.158655
0.129239
0.0828929
0.127002
0.0428379
0.109293
0.138674
0.161549
0.0575234
0.0598593
0.0852775
0.0912948
0.0507158
0.0924541
0.0844036
0.0390374
0.122315
0.140416
0.130319
0.141543
0.110345
0.0856217
0.117811
0.123553
0.0328534
0.13952
0.210735
0.105087
0.042695
0.129555
0.0770469
0.139249
0.0847547
0.155543
0.0933983
0.0885372
0.104423
0.0910248
0.0707401
0.106225
0.119343
0.124413
0.115603
0.096342
0.0821704
0.101397
0.18267
0.0598227
0.151675
0.131651
0.048115
0.115097
0.0687071
0.0718034
0.0879745
0.134992
0.0533479
0.134119
0.081905
0.15338
0.187462
0.108653
0.120516
0.0655573
0.0393602
0.0737259
0.0528449
0.0951762
0.189244
0.122786
0.0996336
0.121726
0.138331
0.21152
0.0302298
0.161102
0.0760188
0.0757548
0.126737
0.102388
0.057039
0.155054
0.129331
0.019572
0.102633
0.0788822
0.044674
0.173838
0.0641055
0.0290944
0.093453
0.0746172
0.0170285
0.0444862
0.0782963
0.069686
0.0406053
0.0886171
0.148841
0.0618193
0.207057
0.109649
0.115179
0.0788204
0.121281
0.0910396
0.0301776
0.0858717
0.119794
0.0543394
0.0316604
0.137914
0.130941
0.158036
0.0868918
0.0571775
0.13033
0.0669208
0.0412513
0.128151
0.0830282
0.0297354
0.0935153
0.0713503
0.253167
0.0780616
0.209318
0.078779
0.108622
0.0396897
0.05357
0.0359887
0.0955215
0.0778249
0.0950584
0.182709
0.148027
0.527538
0.0966228
0.410915
0.143056
0.339995
0.173102
0.131587
0.451159
0.169808
0.255253
0.385327
0.0761859
0.216064
0.106784
0.317107
0.320722
0.167557
0.153545
0.115887
0.156084
0.090007
0.430298
0.0663243
0.110468
0.162045
0.0352848
0.161878
0.0847727
0.318121
0.438121
0.0641771
0.296748
0.403446
0.35167
0.128716
0.291701
0.300054
0.323055
0.213563
0.255285
0.0534126
0.0666772
0.209837
0.169126
0.212183
0.439172
0.336156
0.199457
0.36516
0.268386
0.116955
0.222428
0.12527
0.329689
0.16298
0.183494
0.227589
0.246352
0.236372
0.176381
0.205284
0.161267
0.18673
0.12439
0.0873996
0.20982
0.432505
0.323122
0.308052
0.108729
0.141378
0.161247
0.135323
0.285742
0.225292
0.315491
0.108105
0.279011
0.274868
0.108353
0.158288
0.178366
0.105632
0.413794
0.163826
0.0637392
0.195214
0.150092
0.419892
0.398981
0.14386
0.115637
0.269195
0.0505712
0.207672
0.421558
0.183289
0.222666
0.23826
0.0631995
0.0718225
0.272355
0.21531
0.189075
0.0361411
0.284889
0.128666
0.224602
0.408152
0.182961
0.119205
0.0918225
0.298751
0.36277
0.163742
0.213043
0.241168
0.173247
0.358687
0.196076
0.0738067
0.0404311
0.341017
0.377915
0.16588
0.182331
0.149123
0.12565
0.462842
0.237728
0.0766358
0.084386
0.171059
0.225177
0.207132
0.0747185
0.10804
0.394181
0.219592
0.416811
0.0849206
0.48281
0.296833
0.378339
0.17199
0.251804
0.341695
0.276749
0.179193
0.180334
0.426489
0.15725
0.383791
0.2405
0.209002
0.306171
0.0878602
0.460179
0.381015
0.113459
0.115278
0.136521
0.184046
0.0438523
0.105696
0.175946
0.467682
0.207751
0.138636
0.097208
0.207757
0.135206
0.155756
0.406549
0.0873822
0.16588
0.335499
0.0260014
0.0828789
0.136582
0.259485
0.0556735
0.226029
0.336008
0.274685
0.33394
0.253899
0.352617
0.254718
0.163911
0.37269
0.0802809
0.0687765
0.0956809
0.214076
0.278227
0.210312
0.39495
0.0997769
0.213948
0.223294
0.298272
0.0776816
0.280798
0.191458
0.0308525
0.335139
0.195171
0.167219
0.0715658
0.486743
0.1154
0.150167
0.319715
0.181792
0.136786
0.109922
0.10716
0.200445
0.133516
0.105197
0.386269
0.182107
0.451145
0.208555
0.227075
0.190438
0.130865
0.208489
0.107923
0.123246
0.0735585
0.192431
0.382226
0.0656497
0.461052
0.0841281
0.124036
0.343828
0.364783
0.165219
0.252755
0.290173
0.147307
0.322276
0.284714
0.390494
0.175011
0.342258
0.2599
0.468093
0.45444
0.117273
0.121487
0.237358
0.466802
0.34649
0.421159
0.236943
0.051983
0.28942
0.0742066
0.163985
0.437452
0.154853
0.279623
0.278161
0.0538262
0.36417
0.312434
0.133179
0.183296
0.296998
0.343854
0.132679
0.184811
0.386639
0.138961
0.248414
0.344783
0.165592
0.445975
0.182227
0.373437
0.20892
0.224282
0.0895026
0.266455
0.326799
0.114451
0.256539
0.0384968
0.144191
0.0325126
0.0480928
0.0632533
0.138686
0.128377
0.145798
0.428734
0.0956622
0.112225
0.184646
0.105043
0.0496863
0.0588826
0.322656
0.0621645
0.243793
0.147404
0.178492
0.098231
0.170941
0.146465
0.435296
0.0543196
0.304706
0.220625
0.357693
0.0798142
0.0371842
0.217788
0.0986335
0.112452
0.169664
0.201877
0.302451
0.045253
0.195189
0.162096
0.21273
0.265613
0.225594
0.16887
0.238318
0.374831
0.472516
0.137731
0.12195
0.22682
0.421858
0.390883
0.117652
0.27024
0.0530092
0.0489262
0.166484
0.297196
0.443565
0.432078
0.141082
0.158615
0.0651325
0.117194
0.346127
0.269504
0.495644
0.0859442
0.258092
0.226033
0.170297
0.0689542
0.199883
0.0535344
0.464243
0.433906
0.261752
0.370624
0.125884
0.282588
0.232946
0.17301
0.264159
0.437148
0.42075
0.098534
0.203134
0.277958
0.382509
0.189252
0.0711198
0.049265
0.144209
0.419665
0.0964107
0.36349
0.226318
0.0549756
0.156601
0.169141
0.285973
0.0853899
0.18681
0.215022
0.214662
0.233426
0.0722837
0.152083
0.183165
0.0326779
0.2652
0.238209
0.170101
0.0976333
0.193788
0.145502
0.277365
0.0830634
0.197484
0.126885
0.0706674
0.0740674
0.264986
0.0509444
0.0738052
0.370385
0.179919
0.231626
0.385442
0.106693
0.23215
0.145933
0.317906
0.124512
0.30607
0.435483
0.0785653
0.064236
0.302924
0.14006
0.151565
0.262343
0.440584
0.0198309
0.24788
0.427078
0.211147
0.264808
0.31137
0.0704309
0.146174
0.503367
0.379388
0.135866
0.168774
0.441085
0.122513
0.36821
0.161229
0.0452727
0.405518
0.0821204
0.0780709
0.0874683
0.305568
0.1346
0.205595
0.236691
0.115157
0.0844783
0.0741888
0.314061
0.277333
0.117006
0.220244
0.261298
0.237154
0.351156
0.247866
0.0376506
0.190756
0.161771
0.158001
0.201707
0.319343
0.0555732
0.123538
0.084763
0.118891
0.154772
0.246768
0.158709
0.418138
0.361058
0.232129
0.033886
0.125574
0.316669
0.35678
0.100379
0.215253
0.371267
0.254924
0.188194
0.0679211
0.111918
0.206008
0.167114
0.132188
0.378042
0.0710011
0.293194
0.281641
0.0843354
0.126075
0.266815
0.180106
0.0939192
0.161084
0.371318
0.0619906
0.214406
0.136316
0.254132
0.227594
0.148148
0.311758
0.209428
0.299532
0.166286
0.123683
0.432138
0.216103
0.094364
0.137792
0.175996
0.116029
0.423874
0.18368
0.320536
0.125695
0.302745
0.175916
0.0930467
0.23863
0.223648
0.224016
0.135512
0.124795
0.388252
0.205849
0.1691
0.0650037
0.203415
0.127162
0.247044
0.366867
0.0881946
0.0430912
0.364147
0.356526
0.18263
0.230332
0.0518217
0.141006
0.108621
0.18149
0.312394
0.408474
0.223754
0.0967593
0.247964
0.106983
0.202907
0.226223
0.207986
0.43642
0.0383794
0.365085
0.0945439
0.100572
0.165908
0.115189
0.444003
0.489452
0.129581
0.394922
0.0620767
0.42744
0.0942699
0.284801
0.165682
0.42304
0.363855
0.203133
0.14116
0.136566
0.215454
0.219587
0.343221
0.156785
0.260292
0.173416
0.148467
0.293282
0.13765
0.16583
0.424339
0.441865
0.409263
0.301911
0.405711
0.427638
0.149346
0.182782
0.161104
0.0959606
0.0491631
0.264791
0.0348241
0.292894
0.477405
0.217679
0.208696
0.440742
0.401481
0.0961747
0.210077
0.311275
0.0958001
0.397586
0.313793
0.21319
0.217199
0.20287
0.147385
0.11789
0.182807
0.189795
0.367555
0.294462
0.202826
0.11116
0.177919
0.1518
0.145681
0.172957
0.0978122
0.111108
0.260115
0.331622
0.131331
0.424359
0.190268
0.128708
0.0717541
0.148073
0.411972
0.0650727
0.197672
0.241661
0.138835
0.42182
0.324399
0.545226
0.199771
0.38699
0.183457
0.131628
0.272908
0.161961
0.143127
0.110563
0.102436
0.375278
0.06824
0.0829969
0.282174
0.18791
0.208923
0.132663
0.0974015
0.0720404
0.0319116
0.232502
0.200286
0.170182
0.0765797
0.213439
0.313656
0.243728
0.0894415
0.361456
0.148062
0.228768
0.0626641
0.186961
0.150753
0.0974721
0.0784108
0.181216
0.227619
0.230915
0.0997182
0.275866
0.297891
0.10336
0.0871806
0.143591
0.271634
0.382032
0.183851
0.0614717
0.121687
0.214715
0.144864
0.0730377
0.245922
0.105489
0.30003
0.0935111
0.0892295
0.195635
0.23313
0.0859377
0.24901
0.0941476
0.215971
0.290217
0.272015
0.168325
0.124657
0.264342
0.23476
0.194684
0.239393
0.0721402
0.114483
0.365907
0.269157
0.206431
0.109451
0.141715
0.171382
0.0930433
0.151187
0.122441
0.191357
0.163507
0.186463
0.167051
0.270056
0.161212
0.204565
0.114076
0.276449
0.0310064
0.180639
0.332056
0.282648
0.257955
0.150209
0.245556
0.114095
0.117664
0.0631427
0.101313
0.27547
0.258565
0.209641
0.12069
0.217262
0.11814
0.145812
0.139882
0.124635
0.0667922
0.385412
0.398294
0.172809
0.095684
0.203148
0.125491
0.266245
0.225246
0.22355
0.116739
0.123167
0.166274
0.183869
0.409867
0.125122
0.0966613
0.0630152
0.363551
0.138949
0.214613
0.135022
0.0847181
0.0570388
0.247861
0.0460023
0.164397
0.26402
0.182353
0.21088
0.18853
0.0709667
0.19741
0.163126
0.202353
0.24215
0.199768
0.297233
0.180971
0.204467
0.245994
0.348809
0.132738
0.147203
0.0821824
0.0769496
0.112176
0.0624404
0.148428
0.108804
0.0702151
0.215343
0.0352104
0.238983
0.213942
0.0653616
0.167414
0.0965164
0.261512
0.0831203
0.218145
0.172493
0.188792
0.359226
0.236956
0.223727
0.206634
0.136779
0.173249
0.159252
0.16055
0.07846
0.0954762
0.366558
0.12999
0.170122
0.126815
0.3495
0.32504
0.146799
0.11478
0.255683
0.0985785
0.128039
0.102385
0.0471452
0.268827
0.193331
0.213114
0.236468
0.217258
0.113022
0.096488
0.141423
0.139202
0.277844
0.343648
0.292581
0.0821064
0.073429
0.0959231
0.147007
0.134299
0.118252
0.0880218
0.260852
0.0432675
0.206439
0.328437
0.105128
0.259522
0.10242
0.120016
0.2681
0.191277
0.0314478
0.0882234
0.324959
0.206763
0.0748563
0.124308
0.305151
0.237908
0.0915403
0.181249
0.148952
0.231353
0.16358
0.344728
0.212284
0.287181
0.15093
0.0955635
0.0569593
0.211889
0.11743
0.164986
0.130502
0.190136
0.0828746
0.0975801
0.0703905
0.296851
0.326037
0.114273
0.120174
0.098294
0.235972
0.19144
0.340058
0.0557333
0.0619986
0.0979662
0.239538
0.234739
0.238253
0.198165
0.0721306
0.246409
0.175578
0.220984
0.0359369
0.156413
0.297189
0.0810778
0.0838804
0.386829
0.066615
0.230781
0.0917266
0.0949393
0.0867139
0.163908
0.0954351
0.144681
0.116352
0.250354
0.243832
0.238968
0.181935
0.071353
0.198386
0.0528744
0.138589
0.373071
0.233771
0.206735
0.0808135
0.339653
0.077048
0.14356
0.115642
0.134118
0.235418
0.257409
0.0874611
0.12523
0.22294
0.0688823
0.0566939
0.147448
0.140748
0.115289
0.138481
0.131174
0.366611
0.0862518
0.0593324
0.267353
0.143626
0.256609
0.280022
0.383252
0.0416125
0.429839
0.272933
0.0335236
0.102455
0.0794283
0.186005
0.214808
0.337626
0.0988272
0.0736991
0.140279
0.3353
0.148703
0.186305
0.0203746
0.114799
0.0893909
0.0857302
0.141684
0.0746654
0.186327
0.197088
0.322919
0.230722
0.183226
0.041678
0.137031
0.0884276
0.236805
0.17122
0.174559
0.373719
0.213125
0.227078
0.360685
0.10051
0.267895
0.102757
0.181392
0.221865
0.0405282
0.0944253
0.147252
0.183409
0.232987
0.111787
0.201292
0.0458587
0.19574
0.195554
0.194795
0.136387
0.28436
0.132284
0.0927519
0.256092
0.208707
0.060433
0.235114
0.205308
0.132366
0.326737
0.330443
0.190569
0.217275
0.222223
0.299685
0.354728
0.239401
0.0723548
0.242372
0.0541862
0.121616
0.151357
0.109474
0.171135
0.170413
0.0820333
0.0539957
0.24256
0.244314
0.313836
0.0648075
0.164319
0.153693
0.0735712
0.264187
0.164181
0.249192
0.0681487
0.113454
0.170905
0.141063
0.0576269
0.201263
0.22412
0.327539
0.171996
0.0665688
0.101233
0.0671333
0.129514
0.402093
0.261801
0.0767074
0.230387
0.108464
0.0836748
0.303884
0.22267
0.286612
0.392265
0.134125
0.0618137
0.0935395
0.0615725
0.101258
0.176722
0.111845
0.205259
0.129534
0.170035
0.301758
0.239502
0.12538
0.284068
0.143876
0.0384661
0.134701
0.362217
0.282464
0.117682
0.114925
0.166217
0.259495
0.151882
0.119363
0.115241
0.218149
0.350447
0.21678
0.21254
0.152607
0.286434
0.134635
0.0810186
0.220557
0.106099
0.225649
0.0587215
0.147555
0.194461
0.260608
0.159605
0.133891
0.0630687
0.196059
0.0856138
0.145317
0.188619
0.220806
0.0948488
0.147757
0.0528552
0.141502
0.148722
0.215976
0.193842
0.418876
0.195708
0.227702
0.254143
0.164549
0.128227
0.0816651
0.334969
0.0919932
0.162679
0.246164
0.178371
0.274274
0.0805863
0.281928
0.214191
0.113066
0.104775
0.162311
0.0827769
0.271218
0.0920798
0.235499
0.100938
0.0761061
0.106522
0.220864
0.103617
0.151333
0.179855
0.244549
0.197633
0.310281
0.360761
0.125324
0.188237
0.25603
0.269889
0.110749
0.208435
0.316865
0.152539
0.19509
0.141054
0.169923
0.124386
0.227089
0.170624
0.118493
0.233188
0.150904
0.209836
0.125038
0.0940587
0.404523
0.129325
0.157296
0.0564368
0.345459
0.206146
0.300399
0.31609
0.0483388
0.113033
0.1948
0.311676
0.0919889
0.106185
0.239156
0.211425
0.0455556
0.189167
0.0585742
0.086001
0.220478
0.365647
0.120156
0.315952
0.0802799
0.107069
0.105718
0.301348
0.0742012
0.136134
0.123269
0.100375
0.240338
0.147115
0.034042
0.0737692
0.108359
0.199085
0.270671
0.18573
0.219955
0.128231
0.0790457
0.0934299
0.0682995
0.128529
0.22711
0.156042
0.151222
0.14465
0.159078
0.24243
0.0967237
0.201006
0.231877
0.273413
0.079131
0.148691
0.229913
0.144644
0.161589
0.22824
0.169118
0.219466
0.151041
0.329288
0.131362
0.114671
0.0873927
0.366584
0.248299
0.169661
0.211699
0.261438
0.100692
0.237164
0.0852688
0.178015
0.179449
0.148417
0.115973
0.120536
0.167667
0.181204
0.306456
0.219923
0.0605237
0.165298
0.212493
0.0874149
0.248989
0.181341
0.210129
0.315119
0.127186
0.199831
0.114871
0.100203
0.31846
0.289928
0.0370557
0.0623519
0.220672
0.0486622
0.153234
0.121009
0.11539
0.317136
0.249412
0.244743
0.323957
0.160675
0.305318
0.202004
0.075375
0.104302
0.0894427
0.156678
0.401911
0.0389164
0.092206
0.0772772
0.330356
0.136815
0.165393
0.171537
0.0399809
0.296217
0.431374
0.14454
0.171568
0.121899
0.0702737
0.0338596
0.317627
0.253172
0.0727488
0.0757504
0.0959046
0.149948
0.294587
0.231861
0.169158
0.121444
0.253597
0.248748
0.0898136
0.0706313
0.163322
0.159199
0.0993987
0.135773
0.104174
0.198312
0.063354
0.107157
0.108584
0.164635
0.0980289
0.112942
0.129391
0.12591
0.208758
0.170432
0.12866
0.127978
0.0972188
0.163776
0.21926
0.237321
0.195861
0.191944
0.0998223
0.159755
0.140453
0.241503
0.0791896
0.242835
0.21029
0.139616
0.215711
0.081568
0.109502
0.0831113
0.0866658
0.117698
0.0625274
0.168145
0.0964023
0.0965379
0.152421
0.114573
0.150913
0.157102
0.234326
0.0849575
0.043845
0.0377262
0.0319527
0.235192
0.0790598
0.19692
0.205767
0.151082
0.157318
0.185473
0.358495
0.348804
0.0510643
0.126829
0.151473
0.110882
0.0774587
0.0402869
0.255491
0.274958
0.131312
0.175798
0.16695
0.184869
0.109616
0.20214
0.0847255
0.164382
0.0297765
0.232093
0.125242
0.216899
0.102714
0.133377
0.0790576
0.214338
0.119597
0.267375
0.105693
0.367374
0.118366
0.231497
0.111834
0.122606
0.0624239
0.0890148
0.0561643
0.102349
0.201486
0.112348
0.161239
0.128854
0.174936
0.197467
0.0860173
0.0997414
0.133562
0.0637048
0.083686
0.181168
0.122164
0.254376
0.172992
0.0684907
0.173539
0.220505
0.167966
0.0741974
0.199536
0.0385887
0.244626
0.132539
0.112581
0.0381345
0.187802
0.204621
0.191885
0.135286
0.0857846
0.0601237
0.169718
0.203001
0.166869
0.11484
0.0560895
0.137899
0.130557
0.172476
0.125349
0.135558
0.23245
0.194717
0.133421
0.087763
0.0915321
0.130312
0.056311
0.191961
0.141467
0.159486
0.200122
0.0690356
0.210317
0.180702
0.151626
0.102111
0.0799811
0.204403
0.0997229
0.153855
0.0295566
0.178371
0.239748
0.116632
0.136867
0.274073
0.16593
0.180702
0.152247
0.0921359
0.173643
0.0908242
0.166531
0.0779502
0.157121
0.175578
0.11491
0.062428
0.0684617
0.172097
0.267909
0.192529
0.0735732
0.08981
0.094967
0.110131
0.178013
0.27677
0.181679
0.305972
0.166786
0.173469
0.142766
0.155044
0.25133
0.135133
0.24104
0.170071
0.268088
0.0461285
0.273415
0.229013
0.204337
0.163652
0.150282
0.230191
0.196086
0.182922
0.130431
0.0689485
0.175978
0.283709
0.127569
0.0823419
0.0885994
0.124543
0.25205
0.0587004
0.280292
0.0888423
0.0553616
0.11375
0.213186
0.149088
0.118611
0.192376
0.342379
0.233079
0.180771
0.140615
0.0849813
0.0707788
0.0964114
0.0780922
0.311286
0.148396
0.218708
0.220882
0.0558
0.151532
0.220287
0.133082
0.23743
0.215208
0.0778131
0.0765039
0.241945
0.0892544
0.0585435
0.318354
0.155508
0.133354
0.232347
0.0875157
0.224135
0.164227
0.110152
0.225564
0.0702507
0.128662
0.267031
0.0648722
0.219617
0.179786
0.132427
0.0455673
0.232399
0.122904
0.0826467
0.172333
0.202149
0.106403
0.121781
0.103755
0.096002
0.118021
0.261242
0.300797
0.104939
0.100387
0.289293
0.162745
0.206795
0.235037
0.263456
0.0279744
0.286333
0.0852869
0.047285
0.0786528
0.147855
0.185131
0.183088
0.259432
0.289128
0.251553
0.185512
0.194957
0.196454
0.317422
0.25567
0.286253
0.0710905
0.14344
0.0342707
0.210987
0.0406639
0.14632
0.142649
0.111092
0.0724605
0.20597
0.0927003
0.0763815
0.212809
0.226072
0.0727197
0.29454
0.0665976
0.173254
0.16787
0.104135
0.0752828
0.111646
0.200079
0.272328
0.278435
0.125538
0.127528
0.181083
0.120056
0.228277
0.308841
0.316552
0.111213
0.121569
0.271391
0.284038
0.296045
0.0592563
0.123021
0.16161
0.107111
0.221514
0.311697
0.162423
0.071615
0.137776
0.34612
0.142155
0.231343
0.127641
0.0805881
0.167
0.14029
0.279982
0.113203
0.243479
0.124654
0.192585
0.185197
0.101028
0.256129
0.119327
0.191869
0.102187
0.131721
0.220316
0.269178
0.13366
0.179959
0.0810888
0.180307
0.0673109
0.122402
0.0460126
0.147564
0.175858
0.0956283
0.114603
0.0522605
0.0619779
0.161769
0.0467298
0.324138
0.142102
0.066643
0.14897
0.0528706
0.0448153
0.114694
0.180455
0.0594309
0.0685772
0.0879863
0.10883
0.168409
0.126258
0.340431
0.229556
0.209955
0.155694
0.108712
0.0401731
0.236414
0.0409665
0.163781
0.184268
0.0330137
0.112034
0.0697286
0.0733398
0.26432
0.155118
0.114371
0.291716
0.158768
0.235877
0.159122
0.140581
0.156631
0.109554
0.249392
0.138209
0.0904593
0.178814
0.202739
0.0910308
0.20361
0.0799275
0.118269
0.0404161
0.144656
0.172476
0.0750737
0.103164
0.17391
0.137587
0.167325
0.0874701
0.117315
0.135843
0.0575344
0.0765098
0.125876
0.092558
0.165751
0.183904
0.155331
0.0685593
0.168515
0.0877756
0.259199
0.249112
0.10937
0.0710606
0.11853
0.0795051
0.0909114
0.0827551
0.137172
0.093156
0.249728
0.132689
0.124058
0.260965
0.0564124
0.134766
0.0602209
0.126655
0.110813
0.128976
0.048751
0.0634314
0.0943723
0.278748
0.0777531
0.125444
0.0933026
0.213975
0.0755387
0.137529
0.0757093
0.141116
0.1573
0.140811
0.209814
0.127282
0.0418204
0.117467
0.134903
0.29807
0.179444
0.225881
0.10198
0.169925
0.21315
0.197217
0.105656
0.0700442
0.203194
0.318808
0.262284
0.151606
0.0643621
0.210518
0.105301
0.219646
0.0526799
0.233265
0.147679
0.0967581
0.121872
0.0664112
0.232818
0.0641542
0.169233
0.171007
0.0456017
0.318938
0.122356
0.128916
0.254681
0.245012
0.187942
0.0995784
0.197041
0.224675
0.0900091
0.134133
0.206713
0.245964
0.0478899
0.290106
0.186528
0.155103
0.0412568
0.093
0.082681
0.233261
0.253037
0.0608435
0.100843
0.179038
0.170114
0.205781
0.151684
0.158605
0.100149
0.0521256
0.295141
0.138405
0.116717
0.155462
0.154428
0.116752
0.232206
0.128368
0.25881
0.0673615
0.0594312
0.265714
0.07362
0.224294
0.101217
0.20441
0.0372381
0.0460504
0.177045
0.13208
0.207769
0.143051
0.17715
0.236083
0.188259
0.067388
0.134854
0.211139
0.0994602
0.22574
0.0587303
0.0600056
0.160145
0.0717435
0.184739
0.177069
0.301811
0.181736
0.20745
0.0966599
0.14411
0.259799
0.257199
0.201712
0.172171
0.143288
0.108996
0.269553
0.136546
0.120018
0.207654
0.269231
0.0449772
0.0954885
0.211932
0.104397
0.0546474
0.254804
0.129679
0.181594
0.0506107
0.196812
0.0594286
0.187833
0.0462898
0.086329
0.157044
0.0964406
0.157092
0.122759
0.172221
0.219696
0.0548542
0.018834
0.103914
0.10793
0.151662
0.251921
0.13652
0.0597088
0.223121
0.23883
0.254743
0.220465
0.236817
0.161661
0.126253
0.161582
0.215775
0.139653
0.075843
0.0440506
0.0642049
0.161125
0.0623804
0.0970017
0.165561
0.0719787
0.152149
0.183386
0.0648307
0.070002
0.250993
0.155157
0.200985
0.307348
0.0526928
0.0306759
0.0224997
0.0640534
0.0313272
0.08549
0.156203
0.0631922
0.0336296
0.0943006
0.0558301
0.0513003
0.0482918
0.0398955
0.0712183
0.0898241
0.0134029
0.0347553
0.0319587
0.0880631
0.0321201
0.0370675
0.0489005
0.0358017
0.0589812
0.0221241
0.0319351
0.0177999
0.0426622
0.175863
0.074138
0.0921516
0.109185
0.0291009
0.0378549
0.0548898
0.0711214
0.0363896
0.0426527
0.121682
0.197777
0.106144
0.0707348
0.116442
0.075689
0.0567733
0.0542442
0.0465895
0.095366
0.123983
0.0236435
0.0463805
0.0984487
0.0687552
0.0732411
0.196042
0.0787063
0.0178193
0.13606
0.0320326
0.031551
0.0569609
0.0129055
0.0866857
0.0683195
0.0217781
0.0366976
0.0449781
0.0258927
0.0595175
0.0664742
0.167297
0.100865
0.0396162
0.0972369
0.112962
0.0805142
0.0284287
0.0735987
0.0477402
0.0272141
0.0330059
0.0365169
0.14687
0.0521152
0.054351
0.0618246
0.107757
0.0424681
0.175861
0.0653194
0.132066
0.0665311
0.0308017
0.0213392
0.127861
0.0265512
0.0438297
0.120912
0.0837769
0.0294808
0.0541547
0.0388478
0.114563
0.0587067
0.143894
0.0277337
0.045582
0.110141
0.0561005
0.0323262
0.0507234
0.0709208
0.0638468
0.0422905
0.0370415
0.102986
0.143081
0.0173182
0.0443059
0.03234
0.0500895
0.0308123
0.01679
0.0246047
0.0323491
0.0673082
0.0260663
0.0717159
0.140001
0.0145213
0.0405635
0.0658227
0.0331809
0.191372
0.0837074
0.0470154
0.051061
0.0499622
0.0504641
0.0643066
0.0439748
0.0290504
0.0623192
0.0217338
0.0382502
0.0314308
0.0214163
0.0384923
0.05437
0.0603884
0.0272268
0.039078
0.0226075
0.133825
0.0426092
0.0802486
0.0480015
0.025118
0.0374418
0.133869
0.0577483
0.0627895
0.0563927
0.0587284
0.0845423
0.018483
0.0830185
0.11033
0.0632628
0.0753552
0.0295294
0.106991
0.042777
0.158394
0.0355229
0.136853
0.103502
0.168974
0.0872084
0.0471587
0.0339453
0.103588
0.0479911
0.102496
0.0959395
0.0587037
0.0722466
0.0494734
0.0954999
0.043736
0.157357
0.01801
0.0364776
0.0152483
0.0638467
0.0639748
0.0251588
0.0306112
0.0532495
0.0566977
0.0698119
0.0537555
0.106517
0.0757503
0.151282
0.0537474
0.0328972
0.161567
0.0791013
0.0500743
0.0957865
0.024602
0.0221747
0.145584
0.0506635
0.0410616
0.0523028
0.102118
0.0753576
0.082148
0.0815207
0.0153803
0.0541043
0.0734005
0.169992
0.180653
0.033675
0.0735614
0.0369888
0.0302938
0.191902
0.112677
0.0515109
0.0272941
0.0615384
0.0549953
0.107878
0.029922
0.0219422
0.0132232
0.0606622
0.0294793
0.0684674
0.0410819
0.0213247
0.0343075
0.0953518
0.0797156
0.176866
0.123488
0.03345
0.0663292
0.0940947
0.0762401
0.0705156
0.0170823
0.0221761
0.0628306
0.0492798
0.0783558
0.0674111
0.0498338
0.0545495
0.0374121
0.105157
0.0865718
0.0886881
0.0750375
0.0573737
0.0687178
0.0830161
0.0761801
0.058041
0.0408716
0.147146
0.0985142
0.0876727
0.0387919
0.160456
0.041866
0.135547
0.0743856
0.0201781
0.030987
0.05479
0.0805992
0.0197191
0.0393266
0.0441106
0.0470014
0.0721885
0.0522604
0.0942005
0.0549799
0.022986
0.168295
0.0120009
0.050255
0.0765075
0.0924528
0.080455
0.0796729
0.056191
0.132692
0.176079
0.0697263
0.0293719
0.0632565
0.0804525
0.109646
0.0426632
0.0497648
0.0386296
0.0212799
0.218454
0.0286472
0.0690217
0.0615723
0.044823
0.0761488
0.0374533
0.0863917
0.0321524
0.0231501
0.0719122
0.0244364
0.0401925
0.0271137
0.0576983
0.038077
0.164762
0.0439526
0.120295
0.0853458
0.0755473
0.126201
0.0394413
0.0976885
0.0402415
0.0787251
0.0436388
0.0212564
0.0307867
0.035534
0.038851
0.0210954
0.0383617
0.0220141
0.0911681
0.0972042
0.0468455
0.0347153
0.0330032
0.0460293
0.0145708
0.0902314
0.172921
0.0169537
0.0250216
0.0279309
0.0786461
0.0386549
0.0450183
0.0710007
0.057747
0.0274678
0.0700885
0.0431507
0.0271197
0.0185624
0.0379242
0.0877393
0.0919011
0.0810044
0.10031
0.209126
0.0137539
0.0326145
0.0282151
0.0223767
0.144123
0.0884198
0.142185
0.0521303
0.0724534
0.0747249
0.0394946
0.0660282
0.0140567
0.0393011
0.0235298
0.0798295
0.0189301
0.0355311
0.0744941
0.0877481
0.0323642
0.0775145
0.0353509
0.0433867
0.0358301
0.0303074
0.0497246
0.0435871
0.0617975
0.0280967
0.20367
0.0956718
0.113914
0.0838713
0.0324008
0.11728
0.0681954
0.0751031
0.0884933
0.0244854
0.203458
0.0859317
0.0354908
0.025465
0.0468276
0.052753
0.026032
0.161668
0.0482691
0.0925712
0.0403558
0.0104967
0.0428436
0.0546851
0.0340688
0.078219
0.0376376
0.0540671
0.0658291
0.0182432
0.0962072
0.138087
0.0149913
0.0405233
0.0133776
0.0403969
0.0382895
0.0445827
0.00992144
0.0104652
0.0460542
0.0289418
0.0245263
0.0618537
0.0573657
0.0600003
0.0694055
0.096718
0.00950625
0.123952
0.0221213
0.0264615
0.037141
0.0380688
0.0396022
0.0305446
0.110645
0.025781
0.0365
0.0257171
0.0488216
0.10123
0.0563472
0.148357
0.0306233
0.0521932
0.0224569
0.0624813
0.0844133
0.0882135
0.0734365
0.0588425
0.0527003
0.122108
0.0728384
0.0707758
0.0590254
0.0841874
0.0279945
0.0904673
0.0334348
0.154118
0.0267688
0.0584709
0.0409896
0.0385867
0.0344743
0.0324712
0.118037
0.0234415
0.0493098
0.0980856
0.0119724
0.0565151
0.0959884
0.0598297
0.0387851
0.0675628
0.0648331
0.0854204
0.0397522
0.0201064
0.0812754
0.0808259
0.0445237
0.0743659
0.0311799
0.0404088
0.0580614
0.0493993
0.0148132
0.0589659
0.0676492
0.0995828
0.123656
0.0257504
0.0798783
0.0613428
0.0752444
0.00997174
0.0289866
0.0537468
0.0534959
0.0711691
0.0393993
0.077383
0.0496219
0.0208044
0.109504
0.0865649
0.141239
0.0221564
0.0518629
0.0482607
0.101165
0.0394461
0.0285563
0.0723126
0.0563071
0.012734
0.0998483
0.0864145
0.179771
0.0279961
0.136388
0.0377064
0.0159195
0.0607293
0.0570669
0.0349083
0.0309883
0.117357
0.0808347
0.057651
0.123671
0.0220038
0.0715731
0.0713123
0.0447554
0.086645
0.0615438
0.0437576
0.0408659
0.152019
0.0732189
0.0225483
0.0734063
0.0292164
0.135088
0.0711484
0.0991322
0.0746767
0.200765
0.0742722
0.0726008
0.115579
0.158887
0.0400105
0.0586741
0.0710181
0.156943
0.0586978
0.0460558
0.109977
0.0140209
0.0566066
0.0520362
0.0416017
0.0332247
0.0320072
0.0312637
0.0333953
0.0255303
0.173404
0.0266351
0.0927897
0.0315208
0.058751
0.0696948
0.0995097
0.00905278
0.0289612
0.061387
0.0284685
0.0740223
0.030777
0.0192706
0.0237186
0.139388
0.0437082
0.0685484
0.0602497
0.11966
0.0189314
0.0397516
0.0356233
0.0406785
0.0557247
0.0669096
0.0934358
0.0167198
0.0514186
0.0642225
0.0557125
0.07602
0.038235
0.0295762
0.0713597
0.072529
0.0734756
0.0129625
0.0408084
0.0362163
0.191046
0.0388237
0.0229696
0.151026
0.0214831
0.0603853
0.118472
0.0377922
0.231077
0.0100178
0.0381836
0.0507477
0.221022
0.0528764
0.092188
0.089135
0.0307746
0.0344064
0.0506469
0.0380101
0.110304
0.0507507
0.0524032
0.0335846
0.125921
0.164445
0.0531787
0.0436852
0.00919982
0.030651
0.0503008
0.028431
0.0160936
0.0797106
0.0872506
0.0222659
0.424026
0.0793142
0.0778309
0.110382
0.0788365
0.178815
0.0375336
0.203103
0.132363
0.131836
0.244639
0.131404
0.163388
0.0536457
0.0351045
0.0645871
0.0902001
0.0683687
0.161544
0.0747085
0.0823299
0.154218
0.0402431
0.110282
0.0683552
0.0669074
0.122142
0.0491753
0.0477563
0.0411549
0.144375
0.0702785
0.0623941
0.197722
0.0945203
0.154399
0.138463
0.071318
0.103736
0.152857
0.0836039
0.133979
0.10794
0.228028
0.13966
0.137831
0.140106
0.0409506
0.0570242
0.0408124
0.0397385
0.115062
0.0467991
0.108149
0.152272
0.0632909
0.068898
0.0510123
0.120195
0.114194
0.0602731
0.118183
0.0422648
0.182724
0.13358
0.0703006
0.106157
0.0304617
0.0237273
0.13825
0.202655
0.215253
0.0446084
0.0398289
0.084735
0.0804564
0.161767
0.0722227
0.0605594
0.212305
0.0523376
0.0731495
0.0860355
0.0426007
0.063192
0.0950679
0.206982
0.0707071
0.0543301
0.078809
0.102517
0.23817
0.0616596
0.0480313
0.0725607
0.118355
0.0923854
0.165152
0.0556994
0.0733932
0.0641493
0.0921181
0.140783
0.124029
0.187204
0.145865
0.177719
0.187107
0.0964135
0.0360447
0.0512419
0.194012
0.0720672
0.208952
0.115758
0.197454
0.0514298
0.0652109
0.125172
0.0962566
0.105667
0.148279
0.0599493
0.0461589
0.145847
0.0794765
0.0332221
0.114074
0.0547208
0.0329834
0.128462
0.137861
0.277714
0.0712075
0.041768
0.171853
0.042979
0.0303037
0.102323
0.0975814
0.195051
0.0548959
0.0288383
0.034128
0.0586776
0.11318
0.093038
0.16719
0.0939329
0.177618
0.0616632
0.100347
0.0838325
0.0564485
0.149275
0.0497144
0.0317842
0.161199
0.0989995
0.129791
0.0757031
0.0621433
0.0811541
0.203358
0.135432
0.0822461
0.12132
0.101943
0.25259
0.0481717
0.0222202
0.207017
0.0464015
0.0398526
0.10614
0.0613533
0.153348
0.0726961
0.129601
0.108609
0.0428942
0.0887111
0.0333273
0.17575
0.0755082
0.0545233
0.198863
0.0881833
0.100263
0.114757
0.257699
0.0634292
0.0869673
0.022545
0.186257
0.114199
0.15075
0.146088
0.121147
0.0542496
0.126358
0.0346511
0.14497
0.0752832
0.0727393
0.109228
0.0815185
0.0897838
0.0428282
0.0322666
0.141189
0.146749
0.0946665
0.0493779
0.236829
0.0497516
0.141803
0.0803381
0.150785
0.0293803
0.0716275
0.112086
0.087139
0.241967
0.0822879
0.120184
0.239432
0.0914156
0.0363557
0.0471961
0.050403
0.0311929
0.0791037
0.0168866
0.111737
0.046327
0.0496277
0.147409
0.12464
0.0356666
0.0574915
0.09021
0.0535219
0.166322
0.226154
0.0547817
0.0980865
0.075789
0.0808276
0.151045
0.117238
0.188389
0.127293
0.0951431
0.10448
0.144549
0.140772
0.0326949
0.0267522
0.033909
0.115176
0.165862
0.212818
0.107816
0.181928
0.0616357
0.126992
0.0778848
0.0440497
0.0803505
0.132283
0.0398685
0.135236
0.14261
0.0476814
0.110872
0.138899
0.0807861
0.157484
0.117639
0.0349998
0.109939
0.189621
0.0997451
0.161173
0.0580776
0.128553
0.2424
0.224112
0.0662529
0.101393
0.0531869
0.101117
0.100954
0.134708
0.208488
0.111969
0.0698909
0.0970014
0.199919
0.301636
0.114207
0.0945029
0.102643
0.0723321
0.0818554
0.0379162
0.0569542
0.1653
0.0404543
0.0212658
0.0384233
0.219093
0.050504
0.0475301
0.119811
0.11677
0.108335
0.0806449
0.115831
0.0571332
0.0116793
0.112715
0.0515009
0.119245
0.123177
0.0335855
0.0307739
0.0543808
0.0699746
0.0555237
0.0487954
0.10477
0.17476
0.0714217
0.116278
0.0562562
0.0685893
0.0234125
0.0428632
0.0641361
0.114329
0.0936896
0.0408825
0.0511945
0.147464
0.112916
0.155822
0.198967
0.0706926
0.056026
0.0400954
0.0964686
0.037745
0.102483
0.191379
0.0568006
0.0334082
0.0611484
0.0140597
0.209649
0.0828767
0.176375
0.130335
0.157979
0.140818
0.13355
0.170077
0.0883557
0.0671667
0.0816378
0.12675
0.272146
0.0378232
0.140825
0.0524944
0.132852
0.0804948
0.0641067
0.0998046
0.163571
0.0470333
0.137164
0.143245
0.0480004
0.0430979
0.0540031
0.0859095
0.224603
0.0591778
0.100502
0.193961
0.045532
0.0207327
0.100898
0.127988
0.108918
0.151947
0.226506
0.11312
0.0585362
0.143391
0.0664417
0.119397
0.109582
0.222254
0.158725
0.0290218
0.106738
0.0949135
0.199975
0.142137
0.0612218
0.219206
0.114609
0.0291512
0.182025
0.0486284
0.200339
0.0503673
0.057346
0.135442
0.0776066
0.100907
0.0618933
0.142041
0.115192
0.187818
0.131052
0.124985
0.1026
0.0558232
0.0805349
0.130726
0.0630579
0.210313
0.264103
0.132162
0.141983
0.110224
0.0458839
0.12744
0.117709
0.056704
0.0559549
0.112934
0.156523
0.177168
0.0894218
0.0910148
0.0677641
0.0453045
0.106819
0.122875
0.0897658
0.0368388
0.0379394
0.173541
0.176138
0.0787771
0.254861
0.066525
0.0375996
0.0575214
0.0502002
0.0336459
0.0824571
0.155636
0.0406549
0.0804075
0.071444
0.0856366
0.0585643
0.107771
0.0435641
0.137622
0.0390816
0.0442966
0.050996
0.0982511
0.0479373
0.0803775
0.0362235
0.02613
0.0441404
0.0282788
0.0522733
0.0562922
0.164459
0.0531192
0.127706
0.0279012
0.124254
0.0568513
0.0448266
0.0813377
0.0686344
0.0891053
0.109792
0.0955579
0.142134
0.220331
0.16398
0.158075
0.117722
0.0501347
0.145065
0.0562104
0.0511315
0.0319352
0.137793
0.301542
0.0612099
0.0916794
0.110797
0.116762
0.0698748
0.0593017
0.141779
0.138944
0.173366
0.0502452
0.0374267
0.243197
0.0459936
0.0567396
0.12902
0.130291
0.203958
0.0427433
0.193092
0.0285111
0.184208
0.162335
0.109631
0.151111
0.085016
0.107374
0.040378
0.055947
0.038908
0.0757657
0.107215
0.11274
0.0946919
0.0470679
0.0500917
0.0173308
0.120149
0.196365
0.0807453
0.0641219
0.0751464
0.0606816
0.114062
0.0727448
0.0534898
0.0497259
0.0566585
0.125339
0.0781903
0.034704
0.0347245
0.116713
0.133233
0.0400207
0.11802
0.0670116
0.266391
0.0483343
0.0224347
0.170323
0.0623986
0.18035
0.0866777
0.0626119
0.173083
0.0415275
0.0581079
0.137746
0.162299
0.159383
0.100922
0.173462
0.0403688
0.109484
0.0816334
0.116225
0.126085
0.0868503
0.072426
0.14692
0.0796662
0.111088
0.0860117
0.183139
0.0819786
0.0629225
0.181617
0.044405
0.105529
0.0718038
0.110229
0.0622365
0.0565755
0.221898
0.0965114
0.113474
0.0615045
0.0336236
0.0672835
0.100559
0.0490217
0.0567616
0.0604353
0.107336
0.141297
0.0633935
0.160751
0.112489
0.0500768
0.0347121
0.103494
0.208635
0.078717
0.128539
0.0892983
0.133341
0.136116
0.0249794
0.0648363
0.13391
0.0435474
0.0533148
0.0582042
0.0841678
0.174051
0.136467
0.126357
0.058476
0.303027
0.211093
0.0811134
0.163014
0.0706421
0.0544421
0.0779982
0.0482402
0.0394936
0.0588883
0.0303913
0.0984834
0.164619
0.0641536
0.129774
0.0270209
0.150849
0.0590656
0.0600071
0.10937
0.573888
0.090788
0.363651
0.19105
0.069342
0.334742
0.044933
0.102096
0.296001
0.0234535
0.0768334
0.101108
0.175639
0.227945
0.367782
0.10076
0.29579
0.104237
0.0737522
0.278297
0.168453
0.111384
0.2542
0.258818
0.175273
0.0367218
0.125997
0.176757
0.157302
0.216504
0.139491
0.377776
0.262233
0.0854313
0.337024
0.212628
0.0143744
0.323814
0.270577
0.386744
0.338651
0.257872
0.193938
0.0520212
0.0855612
0.190501
0.296894
0.0364316
0.141493
0.18008
0.198551
0.315342
0.14208
0.128476
0.227757
0.0384118
0.155111
0.0760205
0.364978
0.31228
0.173087
0.345278
0.406443
0.218467
0.356729
0.163439
0.205176
0.100688
0.0861175
0.118334
0.0827579
0.303002
0.0326092
0.0747593
0.126278
0.2268
0.0522523
0.198914
0.153474
0.123662
0.127729
0.0524725
0.0943285
0.310117
0.208399
0.241792
0.133528
0.122135
0.37999
0.0564374
0.135377
0.183302
0.153279
0.311056
0.189141
0.372825
0.163141
0.0455269
0.298704
0.0568639
0.094536
0.0566508
0.360317
0.0508415
0.149715
0.0881131
0.19824
0.181705
0.212506
0.0583237
0.150108
0.15521
0.416365
0.174208
0.0291953
0.1348
0.0868534
0.133738
0.108507
0.206092
0.0932821
0.0916394
0.160613
0.212697
0.255837
0.360784
0.385164
0.35832
0.132103
0.196122
0.132498
0.163601
0.152336
0.0205828
0.255379
0.132327
0.0530912
0.238161
0.0701894
0.283005
0.220387
0.186724
0.166818
0.168606
0.131206
0.335858
0.248694
0.129182
0.175504
0.154981
0.211664
0.351088
0.108141
0.0666011
0.305764
0.230171
0.124345
0.253411
0.0517863
0.105925
0.118555
0.106327
0.0689809
0.25498
0.0925705
0.07655
0.31659
0.143846
0.321479
0.143534
0.15817
0.345145
0.0591061
0.109007
0.343948
0.229231
0.153633
0.288082
0.15442
0.091968
0.116699
0.12221
0.240803
0.166501
0.173051
0.134313
0.196766
0.248338
0.0224932
0.17743
0.265168
0.145994
0.12653
0.212912
0.351843
0.0584838
0.0495464
0.015695
0.283332
0.125695
0.238561
0.318094
0.239481
0.167214
0.0316464
0.0569318
0.304234
0.0389051
0.0944494
0.281446
0.331072
0.179761
0.139824
0.293763
0.135447
0.376657
0.103803
0.154291
0.164366
0.052791
0.19241
0.154791
0.0833035
0.219146
0.316383
0.2961
0.0910989
0.184178
0.161955
0.0400475
0.25109
0.151754
0.285864
0.0740939
0.234104
0.124694
0.10007
0.289907
0.150563
0.142059
0.0152358
0.16491
0.0577608
0.0610732
0.270015
0.193459
0.0995926
0.315578
0.149499
0.330657
0.264241
0.209872
0.328837
0.112478
0.132535
0.0907221
0.221758
0.352378
0.0955615
0.225663
0.28757
0.374234
0.270256
0.0338879
0.162419
0.102822
0.168457
0.109765
0.168316
0.109431
0.191597
0.131481
0.183424
0.369838
0.173896
0.0769568
0.198484
0.125061
0.0196554
0.23833
0.18034
0.275893
0.313003
0.0803404
0.160694
0.0809046
0.135459
0.120563
0.0512988
0.161405
0.185444
0.0784398
0.161253
0.0492316
0.142823
0.283853
0.119679
0.154858
0.186803
0.203246
0.107355
0.234239
0.297555
0.0752504
0.110362
0.104359
0.248817
0.147924
0.234153
0.358433
0.368404
0.293316
0.0377798
0.288749
0.249931
0.157418
0.0605345
0.380597
0.22598
0.0279056
0.202117
0.10542
0.330249
0.288891
0.159185
0.0572755
0.16771
0.182989
0.0310375
0.354651
0.105609
0.311626
0.191393
0.0938407
0.240095
0.294045
0.228833
0.22508
0.0787087
0.325634
0.241685
0.138001
0.225244
0.00926543
0.123675
0.143641
0.10727
0.307626
0.0564323
0.149262
0.112648
0.166537
0.229156
0.210202
0.117243
0.196878
0.175088
0.28242
0.168666
0.192589
0.126959
0.0955461
0.269669
0.171331
0.10094
0.127674
0.0726782
0.226308
0.0558343
0.0967338
0.159832
0.213341
0.135012
0.21138
0.283624
0.0475263
0.282124
0.175787
0.0534646
0.278659
0.219098
0.114705
0.0284454
0.108373
0.0942485
0.293204
0.113675
0.153218
0.311685
0.0552983
0.0399015
0.108239
0.172404
0.162104
0.0925134
0.245221
0.221801
0.0504609
0.0913235
0.0517832
0.0940426
0.289504
0.241044
0.115816
0.299546
0.170254
0.133651
0.162291
0.266579
0.230469
0.230248
0.132587
0.230804
0.184758
0.030102
0.191761
0.0843079
0.319244
0.196561
0.214323
0.127998
0.074854
0.0914698
0.186768
0.227684
0.209333
0.169289
0.30506
0.315055
0.125703
0.0788685
0.122497
0.196058
0.323237
0.114747
0.0522484
0.321025
0.282817
0.153155
0.108275
0.376679
0.0785633
0.125671
0.0653082
0.072911
0.209302
0.0968538
0.19848
0.0421101
0.177806
0.0504577
0.306732
0.123183
0.196197
0.266599
0.158105
0.143003
0.256505
0.106176
0.196065
0.227115
0.279192
0.202081
0.0908066
0.201754
0.164641
0.185095
0.242039
0.337314
0.366591
0.267116
0.142563
0.106319
0.192353
0.189817
0.0870131
0.165488
0.283268
0.0329169
0.143435
0.30908
0.0596966
0.11596
0.180508
0.176208
0.099168
0.242018
0.291652
0.163727
0.0416399
0.0269511
0.207904
0.268543
0.182686
0.150938
0.14083
0.18458
0.0426402
0.213175
0.23747
0.295154
0.0928605
0.280091
0.112052
0.103699
0.24817
0.118471
0.129765
0.143565
0.0886053
0.298753
0.242485
0.0287547
0.114632
0.0992259
0.062895
0.210917
0.407111
0.0911211
0.155086
0.171591
0.272019
0.0848272
0.0942216
0.141023
0.191319
0.285273
0.0989254
0.100235
0.141503
0.0394422
0.151767
0.0615014
0.299603
0.386132
0.256244
0.231963
0.138492
0.370381
0.275918
0.107254
0.301219
0.133389
0.17752
0.273484
0.0444315
0.218161
0.124339
0.154057
0.212095
0.0548878
0.300696
0.255013
0.0937253
0.0219256
0.168814
0.15097
0.0937932
0.151785
0.0444175
0.0875193
0.123766
0.0514796
0.278434
0.0595464
0.19149
0.242379
0.231342
0.0870803
0.25363
0.104846
0.0432538
0.108656
0.283496
0.0526217
0.10736
0.135882
0.0618569
0.273527
0.347225
0.227177
0.351788
0.351999
0.141978
0.206477
0.204369
0.13824
0.148581
0.377188
0.262372
0.101563
0.286583
0.280851
0.298558
0.137952
0.241043
0.073103
0.0354169
0.286744
0.058034
0.118917
0.0963828
0.0418589
0.362878
0.228026
0.191023
0.0725182
0.178007
0.208171
0.188818
0.340711
0.370442
0.217285
0.120387
0.165154
0.208551
0.030571
0.205456
0.0956921
0.189778
0.175728
0.412025
0.172541
0.0557958
0.0505355
0.0666733
0.226991
0.183737
0.12405
0.277201
