length  quantile05  quantile50  quantile95
50      0.331       0.471       0.560
100     0.364       0.488       0.571
150     0.396       0.505       0.581
200     0.424       0.518       0.590
250     0.444       0.529       0.598
300     0.458       0.536       0.604
350     0.465       0.541       0.608
400     0.470       0.545       0.609
450     0.474       0.547       0.609
500     0.476       0.548       0.607
550     0.479       0.549       0.606
600     0.482       0.550       0.605
650     0.487       0.551       0.604
700     0.491       0.552       0.604
750     0.494       0.553       0.603
800     0.496       0.553       0.602
850     0.496       0.553       0.601
900     0.495       0.552       0.600
950     0.494       0.551       0.599
1000    0.493       0.550       0.598
