ID    V          R    A
1EJG  0.301503   46   327
3ADG  0.301578   72   579
3V1A  0.303332   48   386
3EO5  0.303873   169  1268
4CVD  0.306074   48   370
2CJJ  0.306084   63   512
4ABM  0.309703   158  1293
4BXP  0.310593   170  1371
1Z96  0.312757   38   270
1GK6  0.313001   107  870
4YVO  0.318069   119  929
3E1R  0.319644   101  859
3E21  0.320132   40   309
2CMP  0.320775   56   435
4ZC3  0.323387   57   431
4WFT  0.324809   94   750
1NG2  0.326133   176  1414
2AP3  0.327751   192  1565
2QT4  0.32777    95   674
1KU3  0.328187   61   483
2J5Y  0.330223   61   480
1WU9  0.330334   126  1030
2ERW  0.330607   53   402
3K3V  0.332275   79   639
4G3O  0.332834   53   432
2SPC  0.334258   214  1726
2UWI  0.340078   127  946
4L0N  0.341528   102  856
1DVO  0.341753   152  1219
3WVT  0.341772   102  754
2PST  0.341872   61   509
3HRN  0.346693   189  1515
3NRX  0.346988   123  1061
3VP8  0.349216   310  2623
4GCO  0.349917   120  978
1JMW  0.350208   146  1142
3LF9  0.352157   120  907
1WPA  0.353646   107  906
4EO0  0.355397   106  822
1ZW0  0.359039   124  976
3NGG  0.361547   46   351
4Y6W  0.362      422  3350
3JU0  0.363215   95   737
3C5R  0.364248   125  970
2GOM  0.364535   121  987
4WNE  0.368277   345  2616
4QUC  0.36888    56   461
3UPV  0.369082   132  1038
3RDY  0.370412   67   494
4RWU  0.370555   81   643
5DFG  0.372059   116  852
4ZHW  0.372287   110  840
5JX1  0.372391   128  1082
3CA7  0.372565   50   402
1WWC  0.372633   105  857
2QBV  0.374517   146  1146
1OQW  0.375546   144  1053
2FBN  0.376113   304  2504
4FZO  0.376428   162  1314
1Z0P  0.376565   146  1222
1XAW  0.377625   107  904
1HOE  0.377747   74   558
4RUG  0.378311   86   672
4R3Q  0.378787   138  1115
2V9A  0.379582   420  2992
3NX6  0.380551   75   559
3M9Q  0.380699   89   746
1YPC  0.381628   64   502
4NPF  0.382078   116  937
1KLX  0.382568   133  1029
1TEJ  0.385612   125  940
3T47  0.386069   71   573
1T2I  0.386732   96   753
1CUN  0.386837   639  5136
3LT7  0.387615   174  1397
2FJZ  0.38771    59   475
2VE8  0.387828   67   520
3Q49  0.39068    139  1121
2D4X  0.391705   214  1592
1YP5  0.39316    58   450
3ONJ  0.393697   97   752
1WT6  0.394038   195  1613
2VC8  0.394496   72   541
5E10  0.395244   133  965
3HTU  0.395703   110  916
3M91  0.396757   152  1210
1PGX  0.397213   70   529
4J2C  0.398521   120  971
3E7R  0.398594   40   302
2OCH  0.39959    66   534
3RQ9  0.400438   162  1271
1NG6  0.400453   148  1169
1RFY  0.401257   178  1370
1TG0  0.401847   66   540
3CQT  0.401853   58   471
2END  0.401858   137  1129
1OAI  0.402478   68   542
5EQZ  0.402801   138  1054
1LPL  0.402985   95   727
1DTJ  0.405043   74   525
1RSS  0.405248   140  1126
2QPW  0.405356   147  1183
4MT8  0.40557    196  1545
2F15  0.405654   89   721
1YYH  0.406219   193  1471
3ECY  0.406258   238  1770
4E40  0.406521   245  1828
4EYC  0.406792   103  799
1UZ3  0.406948   199  1563
2HC8  0.408275   113  821
2IB0  0.408276   274  2025
3UTM  0.408381   659  5036
5EVG  0.408962   101  808
5HPG  0.409161   168  1296
1YW5  0.409174   177  1400
3DFG  0.409551   142  1103
2YQY  0.409993   126  967
2GEC  0.410742   277  2211
5KX4  0.411843   95   772
3CVP  0.412405   285  2177
1S21  0.412687   165  1267
1I1J  0.412915   106  824
1TGR  0.412977   52   405
4MYZ  0.41426    100  792
3HD4  0.415163   131  1046
1UNK  0.415445   348  2792
2P84  0.416736   266  2236
5C9Y  0.416788   155  1167
1EZ3  0.417245   124  1023
1ZZK  0.417258   80   617
2XZE  0.417376   158  1297
3LYX  0.417689   238  1887
1FVA  0.417974   200  1565
2OG3  0.418485   112  873
4DT4  0.418844   160  1209
2WUJ  0.418913   100  842
4X0J  0.419669   261  1966
1O7Z  0.419953   115  888
4C18  0.420163   151  1148
1MHN  0.420548   59   465
2CG7  0.42156    90   703
1FPO  0.421599   171  1412
1LWB  0.422223   122  958
4YTK  0.42241    116  943
5FS4  0.422461   245  1836
3FPR  0.423299   85   640
4N6L  0.424525   114  891
1OUV  0.424609   265  2026
5CZ1  0.424712   162  1306
1H03  0.424932   125  951
4EFO  0.42498    89   731
5DMA  0.42501    53   407
1Q2Y  0.425211   140  1101
2FJ8  0.425593   120  918
2E3H  0.425937   81   620
5M97  0.426172   132  1106
3O48  0.42662    129  1074
1QAU  0.427271   112  812
4MLS  0.427321   93   718
2RH3  0.427421   121  945
2F6E  0.427565   125  988
4Q4G  0.428074   207  1533
2Y4X  0.428218   87   668
2F23  0.428252   154  1187
3RT2  0.428428   171  1353
2PB7  0.429311   197  1488
4F01  0.429648   218  1656
2E3I  0.42967    78   612
2BAY  0.429857   112  876
3VC8  0.429998   166  1327
3WMI  0.430178   282  2319
1ORC  0.430534   64   496
3W0E  0.431038   136  1052
3VDJ  0.431144   71   567
4ZAI  0.431558   80   660
2JAY  0.431651   193  1434
1R8O  0.43263    167  1267
4XEK  0.433034   153  1140
4NI6  0.433476   138  1048
1P9H  0.433708   537  3684
2O9V  0.433897   77   613
3MAB  0.433905   173  1364
5DAZ  0.43393    166  1313
5FVK  0.433952   103  837
2CKX  0.43417    83   678
1F94  0.434485   63   498
4QB0  0.434659   95   792
3NE0  0.434786   208  1543
1QU1  0.434818   427  3514
3K8W  0.435378   296  2133
4JG2  0.435522   185  1412
5J4M  0.436017   264  2005
2E12  0.43607    186  1512
5E0Z  0.436093   136  1008
4R5R  0.436837   68   510
1HUF  0.436948   123  936
2GKT  0.437267   51   388
4WT3  0.437293   198  1548
1EYH  0.437319   144  1175
3EMF  0.43754    336  2528
2HKQ  0.437552   272  2148
1A92  0.4376     398  3340
5JW8  0.437609   133  986
2ZFC  0.437843   132  1046
1TD0  0.43791    306  2181
1TSF  0.437916   81   649
1UOY  0.437988   64   452
1SGM  0.438169   368  2840
5EKZ  0.43843    221  1713
5CEA  0.438475   193  1430
5FZS  0.438516   214  1574
1WQJ  0.438719   142  1028
3ERB  0.4391     188  1410
4V2B  0.439629   106  866
3SD4  0.439784   69   598
1U2H  0.439885   192  1498
3JRR  0.439933   216  1698
4E1P  0.440184   111  834
3C4S  0.440496   57   453
3O2H  0.440637   106  843
4YJM  0.440825   85   676
4QMD  0.440937   193  1485
2Z3Q  0.441024   195  1520
3IU0  0.441054   354  2777
3PT3  0.441185   88   720
1GAK  0.441232   137  1151
2O71  0.441469   91   704
1TF1  0.441914   184  1386
4LJ1  0.442164   135  997
3AEH  0.44221    277  2155
3DAL  0.442265   345  2805
2HQX  0.442331   180  1378
1I2H  0.442529   138  1056
3O9O  0.442758   188  1476
1BXY  0.44282    120  952
4MQV  0.44283    91   723
3DGS  0.443058   186  1482
1J27  0.443086   98   778
1WKX  0.443327   43   321
1D2O  0.443363   374  2994
4LSO  0.443575   141  1120
1TUD  0.443747   60   485
4H7Y  0.443934   141  1122
3FDR  0.444055   89   679
2X0C  0.444066   308  2270
2IBL  0.4441     324  2499
1REG  0.444542   242  2040
1EL6  0.444546   624  4782
3IU5  0.444574   114  960
5J08  0.44498    163  1294
1OIS  0.445044   220  1825
2Q9V  0.445133   90   688
1B9W  0.445226   91   701
4U7I  0.4453     109  864
1X6Z  0.445642   119  863
4G78  0.445673   137  1097
3DKM  0.445753   79   613
1KCM  0.445866   512  4260
2FPH  0.445933   165  1362
3A7L  0.446125   128  963
3O7I  0.446741   150  1159
4XHT  0.4469     186  1455
4DLH  0.446905   177  1362
1DG3  0.447265   540  4357
4J5O  0.447525   111  848
1RJ1  0.447877   148  1107
2QVK  0.448272   121  951
4W4K  0.448304   255  2016
5ELJ  0.448327   90   749
4PQD  0.448422   105  825
2WH7  0.44863    456  3420
4J0U  0.448714   471  3840
4QB4  0.448997   136  1092
1IO1  0.449124   395  2880
2CI2  0.449274   390  3126
2WB3  0.449473   930  6948
3C57  0.449724   100  768
2PWQ  0.449774   154  1228
1ZXT  0.45       69   551
2BT2  0.450287   143  1116
1VCC  0.4504     77   640
3EMI  0.450446   330  2358
1DFA  0.450503   405  3177
2B8I  0.451006   77   604
1MVF  0.45116    170  1272
1YPY  0.451224   182  1353
1R5Q  0.451236   91   752
3FG7  0.451328   106  875
4IPV  0.451472   129  923
1I4J  0.451551   220  1738
4Z9J  0.451618   316  2538
2NNU  0.451829   221  1817
3DLV  0.451846   98   773
2RB8  0.451917   93   723
5AY6  0.452188   303  2201
1DD3  0.452203   288  2140
1MW7  0.452304   220  1728
3UV9  0.452417   183  1445
3JZZ  0.452509   148  1059
1KMZ  0.452551   250  1964
4GA2  0.452748   144  1180
5A9B  0.452947   627  5049
2Y72  0.453192   85   625
1R69  0.453505   63   484
4DOT  0.454129   102  830
1NIG  0.454138   146  1172
3HNY  0.454178   156  1242
1C44  0.454523   123  923
5IZH  0.454578   171  1367
1L3K  0.454655   163  1298
1MIX  0.454677   206  1680
2FQ3  0.454914   85   721
1YNB  0.455262   501  4023
4IBN  0.455632   211  1613
3MEW  0.455668   157  1245
1K1B  0.455888   228  1712
2P4X  0.456487   233  1813
4M9K  0.456527   199  1492
1T1J  0.456563   119  953
1EGP  0.456825   61   504
2IGD  0.456957   61   468
3PM2  0.457056   173  1309
5K6D  0.457275   77   558
1OX3  0.4573     324  2499
4K12  0.457457   146  1150
3C1D  0.457571   143  1176
4Y1W  0.457931   217  1723
4ZQV  0.458116   165  1283
2VH7  0.458137   94   761
1U2K  0.4583     292  2233
1MBY  0.458456   150  1166
2P52  0.458628   196  1553
4ZM7  0.458674   180  1260
1F32  0.458701   127  995
1U79  0.459397   125  926
1UJ8  0.459525   73   602
2X35  0.459527   125  1023
2GYZ  0.459557   194  1470
3PR9  0.459809   150  1163
3BFO  0.459986   85   681
1OTK  0.460022   488  3853
1JVW  0.460028   160  1269
4F25  0.460032   81   623
3EVY  0.460177   83   703
3OL4  0.460182   191  1475
2O0Q  0.460216   114  876
4IC4  0.460302   372  3041
5LC7  0.460447   87   716
1MSC  0.460583   258  1924
5APS  0.460592   189  1530
1DZF  0.460709   211  1725
4YNH  0.460718   116  894
4GMQ  0.460765   92   686
3CE7  0.460914   90   713
3K1H  0.460951   115  906
3FB9  0.461253   173  1399
1GOU  0.461302   109  864
3K5R  0.461646   218  1678
1K6K  0.461745   142  1124
5I41  0.461819   67   524
5D60  0.461993   238  1850
3DQG  0.462042   296  2232
1ULR  0.462294   87   677
3GAX  0.462369   107  845
5TS9  0.462398   325  2406
2FD4  0.462426   105  801
2WJ5  0.462486   96   732
1U07  0.462543   178  1409
2GQV  0.462569   236  1800
2FVH  0.462632   297  2290
4YUD  0.462657   87   666
1MKK  0.462893   187  1505
3GGY  0.463073   186  1520
2WAS  0.463678   342  2535
4E6S  0.463678   170  1380
5CS1  0.463767   346  2752
3BQE  0.463815   169  1357
3NPH  0.463928   131  1091
3NFL  0.464297   97   753
2VPH  0.464312   190  1424
2GGV  0.464467   213  1621
1OV3  0.464684   283  2221
3TOW  0.464777   152  1208
3PHS  0.464872   238  1858
1V1H  0.464914   305  2260
4DJG  0.464925   96   744
4PA1  0.464961   151  1188
3KP8  0.465023   94   704
4GGO  0.465261   397  3079
2D8E  0.465318   176  1476
2RCZ  0.46535    160  1199
1TP6  0.465693   126  984
5ISV  0.465719   156  1236
4D70  0.466072   160  1261
3LAA  0.46613    507  3408
4BT9  0.466316   483  3892
2P5K  0.466555   63   502
5EFR  0.466816   403  3353
4F8K  0.467008   109  843
3KZ3  0.467242   160  1236
1R7L  0.467269   212  1690
3UTK  0.467288   95   731
1K95  0.467354   161  1292
4W98  0.467393   290  2216
4UHP  0.467412   215  1684
1TFE  0.467449   284  2296
2F4W  0.467503   147  1196
3WFV  0.467582   258  2055
3AG7  0.467597   105  833
1KHI  0.467764   147  1128
2HLR  0.468056   67   524
3GQH  0.468237   489  3815
3INO  0.468252   277  2209
1UNP  0.468263   119  1009
4OD6  0.468341   82   635
4PUH  0.468457   162  1278
2FHT  0.468564   68   531
2D4U  0.468604   322  2544
4TJX  0.468605   156  1179
4XEH  0.468626   326  2556
4XFD  0.468746   262  1964
5HFQ  0.468835   109  900
5CV0  0.468946   332  2655
1NWA  0.468977   168  1359
4NJ8  0.469077   67   527
4A5U  0.469179   228  1797
2P23  0.46927    272  2092
5J8E  0.46932    150  1197
4W5X  0.469848   117  914
3F8B  0.469909   202  1664
1URQ  0.470054   252  1905
1UCS  0.470224   64   479
4X9Z  0.470263   95   715
3FLG  0.470412   135  1052
1UFB  0.470854   254  1996
3NJE  0.471327   156  1303
1IRQ  0.471543   97   786
1GS9  0.471657   144  1179
5GN1  0.471668   309  2508
5CQX  0.472078   237  1807
5EE2  0.472365   122  916
1HZT  0.47243    153  1223
2F6L  0.472577   330  2509
3P8D  0.472641   106  856
3N77  0.472782   141  1131
2X5P  0.472858   104  779
3WP8  0.473052   951  6879
4DEX  0.473188   334  2664
5E7L  0.47329    302  2301
1DEU  0.473304   275  2163
5LVZ  0.473307   470  3738
1ZB1  0.473318   367  3021
5BS2  0.473399   232  1800
3HBW  0.473493   149  1177
1ZD8  0.473514   212  1697
1GPP  0.473522   217  1726
4LN2  0.473565   76   615
2Y3V  0.473573   158  1281
1RC9  0.473719   221  1756
1HUW  0.473741   332  2694
3ID4  0.473782   93   688
3P4L  0.473788   198  1577
2CIU  0.473828   123  1003
1I2T  0.473831   61   472
5KA5  0.47388    237  1941
4E5R  0.474121   112  900
2LIS  0.474154   131  1104
3LE4  0.474188   110  880
1QZM  0.474195   94   762
3CGZ  0.474334   143  1105
3OF7  0.474363   438  3340
1GVP  0.474558   174  1364
1EUR  0.474583   361  2719
4MOA  0.4746     602  4774
1WLG  0.474793   586  4312
4Q9B  0.474835   193  1490
3KH7  0.474907   157  1206
4PUI  0.474937   85   677
1X91  0.474961   149  1114
4CFI  0.474966   258  1813
5TUN  0.474994   215  1648
1R9H  0.475123   118  896
4J7P  0.475373   645  5311
4WTX  0.475426   97   722
4PYU  0.475431   95   746
4IRF  0.475652   145  1112
4UMG  0.475715   102  762
1ZLB  0.475911   122  950
1TCZ  0.475983   285  2073
3S90  0.476178   275  2138
3HMT  0.476297   182  1496
3REA  0.47643    187  1534
4OS3  0.476558   163  1274
4E9L  0.476571   314  2190
4PWQ  0.476735   162  1296
4FML  0.476823   204  1585
2H7O  0.476855   270  2169
2O4X  0.476879   304  2436
5E5L  0.476931   190  1445
3B8F  0.476974   565  4565
5I5N  0.47703    136  1069
1XGW  0.477151   136  1138
3VK0  0.47729    178  1430
3PT5  0.477317   320  2556
5GKC  0.47751    481  3854
3S0A  0.477638   119  943
2EIF  0.477662   133  992
1TJ6  0.477699   115  868
2BA2  0.477728   242  1970
2GZ4  0.477906   396  3096
2OPW  0.477912   286  2214
1AHO  0.477942   64   500
2SGA  0.47817    181  1259
4QFT  0.478172   171  1371
4WWR  0.478188   99   796
1TIG  0.478202   88   701
4ZMK  0.478356   142  1064
3NJD  0.478435   582  4367
1AVY  0.478523   204  1545
5AVH  0.478687   386  3042
4XDX  0.4787     70   571
1UEB  0.478712   184  1420
3Q6S  0.478813   147  1169
4GVB  0.478867   151  1173
3ML3  0.478935   156  1145
3PSM  0.479211   94   758
4Y2F  0.479403   286  2170
4FW1  0.479426   426  3361
3PCT  0.479491   499  3821
4B6I  0.479533   202  1592
3COU  0.479594   180  1397
4DQ7  0.479866   168  1316
3PS0  0.47996    293  2283
3VIA  0.480156   112  913
3PTL  0.480232   289  2101
4N6T  0.480234   79   651
1L2H  0.480266   144  1161
1S7I  0.480324   248  1914
1Q2H  0.480367   125  1015
3RVC  0.480512   118  918
2YVQ  0.480539   134  1048
2XPP  0.480551   161  1300
1N5B  0.480679   249  1978
4H6X  0.480724   289  2162
3JSN  0.480805   297  2415
2NPT  0.480879   190  1473
4G94  0.481207   260  2076
2BK8  0.481422   97   776
1Q42  0.481636   159  1271
2BJV  0.481682   236  1824
3ID1  0.481918   94   718
3SRI  0.481921   311  2460
2O5F  0.481956   155  1241
5IS1  0.48203    284  2298
1BEA  0.482119   116  878
1BZ4  0.482156   144  1174
3RZY  0.482338   139  1073
4R8R  0.482382   256  2043
4K5Q  0.482428   317  2318
2Y9F  0.482486   149  1212
4OZX  0.482585   285  2165
1SEI  0.482668   260  2058
1RGP  0.48274    189  1501
3HR8  0.482836   342  2619
2E8G  0.482902   240  1891
2FHZ  0.482917   199  1571
1SMX  0.482963   168  1315
2UYO  0.482999   275  2050
1I07  0.483183   118  970
2OIX  0.483193   178  1408
3KZD  0.483302   85   642
4NG0  0.483319   97   732
3CNU  0.483366   220  1742
3GGM  0.483777   298  2250
3R4Y  0.483898   719  5755
5HEY  0.484052   126  961
1JQ0  0.484141   213  1731
3H6Q  0.484162   168  1350
3DWV  0.484212   162  1280
1QZ1  0.484452   576  4494
4NMI  0.48447    560  4528
1ZKR  0.484487   291  2254
1U53  0.484565   193  1446
4GS3  0.484656   90   737
1YXY  0.484693   230  1726
1ZTD  0.48473    250  1942
5J0C  0.484899   112  778
5IO9  0.485041   98   798
4YZ6  0.485175   193  1522
3FSO  0.48537    109  871
1R77  0.485415   99   792
1XAK  0.485504   68   533
2ZQE  0.485571   80   599
4O7Q  0.48563    94   739
4PD0  0.485734   832  6346
1IQ4  0.485741   179  1413
3O5P  0.485771   128  982
3AU4  0.485776   556  4434
2FLU  0.485816   301  2300
4P2I  0.485822   117  961
2OVA  0.485834   164  1273
1ARB  0.485893   263  1924
1IAP  0.486023   190  1533
3SWY  0.486114   138  1070
2AKP  0.486137   184  1461
4YUO  0.486146   160  1217
3MX7  0.486237   90   716
4JZQ  0.486431   237  1866
5F6F  0.486545   282  2282
2FIP  0.486559   230  1962
2Y7S  0.486587   241  1829
1JB3  0.486603   127  1026
1I7K  0.486621   146  1161
4ILY  0.48663    236  1817
1F00  0.486778   282  2114
3QC7  0.48678    492  3582
1GBS  0.486822   185  1434
2X8X  0.486904   235  1831
1WKA  0.486996   143  1144
3BCI  0.487039   165  1365
3LPZ  0.4871     314  2460
5COH  0.487119   231  1771
3A2Z  0.487206   190  1526
4JNU  0.487222   160  1328
1SJY  0.487276   308  2410
3ZZY  0.487281   114  872
1QZN  0.487369   171  1286
1Z3Y  0.487446   236  1925
2FM9  0.487602   201  1544
3DS4  0.487685   163  1272
2QEV  0.487769   145  1189
1YDI  0.487793   280  2218
3A4C  0.487848   106  846
1MN8  0.487928   95   778
2W56  0.487951   143  1168
1QNT  0.488106   166  1264
4N1L  0.488294   95   796
3UCS  0.48841    342  2790
4N77  0.48841    195  1544
1JL1  0.488597   152  1208
3VOR  0.488607   182  1322
3I3G  0.488634   286  2212
1NKR  0.488858   195  1513
2FRG  0.488936   106  806
3WSC  0.488971   502  3952
3LET  0.489019   302  2289
4Z8J  0.489041   103  780
3AQ2  0.489221   191  1546
5JAY  0.48937    385  2761
2WWE  0.489437   111  920
4AE0  0.489545   998  7328
5J07  0.489568   115  797
2BF5  0.489627   92   734
1FHG  0.489724   102  796
4U7E  0.489911   177  1397
2RJD  0.490068   321  2597
1DJ8  0.49015    158  1226
2QVO  0.490173   87   714
2Y3W  0.490285   338  2756
5EWP  0.490296   241  1835
3LS0  0.490355   115  905
1CQ3  0.490388   448  3374
1KT9  0.490538   132  1032
3F13  0.490685   287  2224
5KZT  0.490751   515  4117
1BHD  0.490867   216  1771
5J8Y  0.490925   147  1163
3SO6  0.490929   150  1168
1KRL  0.491022   92   766
4XO2  0.491193   119  958
2FD5  0.491211   360  2690
4EJQ  0.491223   296  2328
2E7V  0.491236   115  926
2WLV  0.491286   288  2278
1Z21  0.49129    96   771
4MOD  0.491474   228  1767
1ULN  0.491559   82   622
1M1H  0.491746   182  1435
4HTI  0.491748   88   670
3KH8  0.492186   579  4495
1GMU  0.492237   138  1066
1CY9  0.492243   488  3846
1KXO  0.492394   165  1320
1MZL  0.492487   93   626
2W0G  0.492694   129  1086
3HK3  0.492762   282  2288
4JM7  0.492764   360  2906
5DTC  0.492815   87   707
3HRO  0.492872   111  897
4N30  0.493016   182  1406
1VKA  0.49304    260  2054
5CR6  0.493574   467  3703
4C2E  0.493581   870  6794
4PGR  0.493714   207  1626
4Y2K  0.493725   65   481
4G3N  0.493781   302  2311
3CX2  0.493795   107  843
1VIN  0.493831   252  2030
4PZ9  0.493926   420  3227
2G5D  0.494037   382  2977
5C6K  0.49408    332  2599
1NKD  0.494163   118  936
4U9C  0.494264   586  4722
2OG4  0.494325   249  1995
2DOK  0.494422   170  1335
4YIF  0.494461   281  2136
1T6O  0.494507   70   548
4U1E  0.494565   466  3719
2ZD7  0.494609   434  3626
4M67  0.494635   264  2128
1ES5  0.49468    260  1912
2Z43  0.494683   228  1799
4D9S  0.494752   763  5779
3CSR  0.494872   159  1296
2JCP  0.494917   150  1172
4WC9  0.494962   206  1598
2EGU  0.495038   271  2006
4AVR  0.495087   188  1447
4FXU  0.495099   560  4143
5B1N  0.495145   118  944
4RT4  0.495287   225  1804
4FD6  0.495353   218  1756
3WY8  0.495376   219  1606
2YGS  0.495389   92   743
3UN7  0.495439   439  3237
3IVF  0.495485   358  2899
2D4P  0.495535   130  1011
2FZP  0.495539   134  1047
5CHL  0.495649   244  1917
1NFN  0.495657   132  1088
4ARM  0.495662   346  2753
3JSY  0.495678   213  1636
4BOU  0.49578    282  2254
2OHW  0.495804   128  1040
3ZHI  0.49581    73   575
3DA5  0.495978   242  2016
1M4V  0.495985   196  1646
2HQL  0.496026   202  1707
3QWG  0.496079   93   732
4MAC  0.496085   160  1288
4GF3  0.496148   151  1171
2FUJ  0.496264   472  3740
4KT6  0.496433   415  3354
5DTH  0.496486   106  788
3EOI  0.496525   123  967
1T2P  0.496546   145  1155
2FL4  0.496596   294  2426
2HE7  0.496849   283  2323
3SV0  0.496861   294  2424
4JB8  0.496868   786  6124
2G7O  0.496904   272  2176
5F67  0.496924   117  866
3DAC  0.496941   97   757
3HKM  0.49703    207  1575
5LZ1  0.497125   141  1148
3SIH  0.49732    274  2080
4XZA  0.497334   731  5754
4N5Q  0.497383   249  1978
1Q5Z  0.497567   145  1136
4LEU  0.497694   182  1506
4WP6  0.497697   151  1209
1N8O  0.49774    750  5584
3PBN  0.497876   438  3333
4E2A  0.497902   341  2804
1L1L  0.497994   717  5588
3I4O  0.498022   68   558
3LRU  0.498068   300  2441
4K5A  0.498107   325  2468
4M9P  0.498162   289  2162
5HMT  0.498186   237  1853
3TE8  0.498214   240  1911
4PK9  0.498232   359  2782
3GVA  0.498397   107  882
5EHA  0.498444   153  1198
2IJQ  0.498512   145  1185
4ES1  0.498526   190  1498
2IM9  0.498567   299  2430
3QHP  0.49858    159  1250
2RER  0.498608   155  1270
1CQM  0.498615   98   819
5H0Q  0.498635   202  1605
4ZSB  0.498683   324  2550
1FNF  0.498691   368  2820
5E5Q  0.498747   63   464
1UKF  0.49875    188  1408
2JK9  0.498789   210  1659
5ITQ  0.49887    286  2265
1ROW  0.498906   107  757
2Z14  0.498913   232  1966
4RXV  0.498968   229  1782
2JGN  0.498995   151  1205
4IUJ  0.499018   816  6390
4YTW  0.499034   484  3869
3KCI  0.499045   366  2686
3JV1  0.499084   546  4338
5C10  0.499103   230  1789
2FO3  0.499193   109  866
2NQ5  0.499215   706  5632
4QLP  0.499386   374  2996
2EVB  0.499438   74   556
2Y8P  0.499512   190  1467
5A9C  0.499534   609  4884
1RW0  0.499607   486  3714
3EUS  0.499607   162  1282
1JOS  0.499618   100  801
1ONR  0.499826   316  2470
1WVH  0.499845   132  1016
4B4H  0.499968   413  3164
2H8O  0.500162   566  4228
2FJR  0.500205   378  2926
4RWZ  0.500273   195  1478
2RF1  0.500289   290  2192
3LWT  0.500447   457  3683
3RDJ  0.500469   137  1129
5L40  0.500518   280  2067
2PKO  0.500632   99   775
4HCS  0.50079    67   534
1SWF  0.500826   482  3572
1CQY  0.500853   99   800
3FH2  0.500896   146  1130
1A1X  0.501022   212  1762
3G19  0.501051   87   715
3UMN  0.501071   118  908
3W9U  0.501096   274  2137
4QCJ  0.501199   101  777
1KVE  0.501234   140  994
2ELA  0.501283   131  1048
2HDW  0.501304   321  2526
1WLZ  0.501333   85   704
1FBQ  0.501552   178  1505
3HOL  0.501591   505  3895
3BOK  0.501606   416  3378
5GHE  0.50175    386  3051
1UIU  0.501776   992  7882
3MGM  0.501776   328  2554
3OWT  0.501801   316  2569
2HDV  0.501821   103  779
4P09  0.501822   177  1417
2OSA  0.502057   196  1573
4REH  0.502063   149  1172
1LJ9  0.502112   286  2330
1F3U  0.502159   257  2053
1UAI  0.502174   223  1709
4IDH  0.502266   451  3596
4HJP  0.502481   281  2263
3GMG  0.502659   286  2042
4ME2  0.502673   194  1468
4OIX  0.502702   90   725
4FQN  0.502732   188  1520
3QF2  0.502795   90   745
5AOY  0.502819   239  1856
3PNY  0.502853   966  7515
2JLI  0.502915   100  771
3WEA  0.503009   132  1045
3WPQ  0.503033   200  1575
4ZOT  0.503046   163  1248
2OEB  0.503067   152  1201
3I41  0.503124   290  2329
1NJ4  0.503129   343  2649
3KT9  0.503199   102  823
5D5Y  0.503216   200  1572
5AQ9  0.503291   419  3185
5UBE  0.503338   116  923
5F3K  0.503347   408  3162
4G91  0.503351   236  1915
1XIX  0.503354   335  2688
2RIK  0.503374   283  2191
3ZIB  0.503424   185  1438
3UAH  0.503427   312  2599
5B0N  0.50346    218  1745
5D94  0.503487   131  1085
1FHU  0.50351    298  2281
5F18  0.503553   221  1792
1K30  0.503556   363  2821
4RM8  0.503607   368  3075
3PH9  0.50365    133  1096
1HKA  0.503716   158  1267
3NTK  0.503717   169  1346
1X3O  0.503763   80   632
1SQE  0.503825   207  1731
5JRT  0.504022   64   510
1WRD  0.504122   174  1388
4HS2  0.504261   128  978
3N0K  0.504295   150  1180
4Z5S  0.504339   223  1787
3TU3  0.50452    645  4937
4RZA  0.504528   179  1484
3ENB  0.504584   219  1783
1V8H  0.504602   212  1646
2VXG  0.504649   131  1039
2YLE  0.504658   192  1512
2BJQ  0.504673   340  2653
4JVW  0.504733   213  1662
1NOA  0.504744   113  778
1NTY  0.504753   305  2504
3QNE  0.504755   882  7110
2RKQ  0.504826   169  1295
4ML7  0.504858   227  1763
4YKD  0.505011   84   688
4G6T  0.505139   199  1549
3ZBD  0.505211   110  891
2O2K  0.505261   665  5279
4J11  0.505358   180  1411
4HAH  0.505472   215  1748
3MQ0  0.505495   491  3708
4EUG  0.505575   225  1789
3W4Q  0.505664   258  1906
2P3W  0.50574    220  1678
3RLS  0.505783   152  1254
4CZI  0.505876   316  2335
1WJ9  0.506069   188  1505
4KV2  0.50619    180  1332
4XW3  0.506326   190  1485
3DSH  0.506331   472  3870
1GO3  0.506462   284  2192
4YL7  0.506467   370  2791
3SEB  0.506672   238  1948
4IHE  0.506808   716  4932
3S60  0.506825   131  980
5GPI  0.506891   193  1438
1IHJ  0.50692    99   752
4EL6  0.50693    97   775
2B1E  0.506997   532  4310
3U1J  0.507057   242  1856
4MZD  0.507171   356  2755
1WMH  0.507186   165  1323
3W90  0.507301   198  1506
1N2D  0.507303   340  2661
1NG5  0.507314   211  1770
4E9E  0.507352   140  1197
1LDD  0.507403   296  2416
2Q43  0.507445   375  2889
5CRW  0.507535   253  1960
4JHP  0.507556   504  3915
1AY7  0.507577   185  1466
1UFI  0.507591   94   774
5I7N  0.507694   650  4928
3FTJ  0.507854   214  1649
3Q6B  0.507899   155  1236
2PEQ  0.507936   218  1744
3FAU  0.508043   308  2432
2O70  0.50821    329  2619
2H7W  0.508221   108  824
1C02  0.508304   332  2678
1ZUH  0.508364   151  1198
3G6L  0.508407   388  2964
4I2T  0.508469   108  818
3BS7  0.508558   75   638
1ECL  0.508623   552  4403
2ZQ5  0.508637   365  2913
5KVR  0.508747   154  1220
5BTW  0.508814   132  1032
3H2G  0.508916   387  2941
4JZC  0.508943   218  1748
4IZO  0.509007   376  2710
3V10  0.509009   310  2410
2P1G  0.509027   229  1798
3BZG  0.509031   277  2201
1T1U  0.509055   597  4711
1OJQ  0.509069   212  1650
2VY8  0.509125   149  1183
3CRM  0.509291   236  1845
4AGK  0.509402   152  1152
3TCV  0.509411   444  3587
1G8E  0.50942    178  1418
1C5M  0.509423   293  2292
3ERJ  0.509555   227  1734
4R77  0.509653   561  4591
1FLE  0.50972    287  2163
4BJS  0.50973    209  1714
1R3F  0.509741   278  2158
2VR3  0.509771   320  2339
3G06  0.50996    601  4663
2FBO  0.509971   250  1891
2H0Q  0.510022   517  4063
2HPL  0.510097   105  827
1H13  0.510159   404  3199
4ES9  0.510201   296  2339
4D53  0.510218   133  1080
1SQG  0.51035    424  3282
4DK2  0.510355   520  4016
2R6U  0.510389   256  1942
3VSR  0.510462   493  3838
1JYH  0.510478   155  1256
1TUA  0.510675   189  1503
5JMT  0.51072    443  3490
3GGN  0.510748   260  2001
4JHN  0.510803   361  2743
2WP7  0.510872   316  2450
5H8A  0.510894   170  1355
3NJ2  0.511006   303  2436
4M85  0.51102    185  1513
4ZDS  0.511076   261  2103
1IED  0.511145   437  3421
3HDE  0.511147   330  2487
4G7X  0.511188   194  1484
4M23  0.511252   646  5183
2Y2Z  0.51126    476  3762
1BGF  0.511268   248  2036
3N4I  0.511316   430  3260
4ONL  0.511648   289  2291
4MQ3  0.511676   129  1009
4A8X  0.511819   240  1863
4UWW  0.511854   130  1068
3ZCD  0.511856   549  4095
4ERN  0.5119     229  1850
2FWG  0.511918   122  967
3VZH  0.512      194  1576
4JQF  0.512074   168  1350
1OR7  0.512181   247  1972
2JLJ  0.51219    230  1832
4NBX  0.51221    266  2091
1UAJ  0.512228   482  3798
1MJS  0.512239   178  1397
1MBM  0.512355   198  1430
2WWX  0.51237    369  2921
1S7K  0.512372   316  2536
4DAM  0.512379   430  3240
1V2Z  0.512433   212  1756
1L7R  0.512487   573  4370
4ID3  0.512502   87   714
1U58  0.51254    320  2567
4FGQ  0.512546   181  1427
5D5P  0.512575   314  2369
2A35  0.512587   416  3154
1I8D  0.512605   592  4578
2I5H  0.512731   178  1457
1QWD  0.512745   333  2679
4GEH  0.512757   263  2096
2IRU  0.512778   286  2185
3TPA  0.513037   507  4048
1Y9W  0.51304    280  2324
3HC7  0.513065   252  1973
1USE  0.513305   160  1332
1OCK  0.513364   824  6126
3GRH  0.513409   397  3044
2D0J  0.513425   484  3910
1HBQ  0.513596   176  1422
5DYM  0.513712   192  1616
3RCZ  0.513732   229  1865
1HYP  0.513844   75   539
3O0P  0.513867   194  1467
1LMI  0.51387    131  967
4BG7  0.513888   186  1549
5DU7  0.513915   350  2642
4ZQ8  0.51396    641  5069
2IG8  0.513966   427  3186
3COO  0.513969   281  2244
5HOC  0.513982   176  1400
3ZXY  0.513985   275  2005
3QQ6  0.51399    137  1100
2H7Z  0.514093   152  1178
3ZRX  0.514111   221  1752
2QN4  0.514364   159  1212
3RGR  0.514387   256  1976
3WMD  0.514404   291  2245
1TK1  0.514535   219  1759
3WAI  0.514584   711  5628
1OXJ  0.514592   170  1355
1VJS  0.514679   469  3800
4HX8  0.514809   262  2169
4NAC  0.514817   136  1132
3Q1C  0.514872   351  2717
1YTQ  0.514875   181  1469
1ZCJ  0.514939   459  3559
2X4L  0.514941   298  2267
1FC9  0.51506    386  2853
4CBE  0.515119   209  1698
3QT5  0.515129   649  5078
4V17  0.515163   303  2289
4JIF  0.515235   149  1175
1B43  0.515516   678  5444
3MM4  0.515533   145  1133
1F2L  0.515537   262  2105
5F7F  0.515562   113  883
5FFA  0.515582   135  1124
4MNO  0.515583   95   777
1PE9  0.515659   361  2725
3TVT  0.51566    269  2200
3DRF  0.515723   547  4249
5DU1  0.515776   228  1804
3M7F  0.515847   242  1985
4YWK  0.515939   184  1484
5C67  0.515988   502  3787
1IIB  0.51609    103  775
4QXL  0.516155   115  855
2FCB  0.516186   173  1371
3KBE  0.516234   280  2016
4JGG  0.516306   180  1318
2XXN  0.516325   158  1295
3PD7  0.516427   94   759
2FK9  0.516473   140  1109
3T8R  0.516534   244  1890
4IPC  0.516622   123  935
3KDG  0.516741   378  3089
5KUC  0.516872   402  3183
4XE7  0.516873   419  3309
4BVK  0.517037   341  2531
4X5W  0.517049   384  3146
2FR2  0.517093   161  1224
1LTU  0.5171     284  2274
3ZLC  0.517115   216  1780
5J4A  0.517142   220  1691
3CJW  0.517159   414  3270
1AIL  0.517207   140  1116
2CHC  0.517234   489  3668
5B0U  0.517236   170  1348
1MG7  0.51735    703  5552
2PTH  0.517354   193  1480
1WER  0.517411   324  2589
3KG4  0.517417   184  1433
2Z84  0.517421   210  1598
1BM8  0.517613   99   812
1O0W  0.517743   477  3851
4X1O  0.517931   219  1644
4G9M  0.51798    285  2178
1WZ3  0.518008   168  1285
3I2N  0.518162   345  2556
1Z5Z  0.518196   230  1832
3KR9  0.518203   222  1735
1OBQ  0.518211   361  2913
3CSP  0.518239   121  971
4OZW  0.518271   334  2574
4WE2  0.518309   260  1911
1N7O  0.518329   721  5780
1JR2  0.518332   260  1977
1SR8  0.518417   282  2194
1ZZ6  0.51846    728  5418
2E3S  0.518492   224  1806
3CO1  0.518578   132  1083
4OQ1  0.518616   331  2647
1GCU  0.518644   292  2335
3B4D  0.518684   160  1250
4EJR  0.51871    326  2520
4RZ9  0.518751   179  1484
2WFW  0.518835   746  5614
5CDK  0.518891   181  1406
5IVH  0.518901   566  4557
2OCT  0.518921   384  3092
4KYX  0.518943   273  2180
2HIQ  0.518956   192  1524
2H1R  0.51897    271  2165
1VL4  0.518996   856  6596
5DZ9  0.519043   334  2605
4W4R  0.519053   546  4310
3FFV  0.519089   181  1460
3BB7  0.519106   314  2428
3ONH  0.519162   113  885
1F39  0.519167   404  3068
1BFG  0.519172   126  1014
1FL0  0.519187   164  1257
1VQ3  0.51923    341  2789
3CQN  0.51927    162  1308
4JJO  0.519272   202  1531
3H5L  0.519289   397  2999
1MR7  0.51929    608  4766
3AGY  0.519306   373  2958
5FFB  0.519327   135  1124
3PIW  0.519329   154  1255
2Z1E  0.519344   298  2185
3MH9  0.51937    205  1517
4CQ4  0.519511   412  3060
1WYC  0.519643   384  2961
4N1V  0.519652   186  1366
2ZF3  0.519658   355  2850
3WHR  0.51966    542  4165
2DYJ  0.519672   91   734
2R60  0.519744   456  3611
5B6C  0.519839   185  1466
1XSZ  0.519869   356  2821
1G0S  0.519911   403  3226
3EVN  0.519917   316  2477
4TX7  0.519931   245  1874
3K6Y  0.519981   454  3234
2GU9  0.520028   221  1681
1REW  0.520058   381  2956
5E1W  0.520118   336  2748
2ILN  0.520128   499  3669
1UGH  0.520225   305  2455
1OSD  0.520251   72   525
2Q87  0.520258   319  2499
4CRH  0.520308   94   759
2PA6  0.520312   854  6582
2W61  0.520325   470  3732
4Z1P  0.520327   334  2605
4UED  0.520339   213  1748
4P47  0.520365   320  2492
1JHS  0.520408   188  1478
3QMQ  0.520454   196  1610
4RWH  0.52048    103  843
2BOE  0.520512   281  2095
4RAX  0.520552   227  1807
4H9J  0.520558   141  1121
4P5U  0.520648   262  2054
2ED6  0.520678   510  3864
4GAX  0.520692   525  4294
5AVG  0.52073    206  1546
2CGQ  0.52075    74   589
3ZZP  0.520767   74   606
2H62  0.520812   384  2976
1W41  0.520827   99   749
2PKF  0.521041   664  4982
5KJV  0.521178   427  3325
2NX2  0.521213   178  1470
1NKO  0.521273   122  991
1EDQ  0.521303   540  4137
4GQM  0.521327   210  1674
3TCQ  0.521349   239  1791
1EER  0.521559   592  4619
4KDU  0.521667   207  1660
3SZH  0.522084   231  1755
1ARL  0.522248   307  2437
1GXN  0.522254   323  2527
4G08  0.522259   140  1117
3SHT  0.522311   188  1457
4J5Q  0.522333   146  1149
3H6R  0.522372   152  1190
1D4T  0.522415   115  915
3BRS  0.522458   271  2104
2CL3  0.522587   404  3328
3PIM  0.522697   350  2857
2O6X  0.522787   612  4866
1XG2  0.5228     468  3573
2FH7  0.523044   568  4582
2EBE  0.523068   212  1678
4AY0  0.523113   377  2851
4NPN  0.523261   284  2300
3M5R  0.523276   252  2000
2PET  0.523329   231  1796
4P9I  0.523386   163  1288
1Y7Y  0.523395   135  1070
5F1S  0.523399   206  1614
4C84  0.523413   143  1093
2P6O  0.523452   171  1351
1ULK  0.523462   252  1884
3SUM  0.523473   135  1046
5JDD  0.523569   263  2068
2NWD  0.523696   130  1029
1RZ2  0.523717   214  1781
4LTT  0.52372    91   753
3O0A  0.523776   211  1686
5H03  0.52381    417  3333
5HVZ  0.523846   120  959
4LE3  0.523978   249  1946
4UQY  0.523978   270  2079
3DLM  0.524075   208  1702
1AAJ  0.524133   105  807
1IJQ  0.524203   308  2445
1YN3  0.524244   98   760
3GD0  0.524285   362  2757
1FCQ  0.524298   314  2609
4P17  0.524328   288  2251
3I2Z  0.524339   138  1056
4B0M  0.524339   478  3666
1KNG  0.524379   144  1077
4DMV  0.524382   537  4403
3MH8  0.524456   196  1443
4JP0  0.524461   378  3037
3VZ9  0.524487   163  1366
1WKO  0.524527   165  1326
3ZK0  0.524532   117  866
2PGE  0.524594   356  2783
2NZ7  0.52464    191  1554
1PQE  0.524693   468  3576
1SUR  0.524695   430  3478
2D5W  0.524726   607  4886
4GR2  0.524737   228  1824
5ECW  0.524795   255  1919
5K4D  0.524807   356  2867
4OHJ  0.524823   388  3084
1AGQ  0.524929   373  2919
4JMI  0.524931   192  1551
5JBL  0.524996   827  6413
5FDB  0.525002   187  1522
1O0X  0.525014   249  1928
4FH3  0.525016   323  2622
1M45  0.525063   167  1315
2IY9  0.525086   309  2320
2GZ6  0.525222   744  6109
2A8F  0.525226   196  1428
4RTH  0.525277   167  1284
5DCM  0.525312   195  1552
3GWY  0.525361   254  2069
3T0H  0.525428   208  1636
2H2R  0.525559   269  2167
5CEB  0.525764   387  3004
1NEU  0.525774   230  1836
4LLO  0.525836   294  2275
1KZQ  0.525865   506  3702
4JMQ  0.52589    190  1497
3DXE  0.525911   151  1175
4TXV  0.525943   317  2441
4R0Y  0.526002   469  3695
2RSP  0.526021   228  1770
2PLC  0.52607    274  2198
4EGT  0.526074   657  4870
1P5V  0.526161   327  2473
3C90  0.526247   174  1354
4IMH  0.526268   347  2712
2ETX  0.526275   389  2999
1X6I  0.526297   176  1470
2F8H  0.526318   720  5394
3WWF  0.526568   246  1758
1TJE  0.526818   224  1786
3CTB  0.526824   287  2353
2R2Y  0.526907   109  895
2A8L  0.526978   617  4466
2HLY  0.526996   205  1585
1W8Z  0.527071   146  1149
1L7J  0.527098   676  5278
1G8Q  0.527151   176  1356
3A54  0.527227   279  2149
1P3C  0.527228   215  1600
4GI3  0.527296   331  2361
3DO8  0.527318   258  2081
1M1Z  0.527321   480  3604
5J0K  0.527353   147  1268
1CEX  0.52737    197  1439
3NFY  0.527677   498  4074
3SH4  0.527851   195  1451
3HUU  0.527865   525  4159
2VY6  0.527997   196  1555
4YX7  0.528136   328  2559
3F1P  0.528144   225  1849
3RV1  0.528184   455  3699
3M7D  0.5282     376  3081
1P7S  0.528201   164  1310
4GEI  0.528249   144  1151
2O2V  0.528294   174  1371
2F68  0.528321   300  2316
2FEZ  0.528411   373  2847
3V42  0.528597   196  1540
2EJ8  0.528686   264  2105
2Q52  0.528699   206  1674
4I6X  0.528731   117  936
4INK  0.52875    203  1543
2TGI  0.528773   224  1780
3BQO  0.528837   430  3466
1YBI  0.528884   284  2314
5BTO  0.529068   754  6169
1TKL  0.529097   650  5286
5T6J  0.529105   163  1286
1D9C  0.529148   240  1993
1W5R  0.529254   546  4244
3FKE  0.529374   123  955
3GSZ  0.529416   558  4373
5LND  0.529481   249  1944
3SK9  0.529507   230  1822
5GY3  0.529601   310  2495
4YK6  0.529641   350  2705
2AD1  0.529721   244  2051
1TKI  0.529812   642  5224
3ZVQ  0.529924   128  997
4DQN  0.529964   680  5322
1SQW  0.529989   176  1409
2GE7  0.530005   215  1686
3L9C  0.530038   226  1775
3PID  0.530063   774  6156
2FXQ  0.530136   394  3094
3RNV  0.53033    123  991
3CI9  0.530344   267  2130
1PTF  0.530512   87   637
2XWX  0.530514   770  6014
1C3P  0.530523   372  2985
4B9I  0.530525   125  986
1YOZ  0.530589   229  1909
3HGU  0.530658   697  5498
2D68  0.530836   152  1199
1YHH  0.530989   229  1802
2COV  0.531002   534  4366
2CI3  0.531037   274  2113
2SIL  0.5311     381  2954
4Q7K  0.53111    188  1463
4RDJ  0.531176   587  4552
4TRK  0.531209   242  1928
3UEK  0.531237   521  4151
1XTE  0.531238   116  961
5WXL  0.53125    304  2449
5AB4  0.531316   800  5946
2QOL  0.531416   271  2155
2Q4J  0.531422   460  3579
2GAS  0.53145    307  2420
3K9O  0.531478   273  2161
1KN3  0.531524   180  1444
1MNA  0.531583   554  4191
4J0E  0.531643   579  4412
3TSS  0.531673   190  1532
4B93  0.531682   348  2707
4WEP  0.531693   281  2124
1YZF  0.531773   195  1502
3QH4  0.531776   314  2336
3DLQ  0.531964   332  2680
3TEF  0.532001   279  2186
4PEO  0.53203    185  1370
2CX5  0.532101   157  1161
1UXZ  0.532114   131  972
2FL7  0.532123   183  1555
1DF4  0.532151   171  1389
1WOS  0.53224    361  2810
1ZHV  0.532241   134  1013
2X36  0.532351   551  4158
2O7M  0.532365   306  2484
5DEC  0.532406   751  6177
3A5P  0.532418   206  1526
1BSL  0.532491   647  5109
1LZL  0.532514   317  2376
5JI7  0.532675   199  1559
1B0X  0.532679   144  1122
5RUB  0.532683   869  6641
2GT2  0.532715   301  2445
1CHO  0.532795   291  2150
1LN4  0.532837   98   762
1BM9  0.532873   240  2010
3CG6  0.532932   259  1992
3SQF  0.532946   95   764
4MHP  0.532991   326  2665
1TQG  0.533008   105  826
1QX3  0.533012   464  3762
4CHE  0.533074   160  1305
1SH8  0.533243   302  2374
1S7Q  0.533249   383  3130
1NH9  0.533254   80   619
3APQ  0.533314   208  1686
4DIU  0.533331   245  1976
4M7G  0.533405   222  1606
3V32  0.533431   156  1294
3EFY  0.533459   365  2916
1PGV  0.53348    167  1333
3HUH  0.533491   243  1886
4U4P  0.533517   428  3372
5HTR  0.533635   424  3256
2W1R  0.533645   234  1770
3UC9  0.533658   180  1498
1WTJ  0.533677   669  4990
2G3T  0.533679   338  2764
5TV2  0.533738   365  2862
5KN4  0.533831   636  5217
4HPL  0.533845   196  1612
3KF6  0.533855   241  1951
1Y96  0.533857   171  1362
1TC5  0.533886   374  2904
1UGQ  0.533992   431  3466
4U5H  0.533993   169  1278
2CXC  0.534126   138  1080
3FZE  0.534141   185  1463
4OGD  0.534146   910  7148
1IO2  0.534149   213  1652
3IDW  0.534186   66   551
3AQY  0.53425    99   812
5FOC  0.534281   297  2451
1V0S  0.534322   495  3722
1BGC  0.534342   158  1190
5ESC  0.534373   238  1906
4B9G  0.534387   146  1113
1YRW  0.534482   291  2213
3L32  0.534526   89   742
4PU7  0.534613   135  1019
2B1L  0.534649   128  1028
5BRL  0.534666   210  1693
1YVR  0.534703   520  4116
5DMD  0.534731   144  1164
3UFB  0.534746   484  3856
3KSN  0.534762   177  1409
5BXX  0.534801   234  1822
1RYL  0.53484    157  1267
1W7B  0.534859   319  2562
2Y2C  0.534865   179  1407
1P9Q  0.534943   230  1834
2DKA  0.534982   519  4027
3KGK  0.535056   190  1492
4OTM  0.535088   232  1845
1FS1  0.535099   316  2497
3NFT  0.535154   524  4050
2XF7  0.535182   289  2300
5SV2  0.535247   270  2160
4JO6  0.535251   531  3979
3I8S  0.535371   260  2003
3UGU  0.535511   345  2677
4WJS  0.535539   485  3809
3ZO8  0.535593   351  2793
3SSW  0.535619   199  1596
5E8S  0.535621   301  2394
3V1T  0.535671   816  5826
3VVM  0.535692   737  5574
4W8G  0.53595    125  1043
3HKX  0.535974   526  3940
5KVK  0.535993   320  2372
5JZM  0.536015   281  2163
5P73  0.536025   330  2369
2QRT  0.536041   398  3194
2NXC  0.536107   249  1923
2YVN  0.536112   364  2874
5C3T  0.536141   126  992
4JVU  0.536177   207  1615
2G5X  0.536191   234  1843
3K8U  0.536202   137  1091
1SGZ  0.536228   389  3053
3CZZ  0.536255   202  1496
3I0C  0.536313   542  4446
1DQ0  0.536349   948  7236
4ZPC  0.536357   462  3689
1LU4  0.536509   134  1018
1N1J  0.536527   165  1337
2GQ0  0.536569   256  2117
4EZA  0.536581   94   759
2P65  0.536736   185  1409
1T06  0.53679    470  3714
1LKI  0.536792   172  1336
4XH9  0.536794   510  4127
3QUW  0.536852   375  2871
3K6U  0.53688    312  2423
3E7H  0.536905   406  3190
1XXO  0.536949   286  2232
4YON  0.53696    525  4197
1IGQ  0.536976   111  881
1KMT  0.537002   138  1098
3PHG  0.537005   258  2023
1KXV  0.537171   615  4782
5EF9  0.537181   168  1375
1L2W  0.537211   296  2327
1BKP  0.537212   556  4608
4UMS  0.537265   154  1171
4GVR  0.537346   945  7308
1FC3  0.537376   336  2646
1KAF  0.537494   108  874
3V6G  0.537506   344  2642
3LIG  0.537594   634  4883
1OZ9  0.537627   141  1151
2Z5B  0.537632   259  2077
5JH1  0.537632   262  2044
4CKK  0.537657   969  7482
1PBW  0.53766    184  1469
3KAJ  0.537724   894  7108
4P2K  0.537742   259  2070
1E15  0.537757   992  7803
1CHD  0.537758   198  1469
3SXU  0.537765   252  1982
2B78  0.537797   376  3014
4WVR  0.53784    196  1456
2J8B  0.537872   78   629
1NXM  0.537934   388  3136
4XPK  0.538012   141  1175
1A3A  0.538029   291  2260
3M8J  0.538047   178  1396
3T7H  0.538071   280  2219
1F46  0.538077   279  2185
5JHM  0.538098   781  5957
1RL6  0.538218   164  1251
4FNV  0.538268   659  5283
2ENG  0.538312   205  1553
4WLR  0.538321   471  3719
1ZEQ  0.538325   84   652
4Q5E  0.538374   399  3218
2HY7  0.53843    373  2963
1CDY  0.53857    178  1385
2PZH  0.538634   533  4419
3N3E  0.538647   210  1656
1USG  0.538728   690  5192
3DEL  0.538741   232  1843
5BY7  0.538749   639  4570
1UOK  0.538826   558  4646
2IU1  0.538833   178  1473
1MML  0.538905   502  4014
4AGH  0.538933   160  1264
2IP2  0.539014   660  4897
5HDW  0.539032   131  1053
3D2A  0.539099   179  1357
5KLC  0.539157   93   676
4MH4  0.539224   275  1962
3O1Z  0.539262   230  1764
3FN7  0.539327   354  2648
3B7H  0.539331   152  1194
3PC6  0.539332   202  1696
3TEK  0.539377   139  1151
2F1N  0.539475   253  1943
5KUG  0.539506   94   731
2BPT  0.539532   889  6861
3LFP  0.53963    192  1568
2QIY  0.539692   317  2580
3VVV  0.539736   216  1810
1JHC  0.539774   260  2012
2A4A  0.539786   250  1964
3SUK  0.539789   124  891
3R42  0.539804   164  1295
4KRD  0.539863   484  3839
2UY1  0.539877   822  6883
5KEC  0.539896   232  1914
4G5X  0.539911   275  2111
3NSF  0.539916   480  3684
1KPT  0.539921   210  1530
3X0U  0.539927   425  3440
1E4F  0.539956   378  2974
2GRR  0.540072   314  2470
3KJT  0.54012    370  2881
1TZV  0.540135   141  1187
4LE5  0.540164   774  5969
3A57  0.540195   616  4920
2OUJ  0.540258   408  3158
4EXT  0.540557   317  2570
1T3Y  0.540673   131  1035
3LY7  0.540791   644  5112
5H0J  0.540927   234  1876
3MXJ  0.540988   429  3311
1PGS  0.54102    311  2437
4R9P  0.541053   210  1693
4DHI  0.541095   388  3115
2W2K  0.541098   689  5304
1PM4  0.541199   351  2730
4QYX  0.541298   470  3596
2FNJ  0.541321   403  3210
4ULW  0.541327   150  1191
1VF8  0.541347   373  2957
5IP4  0.541351   193  1508
5MC7  0.541352   139  1112
4GLF  0.541359   861  6540
3LW3  0.541436   258  1977
1FA8  0.541471   256  2002
2X5Y  0.541476   171  1421
2OF3  0.541563   266  2101
4O4B  0.541615   624  4982
5ANP  0.541695   145  1133
2GT1  0.541771   323  2538
4CAY  0.541823   201  1563
1UCH  0.541874   206  1660
4WFV  0.541891   153  1229
4RF6  0.541933   696  5496
4X2H  0.541943   373  2981
4OSN  0.541973   110  887
1QS1  0.541976   402  3206
4WIL  0.54201    396  3094
2Z5E  0.542021   244  1834
2PND  0.542031   119  968
4LA5  0.542253   638  5052
2XMZ  0.542275   266  2162
5E0Q  0.542275   278  2176
1BKR  0.542289   108  887
3UID  0.542368   163  1264
4QS8  0.542369   455  3417
3PNO  0.542388   672  5064
4ZOY  0.54239    406  2995
4TVE  0.542395   263  2101
1LSY  0.542507   129  999
3HS3  0.542612   528  4160
4O0Q  0.542639   541  4111
4K8L  0.542684   610  4564
2XJ4  0.542807   270  2104
2XV6  0.542877   180  1392
2VFY  0.543018   203  1600
4KG4  0.543036   138  1153
1TW9  0.543058   379  3038
2OOB  0.543105   116  924
3LMO  0.543123   188  1456
1ELK  0.543128   153  1205
4FBR  0.543204   266  1963
3V55  0.543235   368  2931
5G1E  0.54329    333  2550
1ADE  0.543294   862  6642
2UWB  0.543334   267  2156
1NOG  0.543363   447  3552
4Q2Q  0.543502   180  1394
3RPP  0.543583   432  3434
3PVE  0.543668   175  1297
5EOV  0.543685   205  1507
1YZ1  0.543697   146  1203
5FU5  0.543698   117  846
3DRZ  0.543739   494  4066
4M6B  0.543882   208  1598
3VL1  0.543916   416  3255
4IYS  0.543921   310  2480
1EAY  0.543972   195  1454
4P93  0.544013   466  3542
2PCY  0.544088   99   738
1W17  0.544097   235  1927
4IWB  0.544104   165  1344
4A02  0.544112   166  1300
5FHG  0.544183   426  3407
2HYX  0.544243   661  4937
4HDJ  0.544289   355  2643
1JKG  0.544302   319  2517
2CGH  0.544369   238  1735
1GSO  0.544475   419  3161
3NKD  0.544614   523  3976
3D7A  0.544619   271  2217
2NML  0.544668   200  1632
5HIH  0.544684   167  1242
1UUZ  0.54475    258  2020
1ZVT  0.544754   245  1849
1M4J  0.544866   266  2166
4PRS  0.544877   453  3549
1EW4  0.544935   106  863
2Z0T  0.544962   109  901
5IMK  0.544968   243  1909
2QHO  0.544973   119  933
2C46  0.545135   787  6215
5I62  0.545271   507  4071
5DWP  0.545392   232  1792
1AGJ  0.545454   242  1905
3HS8  0.545474   250  2005
1Y2T  0.545478   568  4540
3ADY  0.545514   102  794
2VGA  0.545535   194  1551
5IOJ  0.545561   989  7499
1ATZ  0.54563    184  1382
5HXK  0.545644   808  6206
3DMS  0.545661   826  6422
2C2X  0.54571    560  4124
1E8Y  0.545781   841  6815
3PG4  0.545857   230  1720
3ZRD  0.545897   340  2482
1LKF  0.545909   292  2336
1LB6  0.545914   164  1340
4ILH  0.545948   550  4515
4G54  0.54595    222  1818
1H99  0.545953   440  3654
3EJG  0.546009   165  1264
5SXO  0.546018   818  6152
3BZQ  0.546085   297  2226
2YXZ  0.546117   610  4467
3ENU  0.546156   228  1828
2W2A  0.546187   350  2918
3U0V  0.546197   222  1744
1JDH  0.546338   546  4025
5IOX  0.546348   155  1173
3ETV  0.546487   315  2566
2IUM  0.546511   633  4797
2CWC  0.546551   284  2181
3AKJ  0.546565   550  4488
3GMS  0.546703   331  2608
3OI9  0.546807   453  3096
4OKV  0.54691    498  3828
2CO3  0.546911   269  1990
3T1S  0.547137   266  2030
1SGV  0.547245   262  1949
5EO4  0.547254   310  2568
1QGV  0.547273   130  1050
3UR6  0.547335   164  1212
5F1N  0.547349   385  3141
1USM  0.547448   154  1292
4ERY  0.547448   318  2457
5DJB  0.547451   588  4188
5IF3  0.547503   425  3012
3LK4  0.547522   536  4288
1CDC  0.547563   192  1518
1UTG  0.547574   140  1096
4TTW  0.547637   264  2106
1PEV  0.547696   610  4600
4J8S  0.547876   192  1619
4LD8  0.547895   470  3640
3E7P  0.547899   506  4060
4MQM  0.54808    269  2095
3OBQ  0.548118   150  1195
5I0Z  0.548136   120  930
5BXD  0.548159   522  4370
4WDC  0.548169   177  1380
1GVJ  0.548224   287  2361
2RK5  0.548277   172  1368
3ZIT  0.548291   152  1226
3FX7  0.548368   171  1482
2R77  0.548372   190  1509
4W8Q  0.548387   468  3452
1TE5  0.548449   506  3974
3D1B  0.548484   219  1751
1ES9  0.548537   424  3374
4JTM  0.548546   162  1254
4E5X  0.54855    483  3993
3K86  0.548577   328  2446
2VO8  0.548628   135  1024
4EVM  0.54866    138  1094
3SXW  0.548709   376  2964
1VH5  0.548714   276  2120
3ON9  0.548724   160  1240
2XHF  0.548733   310  2432
4HZA  0.548849   248  1906
2DYO  0.548947   305  2429
2DP9  0.548957   248  2042
1OW1  0.549031   167  1286
4ETX  0.549112   300  2370
1IJY  0.5492     244  1978
1WD7  0.54922    254  1943
1FLT  0.549237   382  3090
4TQJ  0.549237   806  6034
5MR1  0.549342   101  821
1IU1  0.549348   120  940
4UML  0.549355   201  1557
4J0W  0.549401   327  2518
1QSJ  0.549421   552  4378
2IE8  0.549487   390  2949
5JCY  0.549571   388  3077
2FN9  0.549608   280  2181
4WFI  0.549618   258  2010
3MRE  0.549635   383  3138
1IDP  0.549691   441  3661
5DDT  0.549721   464  3634
1R5Z  0.549728   320  2514
2EEY  0.549782   960  7200
3WJE  0.549804   307  2410
3NJJ  0.549854   708  5322
2UXT  0.549883   422  3313
1FIA  0.549889   157  1247
1PXZ  0.549898   346  2645
4N0P  0.549924   134  1027
3D3M  0.549942   161  1337
2BKR  0.549958   288  2250
1FE6  0.549969   205  1618
5LB4  0.549977   211  1645
1KYF  0.549996   252  1999
4YII  0.550011   217  1694
4EQ6  0.550025   402  3170
1Y6Z  0.550029   488  4007
3PKV  0.550071   221  1730
1E6F  0.5502     129  965
3WP9  0.550215   224  1635
1BV4  0.550244   412  3228
1TKS  0.55026    392  3034
3GHY  0.550274   321  2341
2FBQ  0.550277   426  3326
3M66  0.550279   270  2222
4JMP  0.550312   226  1735
5C2U  0.550321   240  1867
1AK1  0.550327   308  2480
4AZZ  0.550327   165  1287
1WLY  0.550338   322  2430
1XLY  0.550357   408  3327
3OGG  0.550458   404  3323
2P38  0.550495   620  4886
3KX7  0.550572   266  2030
1KHD  0.550597   653  4882
4AM1  0.55063    345  2733
1KOE  0.550677   172  1333
4JKZ  0.550692   358  2722
1R0M  0.550708   720  5532
3HZ8  0.550723   192  1500
4LL1  0.550749   768  6007
4TQ1  0.550801   290  2425
4UUL  0.550806   671  5240
3L7O  0.550835   445  3412
5FSU  0.550857   235  1804
2H8E  0.550873   240  1926
4Q2S  0.550878   136  1067
3DHU  0.550888   422  3361
2WZ9  0.5509     120  925
3PUB  0.55106    471  3839
3WHO  0.55107    101  759
4OUN  0.551071   250  2018
3FGN  0.551122   455  3176
5HFG  0.551158   205  1569
2QSU  0.551206   491  3677
4N8K  0.551249   440  3396
3KQ5  0.551339   720  5668
4UEY  0.551342   140  1125
4QMI  0.551444   228  1782
2ZFY  0.551483   226  1814
1AMX  0.55151    150  1208
3RFF  0.551514   942  7206
2VQ4  0.551548   106  818
3U28  0.55155    475  3749
2A6Z  0.551697   222  1749
2AHF  0.551795   377  3035
4UU3  0.55183    332  2677
1R62  0.551856   136  1073
4LLD  0.55188    200  1471
3SXY  0.551946   402  3314
1WNH  0.552137   220  1781
2IU5  0.55214    356  3034
2I9I  0.552167   442  3618
2W1V  0.552233   548  4248
1G4E  0.552234   219  1628
5EIP  0.552307   134  1065
2QHT  0.552475   210  1643
1U9P  0.5526     96   782
5IGO  0.552695   329  2567
4M91  0.552696   159  1309
1CUK  0.552706   760  5508
3EJ9  0.55273    364  2821
3FV6  0.552815   291  2285
1R9W  0.552846   138  1089
2NX4  0.55287    388  3038
3RNQ  0.552928   296  2331
1G8A  0.552943   227  1825
2NRR  0.553017   139  1125
1I9Y  0.553102   336  2756
3IVV  0.55311    149  1189
4PSF  0.553118   134  1052
1DSL  0.55315    88   752
4YBV  0.553246   484  3676
1GPR  0.553254   316  2382
1GYV  0.553345   120  935
1R7J  0.553561   180  1458
3L8U  0.553596   307  2464
1Z4E  0.553601   300  2416
3RGI  0.553616   282  2148
2ZCO  0.553693   284  2392
3QAS  0.553727   434  3451
2V75  0.553807   89   687
1CWY  0.553845   500  4064
2CAR  0.553908   390  3028
1J3A  0.553986   129  1045
4MFI  0.554074   403  3097
4P61  0.554087   482  3646
2HOQ  0.554106   474  3888
1NIJ  0.554162   317  2498
3O1Q  0.554347   420  3328
4Z2N  0.554378   268  2206
5HXL  0.554385   246  1904
4XHM  0.554424   110  875
3DGP  0.554434   125  1017
2PFB  0.554486   252  1975
4HYE  0.554519   400  3136
1GSM  0.554534   206  1531
2Q8R  0.554551   129  1064
1AKO  0.554554   268  2183
5HJJ  0.554604   348  2805
2GAU  0.554619   436  3484
3NSO  0.554679   185  1505
2IXM  0.554767   300  2431
1QTO  0.554844   244  1868
3VQL  0.554964   219  1752
5TZ5  0.555007   560  4383
3OT7  0.555025   410  3256
1TUO  0.555038   437  3346
3R87  0.555066   528  4304
1BOL  0.555081   222  1688
3F62  0.555088   253  2026
4BI8  0.55534    257  2046
3DU1  0.555373   237  1798
2F1S  0.555375   177  1376
3JRZ  0.55539    198  1540
1I7N  0.555392   616  4900
4HH3  0.55544    711  5447
4EVF  0.555559   294  2367
4Z2Z  0.555617   261  2003
3HR0  0.555696   499  3990
2ERF  0.555774   209  1609
3CSG  0.555825   458  3554
1TOL  0.55585    156  1172
3ADO  0.555872   620  4806
2W4E  0.555901   268  2027
4UN2  0.555979   115  893
3RY0  0.555996   384  2892
4ZEQ  0.556027   175  1411
3BPV  0.556044   274  2306
1SAU  0.55605    114  941
3ECH  0.556088   288  2346
1O6D  0.556097   147  1193
1X13  0.556167   732  5466
5HS8  0.556182   202  1634
1XYF  0.556294   854  6468
4I61  0.556334   682  4989
3EWI  0.556381   630  4718
4AE7  0.556489   372  2956
5EFS  0.556558   850  6666
1H6W  0.556568   483  3507
3FPN  0.55666    212  1704
4I77  0.556679   534  4068
2FUK  0.556702   436  3360
4J2P  0.556767   450  3640
2J6Y  0.556854   166  1400
2GAI  0.557015   581  4714
5IJA  0.557036   148  1115
4ZQS  0.557046   298  2366
5FR7  0.557067   582  4476
2RK3  0.557088   374  2752
3RMH  0.557097   260  2174
5JO8  0.557168   256  2027
4MUO  0.557176   619  4767
1CEM  0.557206   363  2849
4KTI  0.55723    682  5179
2QQ5  0.557299   476  3496
5G23  0.557358   385  2849
3NR5  0.557418   157  1290
2WOZ  0.557533   614  4778
1F60  0.557539   530  4091
1GYU  0.55755    120  931
3JXO  0.557573   169  1254
3CUO  0.557779   196  1460
3UMZ  0.557814   210  1644
2B1K  0.557867   149  1187
1TWU  0.557885   274  2178
2OR2  0.557949   592  4806
1Q8I  0.558084   708  5709
1EDG  0.558149   380  3035
4RMB  0.558208   296  2295
5GNG  0.55828    214  1760
3TP3  0.55829    388  3040
1VCA  0.558299   199  1553
2E3Z  0.558304   460  3718
5HX4  0.558327   177  1487
4I84  0.558397   296  2220
4EQA  0.558463   296  2248
1SUU  0.558603   293  2250
1EG3  0.558622   260  2089
4M1F  0.558653   568  4590
2E5B  0.558655   932  7460
3W56  0.558748   108  878
2YYV  0.558775   447  3427
3ZIH  0.558814   159  1230
4Z3I  0.55883    198  1613
1Q5X  0.558832   473  3573
3B02  0.558832   390  3118
4IQM  0.558863   313  2483
1P27  0.558988   472  3866
4JAK  0.559087   310  2450
3JXG  0.559167   257  2063
2IN0  0.559293   139  1088
2P5D  0.559304   145  1221
2EPI  0.559311   388  3043
3NK6  0.559347   521  3880
4UYI  0.559381   762  5868
2E8B  0.559397   185  1493
2A61  0.55941    279  2275
1UEK  0.559488   268  2032
4M1H  0.559537   667  5473
1SNT  0.559639   352  2768
1JY2  0.559654   278  2196
1VAV  0.559711   222  1767
3EG4  0.559746   837  6306
1V77  0.559763   202  1669
1WNY  0.559763   180  1407
1G61  0.559832   225  1692
4D8L  0.559941   294  2316
1SDO  0.559945   384  3094
4KEF  0.559969   133  1049
3RK6  0.55999    217  1738
4XIO  0.560051   658  5185
1OGM  0.560124   572  4391
2E9Y  0.560143   625  4698
3BHW  0.560157   182  1477
5ENU  0.560186   157  1206
4XBX  0.560187   294  2298
1BYR  0.56019    304  2362
1XDZ  0.56022    238  1895
4AD1  0.560263   349  2823
1V8I  0.560376   300  2412
5C86  0.56039    482  3624
1VJK  0.560427   87   702
5GLV  0.560551   278  2226
4OUH  0.560613   591  4648
3CJ1  0.560619   419  3271
3VN5  0.560666   255  2063
5A1H  0.560687   193  1549
2DYI  0.560778   162  1280
2PV2  0.560817   218  1662
1B8E  0.560845   304  2394
2FC3  0.560951   124  957
2CMG  0.56103    524  4310
4DB6  0.561087   197  1462
4ZOX  0.56109    393  3015
1T5O  0.561106   680  5302
4INO  0.561134   302  2398
3F6F  0.561203   418  3468
4MUP  0.561262   284  2196
3G03  0.561277   98   805
4L9E  0.561322   230  1772
5J3Q  0.561423   139  1145
5K7M  0.561467   486  3965
1RWR  0.561499   297  2066
1M3S  0.561563   728  5448
4CP6  0.561667   405  3185
1MK4  0.561811   314  2538
1ZCU  0.561851   520  4122
1Y9U  0.561897   314  2387
3P6J  0.561913   125  966
4L6W  0.562018   831  6141
3L7H  0.562088   176  1372
3E7D  0.562152   406  2956
3L9U  0.562297   199  1553
2BZV  0.562346   438  3423
2W0I  0.562442   135  1075
3IM1  0.562463   325  2598
1GY7  0.562496   243  1986
2J2J  0.562643   546  4218
2AAG  0.562681   388  2980
5CRB  0.562715   192  1457
1Q7F  0.562811   279  2227
2C61  0.562842   856  6606
3EBK  0.562852   165  1357
4AFV  0.563064   317  2423
4MS8  0.563072   606  4813
3P1W  0.563173   442  3523
1VET  0.563252   240  1806
2QBW  0.56326    197  1520
4ILF  0.563321   433  3294
1RL0  0.563344   255  2018
4BL7  0.563391   375  2963
3F1L  0.563445   489  3798
2EEN  0.563468   340  2896
3ILS  0.563606   265  2042
3TF3  0.563611   942  7167
3CAI  0.563718   792  5866
4NFB  0.563754   120  994
1KZF  0.563862   198  1549
4EKX  0.563897   498  4047
3HO7  0.564005   440  3534
1ZVA  0.564027   150  1102
2E0T  0.564206   300  2392
4F80  0.564228   418  3164
3L3B  0.56437    423  3172
4UEX  0.564375   81   606
3RJP  0.564419   96   800
3TGL  0.564529   265  2059
4B6G  0.564544   283  2289
4PSD  0.564548   223  1633
3GRE  0.5646     408  3127
2P2O  0.564611   552  4324
4OQZ  0.564666   566  4190
4YHE  0.564685   389  3077
3QP9  0.564781   470  3390
1XFK  0.564885   324  2533
1WR2  0.564896   235  1861
4XHY  0.56496    322  2386
3WVZ  0.565171   370  2871
2Z0D  0.565226   425  3363
1PDO  0.565377   258  1976
3TQT  0.56546    685  5340
3VBC  0.565546   136  1086
1ACF  0.565585   125  908
2PBO  0.565588   394  3214
4Z2O  0.565713   276  2070
1T4D  0.565719   734  5620
4H5S  0.56572    196  1559
2X78  0.565725   347  2781
1H2V  0.565829   815  6667
2QXV  0.565835   381  3103
1XEW  0.566084   307  2396
4K02  0.566205   508  3828
3ILC  0.566208   144  1163
4OUQ  0.566333   105  812
3WVB  0.566355   334  2668
1MF7  0.566385   194  1564
4D0K  0.566506   543  4312
4H0P  0.566518   861  6634
1H7E  0.5666     486  3766
4UMI  0.566782   342  2577
2J9W  0.566804   101  829
3PST  0.566837   317  2543
1SFP  0.566873   222  1752
1U0S  0.566958   204  1604
5IFZ  0.567023   235  1659
1DIX  0.567089   208  1612
3HEI  0.567091   306  2519
3L40  0.567147   218  1710
2PSF  0.567312   307  2516
3CT6  0.567512   258  1988
5LQB  0.567556   564  4328
1BAZ  0.567562   176  1463
2OGQ  0.567712   211  1722
3HFO  0.567756   394  3062
4ZXK  0.567794   188  1481
3KCW  0.567884   220  1740
2WPG  0.567885   625  4821
4S3I  0.567978   748  5934
2JJF  0.567979   870  6694
3ZYL  0.568084   507  4087
1WKU  0.568322   225  1804
4G6C  0.568389   658  4911
2E4M  0.568393   713  5913
4ACO  0.568426   452  3793
4GFK  0.568545   373  3059
4P7O  0.568581   345  2801
1ALY  0.568661   438  3339
3E3M  0.568661   540  4191
3M8E  0.568697   194  1524
3QIT  0.568698   564  4346
3NPV  0.56871    246  1831
1FO9  0.568771   331  2719
2P4H  0.568939   310  2405
3WP5  0.569008   227  1738
3LLB  0.569034   81   645
3ABD  0.569102   201  1616
4HJG  0.569186   551  4205
1BQC  0.56925    302  2336
4XFQ  0.569341   592  4514
2AVT  0.569537   743  5798
5FBY  0.569645   501  3937
2I49  0.569694   398  3115
4PZP  0.569695   464  3643
3VBA  0.569758   338  2590
1DUN  0.569807   360  2808
1WDJ  0.569819   524  4108
1GPQ  0.569885   510  3923
4ACJ  0.570254   167  1331
1PCF  0.570323   132  1090
2B4I  0.570407   698  5542
3VFI  0.570438   104  822
4IGI  0.570601   197  1497
3CWV  0.570639   349  2693
1SUL  0.570842   186  1487
5B08  0.570865   204  1709
1BYI  0.570883   448  3384
5E1V  0.570905   274  2141
4IRG  0.571003   196  1614
3VDM  0.571055   958  7478
2I3S  0.571228   370  2953
2O5U  0.571275   574  4428
1EUV  0.571292   300  2417
4P7T  0.571409   501  3520
3G40  0.57141    516  4098
1KS9  0.571416   291  2267
1H6K  0.571526   805  6584
1L2L  0.571612   432  3479
4UQ9  0.571619   390  3128
3QSQ  0.571691   432  3462
1WHI  0.571701   244  1874
5CXQ  0.57174    852  6513
4C8X  0.571795   144  1155
4ZN2  0.571816   413  3329
3E1E  0.571964   558  4256
2EKC  0.57207    253  2010
2ZU1  0.572072   180  1397
2VOK  0.572105   371  2995
4XYG  0.572151   752  5812
4AK9  0.572239   599  4547
3M6N  0.572342   796  6142
5H1J  0.57253    693  5423
3GWA  0.572605   674  5068
4ML1  0.57281    406  3136
3TUA  0.572844   210  1638
4HFJ  0.572863   659  5006
3T3K  0.573087   122  954
4CMH  0.573131   669  5206
2OKT  0.573283   342  2760
3P8T  0.573297   588  4814
4YJY  0.573325   782  5985
2NV0  0.573391   191  1457
3K74  0.573463   274  2149
2CWR  0.573491   97   738
1Y2Q  0.573725   286  2280
5FHK  0.573843   390  3108
1EDT  0.573849   530  4030
1YO3  0.573859   170  1378
1SFL  0.573895   463  3687
3PSG  0.573968   365  2692
2PBQ  0.574274   511  3858
3PTE  0.57428    347  2615
1V5X  0.574309   400  3056
4ELO  0.57433    308  2388
1O9Z  0.574455   170  1266
2P7M  0.574492   249  2018
4Z9P  0.574625   293  2301
1X2I  0.574718   136  1066
4OX6  0.574773   588  4359
1WMW  0.574842   647  5050
4KN8  0.574846   499  3881
5C2M  0.574903   237  1876
1WOU  0.574917   119  947
1JPS  0.574923   626  4858
4B89  0.574947   230  1844
3FFD  0.575007   445  3391
2GKG  0.575057   122  922
5C98  0.575121   359  2844
1OK7  0.575203   739  5744
3NUI  0.575269   844  6553
1NAR  0.575337   289  2333
1XX2  0.575384   359  2751
3VPZ  0.575603   644  4810
2DVK  0.575615   332  2592
1LTS  0.575624   741  5978
3G39  0.575758   165  1261
1YTL  0.575819   158  1258
1XKR  0.576037   205  1577
4ORD  0.576046   552  4116
3A0Y  0.576051   147  1200
3D9X  0.576054   339  2472
1X56  0.576065   840  6888
2IPR  0.576084   251  2054
3MGK  0.576107   400  3198
1V05  0.576129   192  1450
1IU8  0.57616    412  3182
1L6P  0.576231   121  958
2DM9  0.57625    236  1874
3U80  0.576416   250  1930
4F3J  0.57646    429  3348
2IZ6  0.576536   630  4408
4D5R  0.576594   151  1214
3UR8  0.576601   321  2569
4O5S  0.576643   323  2407
2YMU  0.57666    577  4323
3E6D  0.576727   405  3239
1QO7  0.576815   770  6128
4RL1  0.576823   318  2392
4MYL  0.576858   864  6636
5DIK  0.576947   672  5088
4D9O  0.577076   395  3139
1IV1  0.577237   450  3456
1MTZ  0.577241   290  2328
1V8E  0.577249   434  3328
2X3M  0.577257   166  1347
5GMB  0.577299   342  2590
2EGJ  0.577593   504  4244
3CIV  0.577615   316  2521
3EES  0.57771    259  2105
1OI7  0.57781    270  1972
4PON  0.577816   343  2629
3G98  0.578048   111  854
4L4Y  0.578179   477  3480
3RKC  0.578213   293  2240
1ILK  0.578327   302  2468
2HY5  0.578407   726  5736
4TRP  0.578421   422  3161
1BHE  0.578475   376  2813
4LN9  0.578497   557  4134
2Q8O  0.578612   250  1999
3BF7  0.57862    255  2018
4LDM  0.578692   960  7464
4ZVD  0.578722   226  1864
2E8F  0.578832   264  2106
3ZDM  0.578906   396  3036
2EBB  0.57902    192  1614
4U3V  0.579054   242  1932
4OO4  0.57921    105  817
5E5B  0.579223   431  3367
4RM6  0.579237   781  6026
3VJ8  0.579391   335  2705
2G40  0.579565   328  2432
4W1U  0.579603   386  3082
3G9B  0.579764   148  1192
3F2G  0.579892   205  1562
1QB5  0.58014    495  3750
3V46  0.580148   160  1357
1QCX  0.580291   359  2662
4O9L  0.580383   96   788
3WYD  0.580406   384  2992
5ELL  0.580462   466  3603
1BAM  0.580464   400  3238
1XIZ  0.580573   155  1234
3EYE  0.580648   153  1203
2BH8  0.580661   342  2518
3ERS  0.580692   224  1740
5JVV  0.580734   297  2279
4M98  0.580778   615  4284
4WOG  0.580784   602  4626
4Y9S  0.580839   320  2560
3NRP  0.581096   303  2356
1SRV  0.581114   145  1106
1R1U  0.581163   187  1483
2DQW  0.581255   497  3834
3TUO  0.581303   391  2981
1MY7  0.581404   209  1673
1Z7G  0.58146    796  6236
4JAR  0.581791   705  5292
3SR3  0.582028   637  4983
1H1N  0.582129   305  2366
1H6T  0.582217   291  2283
1A7U  0.582224   554  4290
5L33  0.582429   106  893
4K82  0.582477   205  1563
2G30  0.582517   252  1990
2J7V  0.582626   265  2041
2ZJ8  0.582688   700  5602
1MS3  0.582787   623  4835
2NYC  0.582804   260  2028
1SU9  0.582942   137  1083
1XG7  0.582979   484  3876
1TM2  0.583001   314  2402
1IJB  0.583002   202  1620
1H4Y  0.583044   115  906
3E96  0.583158   596  4683
4XO9  0.5833     292  2141
4Y6I  0.583529   314  2409
3CPT  0.583642   235  1798
3ME8  0.583721   169  1364
3F8T  0.583813   459  3608
1J1I  0.584025   516  4042
4PBO  0.584071   621  4992
4JZ5  0.584128   206  1630
4HFL  0.584183   159  1229
1GQZ  0.584214   274  2083
2D59  0.584319   141  1148
3C5V  0.584534   294  2278
1ZV1  0.584617   118  972
5GTU  0.584628   210  1672
2GOP  0.584644   624  5198
5IHS  0.584671   306  2441
2I4L  0.584677   880  6974
3EXV  0.584729   591  4644
2D7J  0.584731   188  1497
5GMT  0.584838   267  2100
1VH4  0.584903   824  6422
3V4G  0.584967   870  6708
2YML  0.585025   452  3480
4HRG  0.585054   243  1972
4LEB  0.585165   306  2305
1QYA  0.585195   600  4610
3IPF  0.585317   134  1046
1PZC  0.585347   122  927
1A4U  0.585486   508  3926
1DHN  0.585692   968  7736
4IKN  0.585923   254  2025
5H9K  0.585951   154  1170
2DPL  0.586182   565  4477
3DA0  0.58621    400  3080
3PZF  0.586282   369  2931
2AN1  0.58638    543  4246
4YZP  0.586763   509  4015
1ZZG  0.586813   830  6518
4MGS  0.586857   141  1115
2ZGL  0.586884   320  2428
3Q9V  0.586886   98   780
1K6A  0.587114   302  2299
2XTY  0.587353   415  3211
5EDX  0.587454   228  1852
2PTV  0.58746    96   797
1LBV  0.587551   504  3932
1MI8  0.587628   282  2214
1TVN  0.587847   584  4507
3IWV  0.588229   461  3616
2QY6  0.588318   488  3946
3HA9  0.588327   161  1245
2BCM  0.588434   413  3070
1J23  0.588548   262  2058
3T30  0.588549   462  3607
2WMF  0.58864    555  4503
4Z85  0.589106   394  3110
2J71  0.589461   204  1690
5E71  0.589629   323  2599
4ELL  0.589671   331  2733
1YE5  0.58969    289  2335
4W6X  0.589776   267  2028
2Z0M  0.589817   331  2650
1O50  0.589879   282  2248
1R29  0.589979   244  1970
4XY5  0.58999    484  3692
1JPE  0.590195   116  935
3VJZ  0.590201   327  2596
1J33  0.590227   666  4854
2ILR  0.590239   249  1922
4J78  0.590515   305  2443
4IL7  0.590924   85   631
1JYO  0.590935   726  5706
1HTR  0.591204   744  5726
2BV9  0.591208   284  2307
4JYP  0.591439   267  2074
5K3D  0.591521   578  4587
3GDM  0.591606   510  3932
1MKB  0.591609   342  2650
3H5E  0.591809   154  1186
1R1T  0.592995   197  1556
2P8T  0.593204   184  1463
1GUX  0.593252   327  2709
2ECR  0.593298   298  2260
3TDN  0.593545   242  1844
5GGV  0.593599   557  4233
2E10  0.593893   439  3416
2G69  0.593988   198  1506
2X4J  0.594066   327  2559
3EXR  0.594208   430  3227
2B0J  0.594334   688  5186
3G7G  0.594357   576  4595
4PEK  0.594361   246  1991
1B2P  0.594396   476  3728
1O24  0.594407   855  7135
2VXQ  0.59462    518  3967
3D79  0.594627   167  1331
1VC1  0.594756   220  1726
4RVC  0.594856   960  7596
4NZZ  0.59511    287  2374
5CTT  0.595131   442  3386
1GXJ  0.595197   323  2488
4WU0  0.595618   360  2936
2P3E  0.595816   801  6299
4FHR  0.596049   182  1476
1J7G  0.596085   288  2230
5LY5  0.596096   154  1216
1F2T  0.596476   288  2310
4CIL  0.596533   279  2218
2GIY  0.596547   357  2739
1OA4  0.596643   222  1685
1G2Q  0.596704   356  2772
2GMY  0.596865   876  6963
2Y32  0.59689    549  4034
3UV0  0.597121   196  1489
3WX4  0.597218   196  1656
3L18  0.597456   335  2653
4YAE  0.597568   468  3520
3EGO  0.597926   583  4554
3M5B  0.598096   218  1668
2EIU  0.598221   240  1829
5M5R  0.598416   374  2915
3E57  0.59871    363  2972
4YFW  0.598724   161  1305
2EJX  0.599002   134  1090
3GW3  0.599412   714  5602
4S0O  0.599447   351  2754
1YFN  0.599548   249  1989
1O8X  0.599584   143  1144
1E65  0.599645   512  3896
2YVA  0.59971    772  5792
2R0F  0.5999     652  5252
2DST  0.599913   244  1858
5D5K  0.599941   440  3356
3K4W  0.600453   843  6636
5AVO  0.600455   599  4500
3L78  0.600467   117  934
4PER  0.600614   567  4358
1RGX  0.600896   272  2000
3R1W  0.601087   542  4071
2GTD  0.601104   496  3858
3BOR  0.601203   194  1493
2CU5  0.601312   382  3016
3F02  0.601351   357  2869
5EJ3  0.601435   191  1480
1V6T  0.60144    996  7792
4HEM  0.601459   755  5745
1AOH  0.601781   290  2127
3FTD  0.602095   240  1933
4NAF  0.602202   445  3344
2GXG  0.602613   280  2264
2RCI  0.602699   188  1491
1BG6  0.602949   698  5184
1VPK  0.60304    734  5702
2GGO  0.603229   401  3141
1XE0  0.603371   525  3980
2VVW  0.603421   300  2508
4EQY  0.603563   782  5780
3BS4  0.603899   248  2054
3C8X  0.603969   320  2560
2XWS  0.604096   252  2024
1R0V  0.6043     488  4100
1ZRS  0.604353   588  4505
1RI6  0.604482   333  2574
2J6B  0.604698   218  1732
3PAC  0.605002   549  3951
2XBG  0.605005   616  4816
5E0U  0.605416   273  2124
4J87  0.605483   316  2548
3H04  0.605581   272  2191
1XQO  0.606265   253  2054
2HQ4  0.606703   158  1339
3N11  0.606798   325  2501
3IFN  0.606928   440  3389
1H4A  0.607024   173  1444
4TRT  0.607106   722  5432
5BOP  0.607227   290  2296
3KT2  0.607882   198  1514
4PDC  0.608111   395  3241
1CEO  0.608471   332  2782
1M0Z  0.608693   259  2033
2R6Q  0.608856   414  2886
4RGY  0.60898    946  7516
5ITM  0.609323   280  2254
1WLT  0.609504   352  2894
4E2U  0.609574   168  1351
2OMZ  0.609944   569  4323
2YVS  0.610032   438  3440
3NDD  0.610236   370  2882
3G1S  0.610622   418  3196
1VE2  0.610708   442  3254
3AMC  0.610901   308  2595
3ER6  0.610981   376  2924
4ZBH  0.611142   238  1858
4AO6  0.611439   444  3394
1KZ1  0.61243    746  5626
1CNV  0.61317    283  2263
2EX0  0.61322    392  3190
1W30  0.613715   702  5312
3PZ9  0.614132   357  2927
1T6L  0.614558   498  3882
3CGI  0.615161   672  5022
1UJN  0.615343   674  5120
3BA1  0.615371   624  4782
4DM7  0.615797   590  4703
3FWU  0.616039   339  2637
3RJS  0.616102   174  1428
2B0A  0.616568   372  2974
3AAP  0.616999   353  2792
1TLU  0.617206   234  1868
1MTP  0.617468   355  2714
3LFJ  0.619187   167  1302
2ECE  0.619297   455  3658
2ZCN  0.619308   362  3075
5L37  0.620044   397  2890
2B3M  0.620728   308  2414
4MDR  0.620833   252  2001
1U1S  0.621042   394  3178
3T43  0.621333   309  2394
2IIA  0.62312    356  2800
3ZSL  0.623709   138  1109
1U5X  0.623722   390  2982
4UOS  0.624329   188  1522
1ZAV  0.625658   353  2818
4ZRZ  0.626266   496  3776
5I4C  0.627966   262  2022
5FJD  0.628336   442  3140
1MGQ  0.629094   511  4022
2JEM  0.629206   232  1847
1OGH  0.629309   525  4242
2Z8U  0.63014    692  5323
4RJV  0.630415   163  1285
3UEB  0.631136   204  1660
2GDG  0.631352   342  2607
2E7A  0.632669   435  3387
2F5G  0.633751   260  2162
2ZYZ  0.635076   555  4479
4PSJ  0.63675    255  1963
4R6F  0.643583   329  2561
2IVY  0.644003   176  1460
1H64  0.644286   497  3955
2YLB  0.647422   400  3203
2DBB  0.650237   294  2405
1C48  0.651197   345  2715
3VHO  0.653531   256  2083
5CWB  0.658242   197  1531
1EZG  0.689196   164  1106
5ARM  0.732508   508  3768
5FIG  0.744413   385  2817
