0.415724
0.206519
0.279706
0.261781
0.174957
0.236944
0.278572
0.192886
0.252154
0.208443
0.26929
0.246632
0.238239
0.267178
0.241082
0.238452
0.23701
0.154956
0.22788
0.26496
0.191989
0.335992
0.243093
0.290758
0.27539
0.184129
0.253107
0.227761
0.27486
0.334005
0.217935
0.218753
0.278652
0.303863
0.279149
0.332338
0.27681
0.220885
0.245088
0.148834
0.289896
0.260979
0.277757
0.203588
0.262915
0.314381
0.268747
0.24105
0.209944
0.34816
0.314869
0.254198
0.198583
0.191054
0.193166
0.267513
0.283557
0.351209
0.192747
0.24173
0.336285
0.272759
0.314953
0.301359
0.23973
0.263359
0.249332
0.234643
0.171015
0.271489
0.186352
0.25273
0.136547
0.311299
0.405819
0.232623
0.223837
0.275576
0.220967
0.294755
0.241387
0.296897
0.294921
0.260397
0.266829
0.212058
0.217151
0.228018
0.244737
0.20953
0.236184
0.342555
0.210178
0.251493
0.298954
0.315239
0.355748
0.251682
0.253189
0.281439
0.29952
0.22658
0.24686
0.314766
0.266842
0.260142
0.233718
0.304825
0.18011
0.226579
0.221042
0.227629
0.253237
0.295663
0.278439
0.347887
0.216763
0.245654
0.236596
0.239588
0.260815
0.235611
0.226241
0.328449
0.236595
0.242591
0.21568
0.263302
0.261514
0.241536
0.227213
0.2356
0.259762
0.321679
0.262912
0.380151
0.241034
0.260697
0.227628
0.276233
0.212064
0.269684
0.195724
0.293606
0.246164
0.245331
0.225624
0.268418
0.166765
0.265825
0.246821
0.378288
0.199131
0.314717
0.283936
0.202734
0.238767
0.248699
0.342253
0.285542
0.288204
0.317502
0.263312
0.227736
0.275429
0.228419
0.221426
0.239113
0.29335
0.271941
0.298392
0.311633
0.22619
0.235826
0.275067
0.210532
0.197054
0.279759
0.288318
0.244668
0.211276
0.239495
0.192128
0.243511
0.308343
0.207208
0.21436
0.229995
0.269635
0.1616
0.239479
0.10174
0.23814
0.230241
0.253308
0.312435
0.355786
0.276787
0.26397
0.235441
0.320256
0.259283
0.211316
0.297031
0.290937
0.299534
0.20476
0.270409
0.262402
0.323666
0.207715
0.236549
0.238776
0.222343
0.234411
0.20882
0.292238
0.373093
0.266564
0.270776
0.264321
0.358073
0.276981
0.330714
0.338274
0.347739
0.2729
0.31067
0.293248
0.251385
0.198788
0.275629
0.221393
0.263197
0.291637
0.288533
0.258022
0.271941
0.263217
0.215172
0.240345
0.245507
0.261691
0.241138
0.272868
0.259038
0.216132
0.250468
0.189871
0.304612
0.217446
0.232818
0.321085
0.226947
0.237033
0.208364
0.272718
0.336128
0.242266
0.253252
0.299502
0.274893
0.250957
0.309846
0.356159
0.196747
0.281437
0.251749
0.2647
0.28813
0.288409
0.25401
0.295836
0.200689
0.172604
0.226108
0.216091
0.349127
0.197643
0.277671
0.174233
0.238092
0.247726
0.284261
0.265903
0.301466
0.216938
0.368997
0.27981
0.200335
0.291246
0.269542
0.261076
0.187632
0.259529
0.278874
0.288809
0.175597
0.28084
0.202797
0.258236
0.180559
0.1871
0.252871
0.339077
0.213864
0.230664
0.268304
0.397644
0.249079
0.315704
0.279497
0.304696
0.219409
0.225272
0.228361
0.275182
0.259399
0.222519
0.277842
0.180181
0.181731
0.294523
0.176905
0.274306
0.201695
0.199329
0.291281
0.236372
0.184897
0.258461
0.284857
0.240032
0.202551
0.303588
0.276897
0.173597
0.215853
0.244597
0.227179
0.233731
0.319102
0.162814
0.245475
0.200161
0.202476
0.374626
0.311772
0.222843
0.228933
0.266743
0.324236
0.17913
0.27093
0.245482
0.222408
0.208483
0.195588
0.260627
0.298336
0.253845
0.211191
0.199725
0.271913
0.274973
0.132239
0.208015
0.224383
0.229986
0.240294
0.207016
0.222034
0.240001
0.286294
0.251136
0.222751
0.170619
0.357751
0.271882
0.260411
0.208278
0.209326
0.191379
0.295786
0.228339
0.312972
0.227371
0.22573
0.32674
0.247318
0.25101
0.22179
0.253746
0.248516
0.194104
0.212707
0.234588
0.272113
0.283066
0.262481
0.189486
0.261034
0.282504
0.255098
0.173657
0.206529
0.188809
0.28213
0.270832
0.253978
0.340839
0.211447
0.298825
0.31085
0.23787
0.198385
0.303334
0.169709
0.356379
0.27594
0.274496
0.280445
0.284577
0.258563
0.317734
0.238839
0.2356
0.230447
0.279954
0.27274
0.241139
0.355747
0.272255
0.24468
0.16109
0.228851
0.239407
0.234587
0.255263
0.283212
0.311741
0.295258
0.216753
0.319596
0.325781
0.28248
0.243492
0.222538
0.140637
0.239319
0.210823
0.273639
0.305568
0.274491
0.230879
0.175755
0.169165
0.2007
0.165487
0.294327
0.324016
0.254907
0.223472
0.343304
0.306142
0.20182
0.298948
0.252285
0.230781
0.185266
0.269711
0.282004
0.253095
0.237114
0.196398
0.253822
0.261866
0.260005
0.239196
0.250994
0.154799
0.284436
0.315799
0.220983
0.228495
0.256199
0.308404
0.253153
0.299625
0.30218
0.261786
0.217466
0.241299
0.245492
0.227061
0.31261
0.31865
0.330847
0.203971
0.311282
0.251409
0.48812
0.204564
0.282061
0.230231
0.238849
0.321829
0.277089
0.23353
0.154083
0.288509
0.1834
0.296855
0.298372
0.372073
0.237732
0.27176
0.301798
0.258584
0.323324
0.395362
0.294937
0.283158
0.241559
0.194599
0.300866
0.257209
0.183748
0.151565
0.21296
0.241856
0.22123
0.263868
0.268123
0.352861
0.283628
0.29147
0.295471
0.247211
0.324964
0.25745
0.362082
0.257741
0.317028
0.29175
0.219816
0.262304
0.332452
0.155729
0.237556
0.310105
0.229103
0.211093
0.186193
0.324899
0.238505
0.230685
0.365084
0.284788
0.340968
0.294528
0.252562
0.315733
0.331264
0.212178
0.344191
0.378723
0.343858
0.212723
0.19717
0.224016
0.235812
0.229354
0.214092
0.312489
0.30295
0.247647
0.30245
0.255171
0.300913
0.171069
0.191122
0.259912
0.302728
0.243375
0.290236
0.156904
0.184251
0.224814
0.328998
0.204923
0.207917
0.285901
0.244218
0.264111
0.208681
0.229443
0.237041
0.314638
0.264985
0.35043
0.231163
0.250298
0.200176
0.264838
0.226822
0.280458
0.172327
0.303499
0.318343
0.29409
0.290857
0.197395
0.25066
0.259412
0.295674
0.23468
0.19347
0.269312
0.197169
0.27476
0.363497
0.291156
0.305552
0.291451
0.243481
0.286527
0.225349
0.217551
0.165593
0.23196
0.192459
0.27176
0.267834
0.269526
0.321371
0.214698
0.19637
0.223553
0.183427
0.301823
0.160378
0.284581
0.246136
0.22306
0.189417
0.200176
0.217258
0.25103
0.152768
0.190445
0.286737
0.324784
0.232089
0.256072
0.253918
0.316886
0.173417
0.298077
0.243656
0.261443
0.234995
0.357453
0.294745
0.288758
0.304347
0.132328
0.307096
0.16962
0.276517
0.306679
0.201356
0.250138
0.176582
0.264022
0.304753
0.177225
0.143044
0.161172
0.248549
0.347403
0.272374
0.210603
0.311186
0.273918
0.247045
0.26396
0.252506
0.274289
0.28328
0.337136
0.20122
0.250482
0.246007
0.31282
0.196355
0.212443
0.191234
0.202086
0.296881
0.242334
0.288803
0.29048
0.23125
0.236493
0.299567
0.320126
0.366602
0.308131
0.328332
0.188562
0.310786
0.142654
0.174422
0.239124
0.286291
0.256352
0.229666
0.268819
0.276614
0.284161
0.273544
0.287629
0.380601
0.221044
0.198358
0.233357
0.31133
0.230479
0.309271
0.156875
0.301022
0.255821
0.215765
0.357884
0.245072
0.19566
0.217168
0.174586
0.193505
0.27828
0.310626
0.292999
0.219325
0.199866
0.224561
0.222685
0.197314
0.247247
0.190232
0.232881
0.262082
0.27307
0.328907
0.260875
0.276854
0.338982
0.178693
0.25958
0.276321
0.147965
0.189483
0.362332
0.215433
0.30745
0.268589
0.308097
0.319724
0.275443
0.205967
0.357762
0.297182
0.274849
0.332003
0.236631
0.238621
0.240974
0.295968
0.249631
0.214546
0.216986
0.136512
0.288808
0.337841
0.199969
0.295199
0.328379
0.272841
0.267034
0.261527
0.223244
0.253253
0.244229
0.201181
0.238327
0.222214
0.285545
0.227433
0.266524
0.239083
0.400973
0.227015
0.273416
0.255283
0.300566
0.288826
0.313861
0.334195
0.311791
0.246696
0.33
0.264767
0.217823
0.346065
0.257657
0.271749
0.279312
0.290142
0.224981
0.29574
0.290056
0.244693
0.287649
0.19086
0.223254
0.165105
0.284454
0.244712
0.381695
0.200278
0.226366
0.300969
0.341595
0.235681
0.277301
0.188907
0.249882
0.261636
0.189286
0.271683
0.32367
0.298972
0.252401
0.333258
0.185749
0.229982
0.228844
0.193197
0.202369
0.21521
0.282991
0.254963
0.335714
0.291891
0.245445
0.289772
0.200465
0.240223
0.329021
0.263179
0.161055
0.194173
0.245566
0.348371
0.265125
0.311779
0.273525
0.28552
0.234578
0.35182
0.234313
0.26807
0.322837
0.234876
0.284006
0.325441
0.308312
0.284533
0.227028
0.305703
0.24561
0.268978
0.286203
0.183917
0.336967
0.165517
0.265828
0.262091
0.22953
0.324715
0.281727
0.260525
0.232987
0.339379
0.261253
0.215669
0.298131
0.33858
0.250414
0.216479
0.28414
0.220956
0.270032
0.28869
0.338048
0.281697
0.19301
0.291766
0.220022
0.324477
0.259178
0.280203
0.243613
0.264316
0.239104
0.228548
0.188095
0.230191
0.339326
0.324581
0.368641
0.333421
0.27362
0.281833
0.310289
0.283486
0.297546
0.20419
0.328602
0.168324
0.197255
0.293797
0.177936
0.171992
0.268204
0.215373
0.244574
0.246978
0.247695
0.241076
0.265213
0.276465
0.238101
0.333352
0.2306
0.267055
0.348298
0.259322
0.223076
0.217198
0.240993
0.32574
0.311216
0.330606
0.257901
0.210585
0.29002
0.239712
0.238613
0.273466
0.218531
0.336763
0.276295
0.200845
0.324638
0.212181
0.278942
0.256864
0.278186
0.232489
0.198032
0.375761
0.189646
0.260566
0.220446
0.329151
0.268981
0.258016
0.233151
0.314666
0.134344
0.312753
0.386438
0.309061
0.248306
0.385656
0.314399
0.319849
0.237665
0.244442
0.251896
0.281243
0.25627
0.241951
0.201824
0.195587
0.350455
0.217388
0.36974
0.166173
0.360011
0.519771
0.385901
0.396192
0.343563
0.329373
0.294989
0.313345
0.338903
0.393728
0.303178
0.378361
0.376723
0.380481
0.310111
0.368689
0.417771
0.366277
0.295942
0.366002
0.399526
0.381594
0.330004
0.353915
0.356825
0.343196
0.264717
0.350585
0.340764
0.373969
0.358048
0.316517
0.268395
0.336041
0.3772
0.354879
0.356052
0.386142
0.305913
0.359976
0.379107
0.329443
0.376498
0.353743
0.376874
0.377096
0.357046
0.324515
0.39961
0.309711
0.389607
0.429879
0.397808
0.3709
0.366367
0.341229
0.321945
0.29705
0.382871
0.2836
0.359046
0.31083
0.356261
0.350617
0.401983
0.377888
0.351851
0.338165
0.377934
0.346359
0.299316
0.447234
0.29811
0.255288
0.405719
0.337619
0.376711
0.31126
0.297504
0.335744
0.323856
0.392248
0.283251
0.382594
0.34377
0.359559
0.346572
0.320144
0.353384
0.327033
0.246745
0.320452
0.405155
0.334503
0.323137
0.305951
0.320048
0.320632
0.307884
0.28698
0.352508
0.291876
0.303737
0.30624
0.33807
0.347596
0.370353
0.420951
0.300357
0.386134
0.373203
0.398391
0.241806
0.262314
0.276036
0.300022
0.241766
0.30897
0.352493
0.394662
0.334664
0.29537
0.384515
0.292254
0.38419
0.331239
0.28687
0.365789
0.321307
0.303169
0.321489
0.360981
0.299461
0.284751
0.369298
0.451801
0.357854
0.322794
0.321624
0.246614
0.369508
0.229678
0.375583
0.396191
0.285512
0.383728
0.345862
0.280416
0.273211
0.315727
0.320158
0.379083
0.31466
0.259714
0.253086
0.375214
0.435191
0.280195
0.344673
0.301087
0.260686
0.262503
0.34204
0.334496
0.323459
0.296291
0.346759
0.351061
0.300249
0.335954
0.359474
0.294063
0.267177
0.310411
0.36262
0.402706
0.365288
0.380793
0.402247
0.380902
0.362062
0.383029
0.224601
0.325671
0.367842
0.347429
0.426574
0.41436
0.29143
0.303378
0.359579
0.354844
0.274421
0.381586
0.360489
0.328777
0.326664
0.377789
0.385031
0.280418
0.423006
0.333255
0.400588
0.353077
0.327464
0.334623
0.395417
0.289053
0.38867
0.328931
0.335583
0.283578
0.40931
0.285872
0.324187
0.311255
0.305263
0.278611
0.306089
0.396963
0.327539
0.392419
0.37458
0.411314
0.265431
0.362688
0.352574
0.322581
0.168006
0.292097
0.294984
0.372767
0.358377
0.366359
0.318189
0.365468
0.319039
0.360968
0.386379
0.364395
0.330046
0.352789
0.349746
0.353347
0.358577
0.339707
0.341095
0.313182
0.257256
0.431959
0.320431
0.387066
0.263797
0.359813
0.40418
0.318154
0.209054
0.339159
0.250718
0.343053
0.328462
0.389419
0.355008
0.319067
0.329071
0.336867
0.283696
0.304906
0.289133
0.412267
0.282461
0.392397
0.245575
0.286347
0.391681
0.385662
0.416971
0.332123
0.349934
0.266876
0.2917
0.442906
0.318565
0.491111
0.28044
0.380352
0.35429
0.329398
0.311033
0.342094
0.303407
0.26284
0.308683
0.42343
0.40447
0.238926
0.344208
0.335435
0.342974
0.336447
0.411927
0.336071
0.357358
0.306789
0.314488
0.3106
0.392738
0.343047
0.299566
0.440696
0.355558
0.370717
0.33261
0.411876
0.320702
0.24614
0.24168
0.383075
0.368907
0.309755
0.317374
0.3494
0.301996
0.294765
0.278452
0.350271
0.308303
0.354999
0.363857
0.354291
0.290239
0.306644
0.439326
0.387294
0.35004
0.385409
0.399385
0.344494
0.42736
0.287556
0.255234
0.252164
0.390199
0.310491
0.365784
0.375382
0.351687
0.368942
0.325794
0.315003
0.330228
0.402304
0.430555
0.333627
0.325957
0.377617
0.31614
0.300464
0.357962
0.343457
0.26488
0.30156
0.297667
0.350323
0.392717
0.326414
0.314345
0.350922
0.365684
0.353128
0.423686
0.32634
0.370284
0.361209
0.377473
0.38806
0.281671
0.363121
0.373203
0.358299
0.314215
0.274872
0.380338
0.352734
0.372056
0.305303
0.310703
0.321981
0.306201
0.315627
0.396291
0.394094
0.390313
0.331347
0.255896
0.245697
0.354246
0.381691
0.311727
0.270249
0.374164
0.34295
0.348293
0.390504
0.354572
0.33774
0.348926
0.32843
0.338906
0.359591
0.377128
0.333855
0.347815
0.339675
0.423552
0.241197
0.327092
0.320506
0.281216
0.290923
0.318775
0.328114
0.409183
0.311209
0.277455
0.305497
0.299921
0.339806
0.361742
0.314151
0.381991
0.376917
0.293615
0.369215
0.322205
0.30532
0.342717
0.400526
0.328051
0.268177
0.269441
0.288057
0.337058
0.332242
0.335794
0.235623
0.337341
0.309681
0.321758
0.341799
0.201643
0.319609
0.33438
0.303668
0.316303
0.372597
0.431316
0.350049
0.289917
0.315921
0.317037
0.284401
0.311045
0.316213
0.402203
0.303939
0.329513
0.286005
0.342224
0.295712
0.33008
0.386322
0.332083
0.389429
0.318552
0.365384
0.337174
0.368605
0.282519
0.341377
0.341784
0.331976
0.401626
0.321799
0.350319
0.303345
0.246344
0.258375
0.344072
0.34489
0.279776
0.322432
0.344271
0.339351
0.311488
0.349928
0.32326
0.352359
0.378741
0.290178
0.352211
0.3117
0.326248
0.403866
0.409553
0.372597
0.387933
0.316458
0.228276
0.39578
0.305228
0.429301
0.400564
0.413343
0.418315
0.397346
0.268037
0.352502
0.420386
0.361452
0.384139
0.349528
0.375889
0.340661
0.414343
0.400319
0.400001
0.315903
0.36266
0.276322
0.427165
0.415441
0.245214
0.431894
0.330371
0.44364
0.425594
0.417859
0.375512
0.387168
0.43753
0.48157
0.324439
0.362413
0.389803
0.354988
0.289765
0.425247
0.440984
0.451389
0.35604
0.419433
0.25336
0.256132
0.426979
0.423667
0.406084
0.443218
0.396223
0.457131
0.37393
0.378818
0.313151
0.434111
0.392145
0.29562
0.391011
0.32002
0.278211
0.334186
0.324575
0.387432
0.312511
0.279687
0.369729
0.264486
0.346144
0.254409
0.379273
0.368517
0.433468
0.349128
0.312068
0.415928
0.371431
0.45119
0.447604
0.448652
0.396481
0.33761
0.293283
0.341797
0.391648
0.372824
0.356797
0.416677
0.341306
0.426137
0.4163
0.438325
0.426429
0.35381
0.25572
0.411393
0.380314
0.393122
0.307461
0.301243
0.249766
0.383314
0.426676
0.445809
0.443729
0.424773
0.366558
0.329461
0.357394
0.35998
0.439506
0.365379
0.209263
0.387579
0.399244
0.350555
0.354247
0.363306
0.44685
0.394081
0.451946
0.375381
0.380868
0.371746
0.292909
0.40627
0.386
0.336242
0.439894
0.355146
0.383513
0.337271
0.34664
0.400554
0.41228
0.22559
0.393274
0.415807
0.345429
0.400779
0.391243
0.256834
0.299466
0.419705
0.31218
0.436056
0.256495
0.420097
0.422472
0.370938
0.369807
0.474092
0.391257
0.370536
0.390123
0.425021
0.444062
0.376332
0.405809
0.312793
0.395897
0.412593
0.432046
0.321129
0.361369
0.42295
0.392733
0.389717
0.30519
0.426934
0.43281
0.296449
0.435398
0.364866
0.31349
0.326153
0.365666
0.289593
0.360468
0.323786
0.306864
0.423947
0.417883
0.371863
0.360974
0.327231
0.234733
0.419185
0.390639
0.366145
0.255039
0.398935
0.376549
0.439264
0.360918
0.312348
0.390101
0.169767
0.483323
0.347776
0.258512
0.200721
0.32251
0.389897
0.352702
0.356137
0.234088
0.272259
0.276345
0.369375
0.372368
0.310791
0.412792
0.335523
0.233573
0.410479
0.419308
0.378749
0.274567
0.368462
0.334888
0.315481
0.408587
0.381154
0.303197
0.24328
0.469571
0.375583
0.369177
0.403418
0.364623
0.272092
0.320326
0.373265
0.357288
0.348983
0.344793
0.378229
0.355066
0.264284
0.395232
0.465113
0.333035
0.278861
0.406743
0.280116
0.403836
0.423294
0.305601
0.397128
0.298361
0.423451
0.361695
0.339614
0.462332
0.403063
0.24422
0.4142
0.332903
0.435085
0.370019
0.381517
0.415452
0.435381
0.377996
0.406057
0.371227
0.358531
0.251767
0.203129
0.362576
0.354453
0.41792
0.396353
0.288789
0.320723
0.249469
0.398324
0.336656
0.368904
0.338415
0.409291
0.400982
0.399528
0.308129
0.401307
0.415646
0.421175
0.407071
0.369595
0.209029
0.353145
0.472822
0.333947
0.444352
0.37481
0.332736
0.213922
0.348238
0.382633
0.422968
0.264973
0.283309
0.152621
0.409125
0.352194
0.325916
0.329156
0.401992
0.342017
0.246372
0.322168
0.345274
0.425176
0.415101
0.391332
0.469029
0.260917
0.247935
0.403839
0.442523
0.292323
0.377503
0.437302
0.436232
0.373686
0.377846
0.390256
0.401429
0.438585
0.265037
0.376651
0.418047
0.355288
0.340245
0.353848
0.365027
0.214049
0.395832
0.392966
0.360856
0.43735
0.377117
0.291714
0.418866
0.385372
0.4069
0.345736
0.397823
0.378111
0.26329
0.355032
0.381645
0.444064
0.352731
0.425263
0.343753
0.37277
0.398404
0.443943
0.389842
0.320216
0.443484
0.473849
0.426995
0.417388
0.413065
0.406413
0.346277
0.399691
0.353868
0.263404
0.409381
0.404309
0.367122
0.405751
0.344375
0.436553
0.302855
0.402591
0.279358
0.411305
0.282573
0.453516
0.441177
0.185744
0.407509
0.44182
0.397528
0.410385
0.347899
0.411822
0.298717
0.349245
0.245397
0.277462
0.382078
0.48669
0.367303
0.389543
0.426806
0.349416
0.275183
0.373392
0.433893
0.351004
0.396112
0.438721
0.343835
0.369639
0.298086
0.439367
0.42549
0.410039
0.434404
0.375652
0.275639
0.468894
0.438607
0.441472
0.348862
0.356426
0.428697
0.384293
0.331847
0.480292
0.384236
0.366429
0.392296
0.386179
0.394225
0.403163
0.23211
0.399105
0.37753
0.450582
0.284363
0.323055
0.372047
0.355539
0.40283
0.452914
0.314165
0.436492
0.38389
0.411377
0.404936
0.441484
0.442997
0.396766
0.332762
0.368557
0.460794
0.385018
0.414949
0.407932
0.396455
0.359228
0.424465
0.360829
0.440177
0.351589
0.455647
0.42237
0.395473
0.449581
0.442504
0.324408
0.412695
0.440136
0.243546
0.338807
0.308439
0.349232
0.299373
0.246671
0.390284
0.341699
0.394824
0.359415
0.331796
0.396439
0.379153
0.474181
0.284372
0.361858
0.340863
0.410606
0.423035
0.363769
0.501091
0.282796
0.313636
0.368571
0.443875
0.583676
0.515744
0.527883
0.555475
0.394775
0.500818
0.52616
0.413777
0.189503
0.476734
0.284348
0.442781
0.51559
0.46926
0.362019
0.544548
0.533289
0.557089
0.553116
0.483445
0.535793
0.417525
0.48503
0.424565
0.473786
0.51981
0.469609
0.360112
0.407063
0.520367
0.499579
0.544051
0.464651
0.561445
0.175086
0.479571
0.533633
0.382798
0.505259
0.378106
0.417561
0.468274
0.365728
0.554377
0.502939
0.487511
0.434099
0.427933
0.526733
0.369273
0.552152
0.216495
0.532801
0.367341
0.335571
0.471132
0.415093
0.535065
0.521104
0.265703
0.375326
0.354006
0.548316
0.502556
0.517855
0.524762
0.352031
0.507868
0.195306
0.502652
0.421502
0.493021
0.504662
0.496233
0.415539
0.520405
0.408317
0.490499
0.436296
0.361183
0.547841
0.564728
0.478213
0.236127
0.367861
0.503182
0.434332
0.437832
0.463573
0.450102
0.520521
0.4044
0.505612
0.404796
0.477644
0.511478
0.403671
0.480243
0.296162
0.284527
0.251129
0.45491
0.466193
0.485308
0.478486
0.426516
0.365604
0.516044
0.528527
0.503484
0.443816
0.361118
0.490388
0.316853
0.488311
0.440117
0.497838
0.532778
0.50116
0.458797
0.383211
0.56302
0.421831
0.351992
0.516223
0.342856
0.45876
0.504197
0.369
0.620618
0.442828
0.528848
0.444382
0.407519
0.476918
0.406363
0.523369
0.500095
0.464729
0.481915
0.38508
0.518214
0.406292
0.396151
0.331456
0.348729
0.49842
0.433565
0.456517
0.389857
0.326779
0.435406
0.515218
0.283622
0.486866
0.441236
0.425896
0.507997
0.453465
0.25693
0.5187
0.424843
0.39276
0.376308
0.485515
0.402112
0.501221
0.524914
0.324368
0.47503
0.398151
0.546527
0.499798
0.444679
0.524164
0.512493
0.262362
0.454954
0.39722
0.280497
0.491382
0.550901
0.401179
0.514261
0.422787
0.526968
0.46959
0.49471
0.386006
0.349371
0.509908
0.507768
0.439854
0.383525
0.515242
0.425081
0.507317
0.474972
0.363959
0.487323
0.487132
0.399899
0.488478
0.33782
0.414134
0.486611
0.524677
0.368359
0.235132
0.396585
0.499673
0.500936
0.49757
0.49893
0.48973
0.294417
0.331273
0.477331
0.363281
0.525343
0.341364
0.442081
0.415689
0.446233
0.460389
0.539859
0.475949
0.468452
0.486498
0.455053
0.421391
0.274596
0.406926
0.325019
0.552926
0.513856
0.534242
0.530796
0.524734
0.479883
0.484999
0.499135
0.509758
0.2592
0.497036
0.40246
0.363827
0.523476
0.367731
0.426018
0.361228
0.415198
0.464988
0.385282
0.479512
0.402369
0.552542
0.447636
0.432251
0.484792
0.484273
0.527529
0.3905
0.448475
0.490526
0.418259
0.48196
0.544741
0.329728
0.553924
0.395402
0.453056
0.461101
0.373129
0.380361
0.539664
0.468619
0.394449
0.534701
0.472566
0.504353
0.528639
0.512313
0.490852
0.516724
0.521833
0.224796
0.48979
0.420593
0.451384
0.499972
0.404655
0.450995
0.492192
0.462276
0.504471
0.500951
0.352585
0.358332
0.573664
0.58619
0.456436
0.387353
0.411152
0.399549
0.458544
0.483869
0.298101
0.335767
0.413532
0.244012
0.21711
0.53059
0.338226
0.413939
0.348508
0.411678
0.291942
0.494965
0.385363
0.378387
0.412924
0.360385
0.315795
0.480236
0.433833
0.354027
0.353302
0.351721
0.384469
0.433888
0.339533
0.346403
0.307226
0.373954
0.360411
0.383529
0.333184
0.361503
0.381676
0.291946
0.456437
0.392674
0.411561
0.343897
0.309833
0.413253
0.434351
0.198275
0.365015
0.399285
0.470273
0.279887
0.406901
0.456689
0.458765
0.416566
0.228791
0.371162
0.442257
0.278847
0.4739
0.350064
0.238902
0.0760467
0.377395
0.436278
0.418412
0.437618
0.352329
0.345931
0.495816
0.507
0.366669
0.367432
0.392104
0.443028
0.388125
0.476767
0.379073
0.349578
0.399213
0.33014
0.402042
0.441265
0.437122
0.443114
0.369773
0.35441
0.414081
0.482147
0.339225
0.12676
0.497041
0.359144
0.427496
0.457849
0.343946
0.350996
0.36577
0.422973
0.269576
0.150414
0.37447
0.505705
0.36854
0.394801
0.396194
0.294001
0.418715
0.482895
0.413325
0.450369
0.411988
0.387623
0.409841
0.51352
0.400306
0.416277
0.465974
0.235429
0.478626
0.428142
0.476271
0.400367
0.362629
0.389837
0.417728
0.372019
0.362795
0.347575
0.448848
0.248581
0.39481
0.278928
0.426447
0.397971
0.251295
0.303516
0.407529
0.329636
0.374386
0.343215
0.485768
0.342236
0.233682
0.194418
0.481189
0.476235
0.333647
0.389935
0.44047
0.47101
0.41603
0.433044
0.488422
0.485899
0.430451
0.499782
0.33171
0.347601
0.182455
0.433953
0.262664
0.419762
0.398601
0.384348
0.450195
0.445316
0.414134
0.238133
0.387779
0.415554
0.300522
0.302584
0.360353
0.411388
0.347315
0.403231
0.355282
0.448575
0.426428
0.209533
0.324663
0.424458
0.414548
0.40062
0.388516
0.485983
0.383178
0.388235
0.331146
0.169625
0.165579
0.391594
0.381941
0.279855
0.18878
0.427071
0.389137
0.35174
0.457595
0.489268
0.442791
0.339589
0.427571
0.464785
0.377294
0.385626
0.294512
0.123103
0.459793
0.300965
0.448779
0.341834
0.470306
0.181767
0.48409
0.456316
0.497622
0.245709
0.374001
0.379626
0.288546
0.380033
0.498062
0.375936
0.400118
0.406264
0.471207
0.324581
0.280044
0.410229
0.425195
0.363289
0.385355
0.273621
0.407925
0.294348
0.437449
0.467548
0.493388
0.342607
0.249445
0.389726
0.287087
0.484731
0.184417
0.344841
0.374252
0.507278
0.40457
0.336809
0.418292
0.33077
0.329069
0.389279
0.463184
0.469303
0.320429
0.304786
0.486997
0.300281
0.239867
0.411672
0.433608
0.322821
0.360034
0.39161
0.35664
0.343973
0.405806
0.436535
0.423782
0.394723
0.377791
0.3212
0.392639
0.427291
0.313923
0.493675
0.38134
0.429691
0.466636
0.400015
0.44544
0.458546
0.425463
0.446817
0.214552
0.356393
0.448069
0.390151
0.436809
0.371224
0.357278
0.430171
0.335758
0.435274
0.333458
0.397581
0.415891
0.479026
0.224724
0.135358
0.142323
0.2846
0.32797
0.126682
0.231629
0.205696
0.14443
0.410133
0.251294
0.261524
0.198802
0.372981
0.348886
0.121342
0.0804257
0.371557
0.133534
0.306611
0.262366
0.389321
0.394846
0.417928
0.323776
0.205215
0.371889
0.127007
0.311729
0.174739
0.253832
0.105789
0.410482
0.197114
0.41957
0.360271
0.34871
0.229692
0.303853
0.212933
0.175573
0.223995
0.223951
0.419471
0.432555
0.396954
0.161982
0.223749
0.266282
0.270821
0.243787
0.222981
0.125844
0.174663
0.314768
0.235358
0.0833905
0.39742
0.0959681
0.395535
0.150949
0.416881
0.309254
0.148787
0.391416
0.372744
0.322514
0.319788
0.373124
0.157571
0.1926
0.170969
0.278237
0.323062
0.233046
0.317983
0.26309
0.413652
0.273448
0.283684
0.449174
0.283443
0.232733
0.205619
0.417466
0.338424
0.336242
0.113974
0.401245
0.155104
0.248114
0.308015
0.413358
0.277456
0.293186
0.217381
0.309816
0.139725
0.276665
0.159261
0.12907
0.187476
0.315943
0.214816
0.324045
0.190925
0.0982377
0.374929
0.176619
0.270529
0.332759
0.261249
0.308474
0.214531
0.281769
0.214772
0.250679
0.32619
0.135101
0.285983
0.157352
0.156972
0.360148
0.204466
0.313441
0.226628
0.138416
0.254012
0.251776
0.139352
0.303606
0.279483
0.351707
0.349882
0.124431
0.351732
0.221654
0.333227
0.30198
0.233047
0.320693
0.0913899
0.185404
0.200384
0.292945
0.269194
0.32424
0.086605
0.338101
0.301777
0.287448
0.229433
0.127625
0.113868
0.27474
0.216319
0.0919646
0.268428
0.117941
0.212488
0.35023
0.234409
0.305703
0.248989
0.332637
0.195687
0.219444
0.219031
0.353352
0.367203
0.218502
0.318744
0.079854
0.142802
0.243521
0.185846
0.223275
0.306989
0.226269
0.244745
0.30768
0.215827
0.381404
0.317008
0.311942
0.174852
0.160824
0.339468
0.124884
0.088611
0.253744
0.157722
0.121541
0.174034
0.323719
0.163607
0.116096
0.260319
0.312333
0.20209
0.300006
0.346301
0.426685
0.200844
0.213395
0.267071
0.257828
0.315441
0.0748799
0.417466
0.296794
0.417809
0.370512
0.275132
0.313946
0.286266
0.282412
0.159815
0.175708
0.354115
0.202272
0.197514
0.114614
0.333296
0.423621
0.260167
0.356801
0.267674
0.331483
0.231111
0.284848
0.391993
0.0980921
0.16751
0.405442
0.164983
0.311743
0.321383
0.230925
0.336182
0.262792
0.107677
0.128841
0.352917
0.263898
0.24377
0.242696
0.303338
0.417504
0.207663
0.302023
0.163006
0.177165
0.260449
0.233965
0.311447
0.223441
0.326323
0.14365
0.292943
0.330479
0.28265
0.421984
0.223916
0.0934134
0.202792
0.275395
0.285151
0.282473
0.265724
0.254939
0.212897
0.202779
0.299536
0.267515
0.225851
0.234035
0.406115
0.27341
0.328282
0.200215
0.326718
0.407174
0.264642
0.396487
0.382307
0.213985
0.19658
0.126438
0.205006
0.228798
0.266765
0.326771
0.198365
0.124663
0.27794
0.205962
0.291381
0.11461
0.0951002
0.531211
0.485302
0.501297
0.428956
0.386438
0.451629
0.506309
0.490423
0.469026
0.473109
0.457828
0.134823
0.457796
0.337911
0.467977
0.421302
0.472894
0.366963
0.473057
0.42287
0.149958
0.424725
0.36062
0.518806
0.437084
0.43847
0.363772
0.488876
0.370488
0.501059
0.517811
0.51272
0.480734
0.30194
0.414296
0.471848
0.521555
0.477136
0.474596
0.50861
0.405262
0.405262
0.484776
0.409945
0.186276
0.478886
0.418386
0.438223
0.450284
0.351895
0.448421
0.477198
0.474728
0.367386
0.454761
0.346985
0.46202
0.481679
0.375233
0.450284
0.0887059
0.408848
0.329798
0.312612
0.371287
0.158664
0.375043
0.366393
0.360934
0.446627
0.482787
0.452543
0.37312
0.459448
0.447734
0.477384
0.447734
0.417734
0.357246
0.473912
0.42694
0.39623
0.455075
0.441893
0.368652
0.485154
0.371991
0.473395
0.254466
0.353581
0.427658
0.324224
0.421344
0.444456
0.387599
0.456828
0.472214
0.404866
0.134492
0.380527
0.520231
0.359278
0.470335
0.403214
0.462781
0.435292
0.472786
0.553703
0.413147
0.278949
0.41417
0.463967
0.379528
0.46381
0.42694
0.479786
0.363701
0.508811
0.372815
0.49209
0.431957
0.197395
0.378496
0.455043
0.258078
0.174671
0.218129
0.444459
0.375642
0.434519
0.435751
0.517775
0.445962
0.378944
0.514343
0.438153
0.421394
0.490256
0.459486
0.455043
0.424725
0.460033
0.454761
0.474088
0.453394
0.445912
0.376527
0.485154
0.480065
0.521174
0.472894
0.477638
0.487613
0.282311
0.142604
0.43976
0.434759
0.370786
0.473684
0.345271
0.530771
0.381803
0.480018
0.462781
0.499219
0.466394
0.484776
0.416445
0.486309
0.142604
0.506161
0.396338
0.4732
0.475285
0.322028
0.385976
0.427454
0.441059
0.570597
0.254466
0.551152
0.470335
0.507538
0.233656
0.450773
0.467621
0.476906
0.448638
0.459628
0.447652
0.450304
0.477392
0.46537
0.488284
0.478779
0.454286
0.433945
0.364154
0.36653
0.514775
0.427901
0.514235
0.209547
0.38135
0.149685
0.369884
0.401691
0.458271
0.403021
0.378843
0.467103
0.378168
0.515182
0.393228
0.455516
0.473887
0.519497
0.453179
0.441676
0.282344
0.464517
0.462398
0.480018
0.392131
0.501803
0.460924
0.421344
0.476517
0.448068
0.371991
0.566515
0.449349
0.464174
0.383701
0.165801
0.25149
0.199691
0.379103
0.355998
0.448068
0.333004
0.473395
0.486726
0.48662
0.398437
0.462112
0.511424
0.389595
0.267645
0.182479
0.486329
0.445952
0.368013
0.468607
0.459448
0.430203
0.375883
0.468607
0.440431
0.448816
0.45146
0.521799
0.374543
0.503814
0.472169
0.387958
0.49124
0.505116
0.366393
0.426356
0.444612
0.428207
0.394298
0.454529
0.473109
0.40288
0.542098
0.391525
0.473912
0.495631
0.445912
0.336154
0.486726
0.469594
0.529304
0.368049
0.500028
0.45146
0.389629
0.512076
0.385764
0.134492
0.495928
0.433346
0.410922
0.448816
0.540226
0.373845
0.354134
0.149685
0.34498
0.375502
0.0946576
0.112254
0.129475
0.11431
0.0489445
0.0970045
0.136733
0.116401
0.0664516
0.11004
0.202358
0.140998
0.0542457
0.0950859
0.102798
0.0803599
0.203577
0.0782523
0.162972
0.0889495
0.134604
0.0565126
0.16245
0.14692
0.0925858
0.0876685
0.099564
0.127798
0.10998
0.1559
0.0492233
0.0906696
0.122272
0.0470432
0.0545182
0.0805621
0.198997
0.0665452
0.156207
0.0255186
0.0306148
0.0805226
0.0767442
0.0954473
0.0843188
0.0538046
0.112084
0.146131
0.0937238
0.0988185
0.0877316
0.15034
0.080431
0.146841
0.0345366
0.045845
0.0680518
0.11504
0.103267
0.0924854
0.0536558
0.116099
0.0708344
0.0722239
0.0616331
0.116326
0.173746
0.107086
0.203487
0.112286
0.118788
0.140587
0.127237
0.188221
0.0933125
0.253516
0.153915
0.112361
0.102794
0.138661
0.0656883
0.206076
0.110865
0.0851593
0.18666
0.165667
0.0671672
0.17332
0.113301
0.137395
0.102332
0.0570775
0.101508
0.114075
0.113819
0.0595861
0.12906
0.0983375
0.0716838
0.0898502
0.0910781
0.0933764
0.1485
0.12162
0.0468599
0.117781
0.121764
0.0579917
0.154171
0.07977
0.12917
0.105503
0.0952348
0.110801
0.0358089
0.0460641
0.117796
0.0901317
0.162761
0.151901
0.075753
0.148912
0.0608447
0.0341792
0.0655673
0.0282947
0.319358
0.100421
0.169206
0.0783818
0.0549595
0.144655
0.169243
0.105593
0.110312
0.124261
0.106894
0.139968
0.127145
0.167335
0.059325
0.0855306
0.167429
0.0744614
0.0950735
0.0639982
0.136521
0.066499
0.0715635
0.0457952
0.0659506
0.0660485
0.111537
0.221156
0.072421
0.102969
0.131623
0.0769481
0.119351
0.139616
0.120438
0.169889
0.141854
0.0491631
0.0721737
0.120167
0.13111
0.162338
0.0519566
0.162855
0.0364643
0.0988683
0.248046
0.137608
0.154453
0.114244
0.0544421
0.0561481
0.115773
0.0756663
0.0360125
0.124995
0.0681547
0.043493
0.126429
0.106324
0.0723489
0.0793141
0.0988346
0.0983708
0.154269
0.0929189
0.177064
0.148978
0.0692524
0.0666325
0.0732771
0.142951
0.0447441
0.0914189
0.0910699
0.0671731
0.152231
0.0357545
0.121287
0.0751295
0.0179619
0.068591
0.0576566
0.143138
0.0312183
0.169842
0.0982258
0.153799
0.236044
0.0733069
0.0348521
0.163036
0.108925
0.0874414
0.0581832
0.118602
0.0412283
0.0772941
0.112397
0.0958108
0.148013
0.152013
0.0308953
0.16563
0.156407
0.155699
0.122387
0.101683
0.0912576
0.175118
0.134814
0.175255
0.108939
0.115736
0.053502
0.0688092
0.0551915
0.23117
0.121037
0.0705354
0.100149
0.125898
0.127578
0.111381
0.102294
0.0572925
0.14737
0.059058
0.091919
0.160455
0.208138
0.174233
0.0885684
0.169991
0.175223
0.0483769
0.239246
0.159802
0.139092
0.0237959
0.176292
0.0815558
0.137083
0.0895428
0.0652939
0.111161
0.0789148
0.149465
0.105028
0.0991234
0.0611143
0.0748104
0.0981188
0.0516687
0.215542
0.0300168
0.0686095
0.0801157
0.125744
0.0820046
0.0601836
0.136904
0.104501
0.101493
0.113018
0.0723455
0.111593
0.14145
0.149813
0.0915876
0.141786
0.0724243
0.143714
0.12461
0.0459981
0.107742
0.0956085
0.0930047
0.0330966
0.0806457
0.0770689
0.0784543
0.101828
0.12727
0.0929888
0.0579009
0.115384
0.0295935
0.207961
0.143225
0.181173
0.100375
0.127564
0.0825788
0.0574225
0.07104
0.131159
0.0884956
0.0797498
0.105641
0.0876976
0.0833576
0.11522
0.0854982
0.0342722
0.0509501
0.0443588
0.051988
0.0458298
0.134972
0.0951563
0.173141
0.105283
0.054187
0.135452
0.0754385
0.167051
0.126966
0.167314
0.0318091
0.121047
0.153958
0.13603
0.109553
0.0903163
0.0991945
0.138822
0.141304
0.0827528
0.243719
0.0464344
0.181485
0.114455
0.0444199
0.0469674
0.113908
0.156236
0.0367353
0.10005
0.0636347
0.201564
0.0286294
0.0683867
0.098298
0.137022
0.154065
0.0466163
0.128812
0.0808598
0.101709
0.0849986
0.0383856
0.0456608
0.178205
0.104142
0.0641472
0.0735808
0.206934
0.134474
0.1042
0.125064
0.122369
0.105785
0.0914001
0.18448
0.108934
0.187224
0.0770475
0.0772632
0.163021
0.0658592
0.0757817
0.0285489
0.0794521
0.075306
0.0903608
0.0518855
0.158547
0.0905974
0.0816377
0.131276
0.112147
0.104633
0.0855731
0.0871045
0.0655987
0.106519
0.142309
0.0162639
0.119879
0.0947231
0.155075
0.0893939
0.117705
0.0613442
0.0487225
0.12063
0.0822592
0.034577
0.145526
0.0978908
0.24849
0.0896047
0.0745375
0.136168
0.19967
0.0391365
0.127751
0.0859248
0.12807
0.046287
0.148185
0.0372006
0.109546
0.103175
0.0995385
0.0994883
0.0618725
0.0340833
0.101434
0.0834541
0.0347952
0.103113
0.134354
0.0974481
0.0894832
0.0762653
0.167674
0.124501
0.114073
0.215163
0.0244544
0.121003
0.046621
0.11548
0.105545
0.0352606
0.131337
0.0785319
0.0548539
0.18806
0.162035
0.130709
0.109017
0.0769645
0.104032
0.0891818
0.066325
0.210219
0.115655
0.074646
0.139419
0.155378
0.157011
0.10149
0.0709744
0.0446188
0.137439
0.115657
0.0427657
0.152714
0.0628094
0.149458
0.131173
0.119142
0.18144
0.196464
0.076565
0.153226
0.109741
0.109963
0.0485074
0.138189
0.1341
0.0928965
0.136621
0.0700789
0.0926985
0.0959664
0.127534
0.057708
0.187066
0.0967805
0.239881
0.141249
0.161801
0.115302
0.100314
0.0665674
0.0554423
0.119562
0.0831772
0.0542094
0.0954682
0.100885
0.123153
0.12789
0.11672
0.234209
0.101843
0.0678315
0.136236
0.143877
0.229252
0.104178
0.121376
0.0829523
0.0696239
0.198233
0.0744085
0.177555
0.0865587
0.123498
0.10656
0.0817625
0.0682667
0.0767268
0.104557
0.0995766
0.0373263
0.104173
0.0579999
0.162498
0.135179
0.0815008
0.12503
0.0454358
0.121338
0.146929
0.16674
0.0629251
0.0632366
0.0940304
0.082531
0.0504107
0.0952493
0.0737106
0.0514662
0.119318
0.159156
0.129999
0.14345
0.111875
0.0794462
0.143871
0.126526
0.0341616
0.133475
0.221231
0.114175
0.0490996
0.12695
0.0644705
0.132579
0.0868848
0.158084
0.089599
0.0953878
0.0940168
0.0967505
0.0906207
0.0992582
0.124911
0.133183
0.117252
0.0934528
0.0742884
0.0968993
0.192196
0.0681904
0.156044
0.12411
0.0417816
0.116938
0.069975
0.0711896
0.0796535
0.147007
0.0697361
0.134508
0.0818441
0.154404
0.19039
0.107218
0.117955
0.0689476
0.0452052
0.0698372
0.0568412
0.0862234
0.18992
0.121113
0.0901413
0.122822
0.141096
0.216615
0.0270823
0.167234
0.0944929
0.0806337
0.120493
0.0967801
0.0680181
0.170131
0.127164
0.0202119
0.0893289
0.0745526
0.0525664
0.187103
0.0689466
0.0377884
0.107193
0.0780404
0.0201757
0.0474721
0.0937515
0.0651311
0.0472507
0.0845221
0.154884
0.0636332
0.20249
0.125239
0.111648
0.0815722
0.129329
0.0893846
0.0368127
0.0841824
0.127086
0.0585631
0.0315797
0.146626
0.134073
0.175552
0.0760279
0.0536879
0.143995
0.0646157
0.0423815
0.129992
0.0806967
0.0284663
0.0877446
0.0653488
0.270677
0.0756322
0.219382
0.0737226
0.104412
0.0444673
0.0638435
0.0390173
0.0890019
0.0754563
0.110498
0.190394
0.147634
0.492172
0.0950252
0.374601
0.129382
0.298692
0.147135
0.117053
0.406571
0.133092
0.219229
0.365229
0.067677
0.180851
0.0825311
0.282974
0.275304
0.14181
0.133503
0.0814747
0.147622
0.0642486
0.392642
0.048707
0.107412
0.130055
0.0382543
0.133021
0.0604696
0.27531
0.419148
0.059519
0.245827
0.361836
0.291418
0.118745
0.237171
0.252243
0.282305
0.192076
0.222884
0.0497136
0.0657155
0.168829
0.130847
0.201913
0.423577
0.284558
0.169401
0.307043
0.229849
0.117026
0.184638
0.124055
0.284356
0.137021
0.152523
0.177214
0.219493
0.200496
0.139436
0.184968
0.135055
0.163132
0.125914
0.065938
0.173021
0.38895
0.279209
0.276832
0.0959213
0.149568
0.13685
0.131565
0.258306
0.171368
0.270195
0.0860718
0.240612
0.220202
0.113149
0.123361
0.146472
0.0770332
0.368682
0.148846
0.0592676
0.157931
0.117663
0.369387
0.356403
0.116708
0.10014
0.219598
0.0496911
0.183392
0.378456
0.142404
0.195179
0.223971
0.0535065
0.0446325
0.246593
0.17195
0.169716
0.038386
0.238116
0.113494
0.182058
0.358447
0.152875
0.106926
0.0828608
0.273285
0.305118
0.130031
0.18183
0.215944
0.162622
0.314311
0.18173
0.0533534
0.034097
0.28236
0.350001
0.143857
0.158698
0.109688
0.106096
0.411224
0.181728
0.0569068
0.0743767
0.140464
0.174336
0.208236
0.058354
0.107335
0.387944
0.20273
0.374965
0.0689406
0.454547
0.250672
0.346898
0.152027
0.209577
0.337656
0.252556
0.14672
0.16009
0.374595
0.153085
0.348811
0.227159
0.182823
0.284482
0.0540482
0.408339
0.324711
0.0989476
0.0975327
0.107806
0.143436
0.032101
0.0680503
0.149049
0.441843
0.169927
0.113356
0.0733262
0.191727
0.0957515
0.142435
0.393605
0.0848839
0.140369
0.298783
0.024723
0.0785895
0.103373
0.232955
0.0573076
0.228024
0.300365
0.251371
0.307819
0.208844
0.291125
0.229555
0.150127
0.329942
0.0648259
0.0717418
0.0733728
0.199033
0.259436
0.170309
0.348493
0.0689038
0.173119
0.206911
0.250602
0.0623599
0.234094
0.161758
0.0305001
0.311167
0.155356
0.1571
0.0654688
0.41157
0.0948348
0.112359
0.309281
0.158292
0.117721
0.10333
0.0751212
0.17929
0.129729
0.0859491
0.360687
0.164517
0.407211
0.198268
0.207536
0.171566
0.123928
0.191883
0.0939312
0.108263
0.0766445
0.167442
0.340837
0.0496234
0.421304
0.0607716
0.101119
0.304729
0.325653
0.134548
0.202557
0.247215
0.14256
0.292871
0.238967
0.341255
0.153755
0.299135
0.20455
0.436326
0.40657
0.0933665
0.0982112
0.21441
0.411122
0.273534
0.363837
0.206599
0.0429101
0.228673
0.0742362
0.147263
0.409028
0.119295
0.228669
0.228834
0.05038
0.31707
0.25838
0.122137
0.149309
0.271482
0.335615
0.1016
0.149965
0.350214
0.132635
0.218022
0.318593
0.133513
0.408724
0.14871
0.330347
0.170975
0.192632
0.069196
0.231773
0.306899
0.100582
0.219178
0.0268915
0.10184
0.0251302
0.0504022
0.0525321
0.108391
0.0997906
0.117905
0.38361
0.0702832
0.0855107
0.158214
0.102803
0.0387548
0.0437596
0.297881
0.0624823
0.206359
0.113164
0.155656
0.0844529
0.14272
0.136215
0.411526
0.0470743
0.298806
0.209163
0.322947
0.0719862
0.0377784
0.18727
0.0775186
0.0965488
0.161736
0.152163
0.272015
0.0402799
0.167424
0.155452
0.185926
0.211319
0.174769
0.152384
0.198957
0.343311
0.436992
0.10935
0.102805
0.181959
0.37026
0.360523
0.11513
0.238595
0.0485062
0.0380897
0.131356
0.268186
0.386267
0.399393
0.101082
0.144527
0.0483652
0.100797
0.296836
0.227277
0.452181
0.0804246
0.227672
0.17878
0.139534
0.0666317
0.183566
0.0426261
0.414288
0.396403
0.222152
0.34216
0.0781385
0.252765
0.217944
0.161498
0.252179
0.409145
0.401629
0.0929624
0.174805
0.245067
0.356561
0.163241
0.0667158
0.0446326
0.111472
0.376528
0.0876301
0.324363
0.182446
0.0656121
0.113982
0.160368
0.253238
0.0938846
0.159773
0.178513
0.1756
0.19638
0.0546291
0.126296
0.13666
0.0338091
0.220899
0.218096
0.151885
0.0784093
0.184204
0.108735
0.239752
0.053971
0.1757
0.0995902
0.0601825
0.0451931
0.220248
0.0512533
0.074404
0.339437
0.171347
0.189749
0.326609
0.0729067
0.16673
0.136124
0.294041
0.126143
0.278402
0.40565
0.0658127
0.039518
0.237816
0.126531
0.130815
0.20045
0.41429
0.0246022
0.207593
0.379905
0.191305
0.222607
0.262664
0.0682496
0.115711
0.455129
0.346206
0.107008
0.137932
0.413593
0.127884
0.321589
0.14836
0.0392123
0.355327
0.0560657
0.073637
0.0601935
0.278343
0.110918
0.173161
0.248606
0.106845
0.0557505
0.0609387
0.274016
0.209153
0.0819482
0.192463
0.22609
0.200782
0.294044
0.209229
0.028952
0.169007
0.137777
0.110217
0.146958
0.274773
0.0469435
0.122305
0.0631226
0.115095
0.158111
0.236685
0.13748
0.390887
0.325401
0.195003
0.0426913
0.124361
0.27272
0.309243
0.0937347
0.19561
0.321607
0.216846
0.167229
0.0668479
0.0821788
0.180318
0.158156
0.100739
0.324623
0.0646449
0.258045
0.257338
0.075178
0.122916
0.23965
0.155332
0.0910644
0.13628
0.351526
0.0654809
0.19756
0.1182
0.233522
0.187967
0.139775
0.269577
0.176338
0.263932
0.151697
0.0932686
0.381949
0.17479
0.0839514
0.125037
0.159687
0.0886254
0.359886
0.177374
0.294413
0.120156
0.253636
0.124713
0.0667559
0.198421
0.213089
0.205853
0.131421
0.095203
0.339247
0.166125
0.130494
0.0531503
0.160404
0.113496
0.208932
0.31976
0.0685983
0.0404735
0.350086
0.324494
0.161099
0.18846
0.0400931
0.107098
0.105716
0.174193
0.28147
0.351756
0.198358
0.107202
0.221465
0.0713872
0.183603
0.21174
0.18376
0.395333
0.0349032
0.326545
0.0819862
0.0952987
0.148785
0.0850419
0.379323
0.435389
0.129819
0.327824
0.0497627
0.402686
0.0850793
0.229363
0.124072
0.398014
0.339189
0.165436
0.108763
0.121309
0.159145
0.186465
0.311766
0.128693
0.251798
0.134118
0.145598
0.261041
0.106772
0.141447
0.374772
0.387413
0.339384
0.269566
0.368704
0.385301
0.122086
0.161764
0.181196
0.0580277
0.0418175
0.236876
0.0308375
0.278805
0.433633
0.168535
0.185324
0.388368
0.347097
0.0765881
0.217229
0.277517
0.0843533
0.370848
0.288939
0.195027
0.193366
0.177978
0.13047
0.121678
0.145445
0.176214
0.315256
0.26139
0.180178
0.0943867
0.160394
0.127542
0.117866
0.148659
0.073053
0.100184
0.263071
0.293505
0.103985
0.392313
0.16996
0.119066
0.0649658
0.130432
0.377605
0.0652456
0.182456
0.236505
0.113413
0.353585
0.288937
0.514486
0.15638
0.349787
0.158979
0.109423
0.25212
0.142846
0.150087
0.0859383
0.0946027
0.347853
0.0564465
0.0623713
0.237357
0.17191
0.183099
0.135842
0.0941953
0.0716951
0.0257269
0.211824
0.169897
0.143337
0.0702841
0.18514
0.308937
0.229243
0.0925865
0.323592
0.118485
0.180189
0.0584491
0.151795
0.146072
0.0743934
0.08223
0.171786
0.221385
0.225583
0.0810148
0.240328
0.273477
0.0955777
0.0830257
0.133167
0.242792
0.345484
0.173654
0.0510939
0.11955
0.185201
0.130165
0.0823795
0.244905
0.0841948
0.273885
0.0910301
0.0870616
0.169096
0.20922
0.0700423
0.236335
0.0980085
0.194457
0.264867
0.23803
0.150466
0.115387
0.243878
0.213573
0.17392
0.247872
0.0696979
0.092335
0.318161
0.229009
0.209598
0.115084
0.123721
0.166172
0.0905302
0.158969
0.118066
0.183118
0.132067
0.166385
0.148069
0.250934
0.130396
0.2157
0.110116
0.231603
0.0304507
0.154389
0.314952
0.260637
0.24533
0.124673
0.233449
0.117921
0.113172
0.0696207
0.116434
0.232381
0.220454
0.215066
0.122152
0.194436
0.114985
0.138423
0.119664
0.121854
0.0690859
0.354362
0.366301
0.162861
0.0892407
0.177578
0.0898814
0.231786
0.177649
0.199228
0.0945842
0.116747
0.156522
0.167512
0.372247
0.132416
0.0900088
0.0592033
0.322222
0.135852
0.17821
0.149206
0.056257
0.0524576
0.233278
0.0455843
0.136785
0.231666
0.167735
0.188683
0.149417
0.0739276
0.207523
0.14202
0.194024
0.214657
0.183642
0.270956
0.158825
0.188672
0.217532
0.322887
0.109607
0.123946
0.0681894
0.0834878
0.103409
0.0731484
0.114492
0.097331
0.0632782
0.196063
0.0373599
0.222045
0.17856
0.060163
0.140015
0.0801303
0.220072
0.0806958
0.229578
0.158657
0.158344
0.34171
0.183276
0.213883
0.171666
0.125761
0.153715
0.142749
0.135023
0.07745
0.0977002
0.334848
0.110871
0.149723
0.121867
0.323433
0.297803
0.141496
0.097764
0.225153
0.0832437
0.120699
0.0746915
0.0429142
0.258703
0.172868
0.205097
0.223469
0.193559
0.104667
0.0905728
0.110079
0.133838
0.220397
0.296826
0.285917
0.0884961
0.0715011
0.0808744
0.127879
0.122664
0.0935735
0.0723854
0.232418
0.0424033
0.202443
0.303878
0.091553
0.243875
0.0714846
0.109322
0.243413
0.183859
0.0211802
0.0684383
0.311809
0.199262
0.0839334
0.110652
0.286216
0.213961
0.0820652
0.161747
0.139814
0.184587
0.146749
0.316077
0.193435
0.272829
0.13313
0.0973103
0.0697951
0.174554
0.120781
0.141025
0.108769
0.16076
0.0757681
0.0787947
0.0782987
0.269681
0.298754
0.103014
0.115727
0.0926161
0.224039
0.18774
0.31248
0.0483346
0.0710279
0.0810801
0.209273
0.206399
0.203766
0.172464
0.0718232
0.210187
0.148933
0.201647
0.0365679
0.137421
0.260054
0.0755018
0.0817154
0.32445
0.0605862
0.196665
0.0907956
0.0964151
0.0713628
0.160231
0.0752297
0.139458
0.108445
0.201763
0.209047
0.213699
0.181269
0.0659414
0.181828
0.050918
0.141516
0.354084
0.20547
0.192473
0.0886243
0.309636
0.0625987
0.128167
0.107754
0.138502
0.219897
0.212877
0.071781
0.116998
0.188889
0.0701833
0.0499323
0.135496
0.127987
0.0879143
0.111333
0.121313
0.344624
0.0861133
0.0478382
0.248346
0.1319
0.243518
0.258086
0.354753
0.0439405
0.386629
0.258657
0.0323324
0.101686
0.0744175
0.166278
0.196081
0.304376
0.0925481
0.0903607
0.139878
0.323838
0.130539
0.173304
0.0229547
0.107827
0.0972042
0.0709816
0.10452
0.0654692
0.170779
0.177675
0.281833
0.198707
0.168525
0.045994
0.133226
0.0833106
0.22319
0.145078
0.126618
0.352218
0.194807
0.215636
0.345422
0.10352
0.21879
0.08908
0.147106
0.199604
0.0420885
0.073329
0.135254
0.179565
0.22271
0.0979307
0.174529
0.0542362
0.183717
0.184963
0.160364
0.123246
0.222211
0.111292
0.0811484
0.233244
0.185465
0.0599546
0.23805
0.193091
0.121873
0.270819
0.286515
0.171004
0.199729
0.200251
0.293677
0.334809
0.227101
0.0604976
0.191521
0.0456583
0.107585
0.141929
0.10479
0.166443
0.165188
0.0642504
0.0614472
0.205033
0.211727
0.290486
0.055809
0.13455
0.131407
0.0600056
0.216049
0.157145
0.229382
0.0715968
0.0830289
0.18438
0.130296
0.0626164
0.172012
0.217502
0.269192
0.146281
0.057336
0.0943202
0.0632467
0.114937
0.365289
0.240472
0.0608481
0.210113
0.109649
0.0796665
0.279652
0.195274
0.266245
0.35578
0.114653
0.0677791
0.083354
0.0634766
0.0776567
0.15903
0.0781862
0.153146
0.127768
0.122584
0.251978
0.225828
0.110415
0.251966
0.126461
0.0387971
0.126479
0.326441
0.287605
0.102618
0.105337
0.172842
0.221784
0.135622
0.0873924
0.0995232
0.197832
0.345812
0.20834
0.187574
0.129119
0.268063
0.135725
0.0633512
0.196922
0.114977
0.181555
0.0679387
0.142036
0.194295
0.236661
0.130903
0.126502
0.0650294
0.161726
0.0646983
0.140581
0.160181
0.224387
0.0857214
0.121471
0.0556608
0.139762
0.138816
0.176824
0.171552
0.372841
0.175893
0.195642
0.240599
0.146011
0.131421
0.0798411
0.305229
0.0803332
0.152343
0.193364
0.158087
0.265888
0.0796497
0.243118
0.179549
0.103842
0.0882724
0.147852
0.0695774
0.263191
0.0844604
0.223951
0.0857617
0.0707411
0.0998244
0.203484
0.101256
0.135626
0.155602
0.228295
0.189979
0.269029
0.307054
0.123936
0.178256
0.249547
0.240165
0.0909534
0.202005
0.290694
0.142464
0.162171
0.133094
0.178205
0.110224
0.205715
0.142233
0.0987032
0.204584
0.155711
0.182202
0.118671
0.0806848
0.369604
0.126015
0.138835
0.0633647
0.337779
0.176976
0.276142
0.289981
0.0497735
0.097333
0.16748
0.279949
0.101009
0.104894
0.225852
0.17224
0.0570793
0.161166
0.0590613
0.0919306
0.18599
0.343522
0.109568
0.273453
0.072562
0.117325
0.0951838
0.265805
0.0653207
0.123063
0.107593
0.0939407
0.2167
0.132349
0.0432378
0.0605778
0.0906106
0.179339
0.247243
0.178758
0.188632
0.126754
0.0717216
0.0872671
0.0513904
0.110771
0.207578
0.156972
0.131787
0.131935
0.157325
0.209763
0.0844267
0.184268
0.209647
0.237258
0.0718649
0.123811
0.204978
0.124859
0.166451
0.220315
0.157084
0.207708
0.14332
0.293931
0.115495
0.119187
0.09376
0.307317
0.240366
0.144147
0.193797
0.228825
0.101872
0.246379
0.0799676
0.180673
0.158788
0.139735
0.0859089
0.111992
0.149998
0.159118
0.266417
0.193283
0.0525391
0.140456
0.20901
0.0829639
0.188345
0.141471
0.152172
0.285952
0.119337
0.172887
0.110206
0.103335
0.293378
0.250032
0.0377571
0.0639361
0.210584
0.0391539
0.146338
0.128162
0.108887
0.295296
0.202976
0.213882
0.307883
0.14209
0.267651
0.20673
0.0677455
0.101231
0.0923348
0.13767
0.375895
0.0396513
0.0857819
0.0754069
0.312052
0.126021
0.151148
0.168054
0.0407654
0.276704
0.415724
0.139725
0.168081
0.131065
0.0713737
0.0335109
0.287819
0.226934
0.0655561
0.0763813
0.0745644
0.123921
0.268401
0.192545
0.170689
0.107709
0.241054
0.217024
0.09686
0.068839
0.137471
0.163804
0.105932
0.120652
0.0902343
0.177014
0.0706652
0.103325
0.104222
0.157186
0.0849321
0.101405
0.113652
0.112996
0.190295
0.154553
0.136339
0.104426
0.107709
0.167446
0.181464
0.208852
0.208859
0.189068
0.0905316
0.146114
0.124122
0.211234
0.0638305
0.220775
0.198659
0.143125
0.19977
0.0632941
0.0988843
0.0738094
0.0775465
0.0811353
0.06634
0.159445
0.092998
0.0902107
0.131919
0.110571
0.137106
0.16488
0.210083
0.0826267
0.0491469
0.0437355
0.0329758
0.190007
0.073427
0.162725
0.188669
0.141003
0.126749
0.164468
0.330636
0.320276
0.0453248
0.109402
0.147687
0.0991096
0.0834606
0.0389291
0.245466
0.264377
0.120886
0.160109
0.143084
0.140006
0.0965453
0.185695
0.0629983
0.132363
0.0333235
0.199611
0.114943
0.195613
0.082745
0.111702
0.0806956
0.227546
0.0992655
0.252368
0.0964957
0.329651
0.0988875
0.213401
0.0912236
0.104597
0.0535677
0.0755112
0.0478426
0.108111
0.209864
0.094988
0.167291
0.107359
0.162452
0.183355
0.0769495
0.0867706
0.112461
0.0642303
0.0815563
0.14884
0.123375
0.222396
0.148902
0.0626382
0.144859
0.220023
0.149783
0.0717979
0.178148
0.0400062
0.2051
0.133975
0.0882023
0.0314793
0.195897
0.182993
0.178154
0.114373
0.0791572
0.0462668
0.158519
0.196137
0.152011
0.109781
0.0491705
0.123789
0.103624
0.162919
0.11698
0.117433
0.215638
0.15599
0.103257
0.0755702
0.097267
0.143548
0.0540422
0.172846
0.130908
0.137886
0.194008
0.0641435
0.173188
0.167904
0.155538
0.100659
0.0710988
0.166205
0.0795985
0.118978
0.0310509
0.167486
0.212841
0.0997118
0.108712
0.259601
0.138254
0.174245
0.150407
0.0844613
0.157348
0.0837053
0.134467
0.0732553
0.153043
0.169968
0.100673
0.0607645
0.0705917
0.166931
0.253374
0.191715
0.0629043
0.0986624
0.0835459
0.0996433
0.166916
0.257344
0.152797
0.278317
0.154952
0.164369
0.141969
0.137078
0.219885
0.122723
0.208451
0.161608
0.255338
0.04061
0.256736
0.208786
0.182665
0.131293
0.1442
0.221568
0.176387
0.154295
0.112114
0.0675683
0.164356
0.261934
0.117999
0.0775952
0.0801615
0.10349
0.232235
0.066563
0.291188
0.0679418
0.0526759
0.111239
0.177144
0.121963
0.0936208
0.176654
0.290959
0.21659
0.164569
0.128088
0.0846035
0.0602641
0.100374
0.0730706
0.273837
0.140639
0.192813
0.227305
0.0471052
0.120561
0.191087
0.122026
0.235181
0.175206
0.0841301
0.0619201
0.236278
0.0932351
0.059167
0.279777
0.145419
0.107511
0.217894
0.0834714
0.207754
0.156894
0.104487
0.203544
0.0704847
0.124814
0.240116
0.0578714
0.215535
0.177954
0.123629
0.0530193
0.210408
0.126198
0.0746482
0.155999
0.192192
0.0899231
0.124326
0.108923
0.102482
0.119832
0.24696
0.262135
0.0976611
0.0984971
0.271066
0.133567
0.183436
0.216737
0.241433
0.0304034
0.270563
0.0967003
0.0413384
0.0773142
0.130542
0.16912
0.156787
0.241606
0.259389
0.236003
0.15312
0.187031
0.169309
0.279785
0.230803
0.274688
0.0604431
0.130991
0.0319169
0.197114
0.0435849
0.142915
0.119788
0.105019
0.0678228
0.185811
0.0868976
0.0622543
0.185795
0.212861
0.0680828
0.276886
0.0511388
0.159891
0.145647
0.0882644
0.0682571
0.0930116
0.166951
0.234495
0.254622
0.116684
0.117729
0.156686
0.105473
0.211591
0.276867
0.285371
0.10206
0.0913874
0.235209
0.266639
0.274191
0.0503973
0.106626
0.147885
0.0953002
0.206444
0.275259
0.149132
0.082028
0.115052
0.317287
0.14533
0.192915
0.12951
0.0553068
0.169116
0.133048
0.260578
0.116473
0.218865
0.129134
0.163234
0.169039
0.098766
0.254584
0.113277
0.194209
0.0927731
0.113007
0.204772
0.216506
0.13925
0.166022
0.0865465
0.168533
0.0480337
0.118809
0.0454432
0.13129
0.156817
0.0822281
0.105011
0.0499841
0.0558352
0.144903
0.0461382
0.293238
0.119793
0.0499983
0.1408
0.0508943
0.0467027
0.11113
0.163457
0.0562702
0.0607934
0.0902189
0.0906226
0.144086
0.133912
0.301431
0.216016
0.214848
0.12958
0.10662
0.0445922
0.214789
0.0380452
0.141361
0.155709
0.036246
0.106043
0.0546194
0.0605637
0.242173
0.156475
0.104476
0.267498
0.142736
0.211385
0.144298
0.14183
0.136631
0.105772
0.230445
0.129706
0.089004
0.163269
0.188925
0.0830552
0.179385
0.0810749
0.119107
0.0480561
0.12237
0.154667
0.061921
0.0881096
0.150905
0.131276
0.155904
0.0713407
0.0980153
0.12831
0.0540055
0.0725795
0.12363
0.0889666
0.133819
0.189282
0.141899
0.0713574
0.164244
0.0746048
0.259771
0.213595
0.108987
0.0680121
0.11719
0.0680069
0.0771382
0.0662956
0.113776
0.0852339
0.241613
0.115051
0.124453
0.210953
0.0582055
0.121585
0.0585594
0.12121
0.122985
0.113146
0.0463728
0.063556
0.0978536
0.278516
0.0774078
0.111874
0.0888688
0.196724
0.0760069
0.120164
0.074779
0.115573
0.139154
0.117977
0.215728
0.121616
0.0432636
0.109226
0.121441
0.268606
0.157064
0.194348
0.0983615
0.163755
0.19036
0.191678
0.108917
0.0522729
0.170058
0.289649
0.248326
0.126537
0.0553685
0.186339
0.0893094
0.206774
0.0473328
0.213428
0.147675
0.0866513
0.10955
0.0659371
0.206843
0.0578008
0.153909
0.186836
0.0459673
0.282112
0.111685
0.132011
0.210225
0.247938
0.189439
0.10432
0.206632
0.212201
0.0840775
0.122748
0.195544
0.20192
0.0419883
0.253843
0.17506
0.134823
0.0495795
0.089439
0.0757638
0.21062
0.247966
0.051269
0.0944614
0.145885
0.16437
0.20156
0.1435
0.159496
0.102236
0.0508557
0.257763
0.127133
0.106994
0.142133
0.16038
0.127815
0.20383
0.112705
0.271945
0.0776616
0.0674816
0.252733
0.0725803
0.212783
0.0900813
0.169212
0.0379213
0.0355514
0.163796
0.121096
0.188661
0.144575
0.15873
0.260811
0.157706
0.0590292
0.143174
0.192267
0.0957546
0.217326
0.0626107
0.0654604
0.125749
0.0684117
0.15249
0.179337
0.272959
0.169019
0.16664
0.0925259
0.151862
0.223794
0.22224
0.179204
0.162123
0.14608
0.101114
0.247045
0.117874
0.116705
0.181674
0.247085
0.0486848
0.0851146
0.202839
0.0975831
0.0453443
0.216585
0.13739
0.151183
0.0602434
0.167717
0.0515884
0.166659
0.0484502
0.0720275
0.14695
0.0943436
0.155101
0.100361
0.155338
0.19639
0.0594255
0.0210179
0.0961847
0.0996562
0.146375
0.234194
0.11546
0.0647104
0.20027
0.210447
0.232947
0.187545
0.2241
0.161286
0.119634
0.161126
0.20526
0.124607
0.0800813
0.0389478
0.0679675
0.14992
0.0648405
0.084501
0.149261
0.0659719
0.172227
0.174912
0.0795276
0.0735928
0.216631
0.139048
0.200887
0.296516
0.0569335
0.0365929
0.0188339
0.0552508
0.0294725
0.0625215
0.155499
0.0736627
0.043191
0.0773986
0.0691024
0.0511889
0.05615
0.0511143
0.0470586
0.0969376
0.0154523
0.0447899
0.0396187
0.088063
0.021335
0.047965
0.0540564
0.0392464
0.0594314
0.0300366
0.0351308
0.0227698
0.0494651
0.161195
0.0864759
0.099475
0.11311
0.0273332
0.0418211
0.052427
0.0397147
0.034427
0.0546939
0.13142
0.215872
0.0915447
0.0366054
0.1148
0.073531
0.064508
0.0576632
0.0562312
0.0917441
0.0682573
0.0232696
0.0487961
0.101476
0.0608687
0.0691562
0.117519
0.0586958
0.0179383
0.139688
0.0376947
0.0287053
0.0629983
0.0195642
0.0825443
0.0702847
0.02368
0.0494371
0.0540654
0.0291675
0.0662562
0.0310387
0.140884
0.0853975
0.0440728
0.10039
0.110539
0.0787292
0.019559
0.0900789
0.0514877
0.0335997
0.0258203
0.0400602
0.141192
0.05639
0.0504424
0.0732003
0.091874
0.0453758
0.179408
0.0565658
0.147641
0.0667005
0.028134
0.0208586
0.118165
0.039465
0.0411183
0.0715398
0.0619767
0.0317475
0.0478615
0.0380692
0.0559165
0.0594304
0.128766
0.0336761
0.0527131
0.0791098
0.0639152
0.0392018
0.0521985
0.0595301
0.0596532
0.0443927
0.0453221
0.100023
0.106632
0.0217101
0.0487475
0.0354576
0.0496512
0.032372
0.0190177
0.0256427
0.0331481
0.0780898
0.0306671
0.0743964
0.149249
0.0164163
0.0489568
0.0570097
0.0394779
0.184347
0.091038
0.0474186
0.0462598
0.0423525
0.0587321
0.068114
0.0448529
0.0398011
0.0588725
0.021909
0.035781
0.0201071
0.026277
0.0358759
0.0712515
0.0500428
0.0300431
0.0412735
0.0258023
0.107997
0.0486179
0.0819185
0.0643169
0.0260788
0.0261284
0.134043
0.0779496
0.0314757
0.0549128
0.0554917
0.0908627
0.022955
0.0984785
0.118661
0.0722845
0.0734329
0.0337413
0.0631836
0.0457966
0.114965
0.036822
0.0964582
0.0497714
0.173091
0.0902092
0.0538598
0.0269477
0.0944985
0.0545174
0.0831759
0.0651791
0.0655175
0.0782072
0.0543735
0.102527
0.0484677
0.134908
0.0208794
0.0397611
0.0198055
0.0529085
0.0662082
0.0353255
0.0309282
0.0568523
0.0596645
0.0759217
0.0495006
0.114362
0.0858707
0.13291
0.0444129
0.0392773
0.123574
0.085627
0.0573202
0.0771299
0.0325056
0.0252958
0.165549
0.0544199
0.0538045
0.0536724
0.128172
0.0636101
0.0719237
0.0646404
0.0169483
0.0436462
0.0877272
0.157989
0.157866
0.0227298
0.0718396
0.0481492
0.0401736
0.158109
0.0691737
0.0648848
0.0294431
0.0670317
0.0339365
0.130413
0.0328569
0.0260419
0.0153965
0.0627454
0.038503
0.069471
0.035837
0.0238405
0.0423435
0.10485
0.0408997
0.172791
0.127912
0.0378588
0.0751446
0.0921202
0.0471445
0.0595319
0.0201188
0.0293072
0.0630461
0.0555282
0.0753908
0.0483549
0.0560437
0.0547678
0.0384116
0.0977874
0.100828
0.103671
0.102753
0.0396787
0.0488471
0.0701511
0.0601207
0.0527898
0.049237
0.143688
0.111695
0.0565839
0.0415704
0.151548
0.050574
0.127541
0.0956921
0.0170669
0.0464801
0.0640696
0.0747873
0.0286166
0.0294922
0.031256
0.024925
0.0484448
0.0570207
0.0917328
0.0676776
0.0301446
0.179792
0.014017
0.055765
0.0773121
0.0723003
0.0926213
0.077207
0.065329
0.0483551
0.195067
0.084159
0.0365512
0.0764319
0.0805047
0.101916
0.0492271
0.0550705
0.0328917
0.0243641
0.218047
0.0345458
0.0683207
0.0776944
0.0527856
0.0472888
0.0430162
0.0829801
0.0345869
0.0260689
0.0763599
0.0269817
0.0349597
0.03356
0.0704876
0.0390239
0.18956
0.0556905
0.0893215
0.0907133
0.0364285
0.126809
0.0398757
0.103017
0.0375138
0.0625026
0.0415542
0.0265371
0.0277281
0.0464682
0.032619
0.0157962
0.0419777
0.0171646
0.0875277
0.111669
0.0631642
0.0435883
0.0346053
0.0572704
0.0199881
0.0955697
0.0887355
0.0177778
0.021947
0.0344503
0.0852377
0.0457145
0.041645
0.0490656
0.0578311
0.0339594
0.0870057
0.0524292
0.0321908
0.0213014
0.0495458
0.0670145
0.0962232
0.0948375
0.0717733
0.137683
0.0170987
0.0438678
0.0408392
0.0249813
0.172222
0.101011
0.166915
0.023627
0.0319868
0.0393305
0.0375146
0.0684779
0.0209962
0.0464015
0.0260153
0.0862286
0.0214677
0.0432649
0.072578
0.0802616
0.0354011
0.080136
0.040282
0.0269542
0.0413415
0.0290756
0.0666721
0.0507032
0.0695428
0.0315214
0.197571
0.108323
0.0963761
0.0924089
0.0435169
0.0518196
0.0717768
0.0800634
0.0972507
0.0272472
0.204915
0.0630048
0.0427357
0.0268498
0.0430458
0.0634321
0.0263517
0.176352
0.0573323
0.0846749
0.0438599
0.0136659
0.0403501
0.0405674
0.0378994
0.0765903
0.0414178
0.0581813
0.0644181
0.0267452
0.103726
0.15418
0.0163988
0.0452966
0.0166207
0.0426509
0.0371571
0.050499
0.0124326
0.0119256
0.0333439
0.0296606
0.0259369
0.0488029
0.0572741
0.069871
0.0433006
0.109894
0.0132799
0.122431
0.0262929
0.0327964
0.0417692
0.0426321
0.0422265
0.0343689
0.0636821
0.0264319
0.0409394
0.0322722
0.0390437
0.114975
0.0680753
0.152671
0.0364335
0.0454878
0.0263328
0.0646534
0.0939211
0.0811211
0.0564256
0.0333078
0.0588444
0.138793
0.0791858
0.0700754
0.0575153
0.0583501
0.0289603
0.0754353
0.0330628
0.110141
0.0290724
0.0330066
0.0523954
0.0438356
0.0322839
0.0392986
0.119462
0.0258969
0.061865
0.0777934
0.01417
0.0570908
0.0969182
0.0745507
0.0442702
0.0560326
0.0397201
0.0838848
0.0448009
0.0244442
0.10018
0.0750397
0.0522306
0.0863401
0.0326927
0.0471354
0.0540101
0.0587764
0.0224472
0.0730814
0.0848498
0.0436006
0.135063
0.0290493
0.0771208
0.0336282
0.0681782
0.0119595
0.0346579
0.0561963
0.0308975
0.0682343
0.0454295
0.0878449
0.0501068
0.0196555
0.0974039
0.0668682
0.117374
0.025109
0.0622365
0.0519545
0.110501
0.043131
0.0355383
0.0537587
0.0585419
0.0167486
0.0846521
0.0685173
0.197653
0.0295032
0.145713
0.0410936
0.0179304
0.055425
0.0531777
0.0240767
0.0332022
0.0886848
0.0571761
0.0537185
0.119365
0.0219681
0.0649424
0.0784429
0.051134
0.0956326
0.0749909
0.0491159
0.0506688
0.152485
0.0751938
0.0238592
0.0745453
0.0375615
0.13444
0.0292914
0.0991251
0.0772042
0.163399
0.0800056
0.0737577
0.101026
0.146259
0.0459852
0.038949
0.083607
0.168231
0.0619864
0.0498747
0.123588
0.0173731
0.0708923
0.0484029
0.0310966
0.0248796
0.0378518
0.0381012
0.0419607
0.0342573
0.135657
0.0247399
0.115627
0.0235708
0.0619924
0.0715739
0.0714524
0.0112698
0.0410518
0.067701
0.031955
0.0888385
0.0317681
0.0216848
0.0259039
0.0763703
0.0448954
0.0745708
0.0570769
0.0972036
0.0204009
0.0448797
0.0497107
0.042369
0.0466616
0.0477965
0.087539
0.0194442
0.0542324
0.0697182
0.0537841
0.0908659
0.0286558
0.0350236
0.072647
0.079709
0.0751691
0.0183431
0.0487436
0.0500582
0.178159
0.0392377
0.0252105
0.15895
0.02527
0.0697119
0.0563997
0.0370686
0.161508
0.0136166
0.041504
0.0460867
0.181456
0.0616865
0.0768337
0.070576
0.0385086
0.03164
0.0491382
0.0374404
0.0766912
0.0503431
0.0691246
0.0441234
0.123955
0.204657
0.0329994
0.0547141
0.0095734
0.0347996
0.0521405
0.0318597
0.0205531
0.0785133
0.0710658
0.0249447
0.429955
0.076635
0.0849662
0.11438
0.0835441
0.191598
0.0402155
0.206031
0.138339
0.144243
0.26194
0.147508
0.171191
0.059521
0.0389557
0.0709341
0.0907417
0.0646666
0.155896
0.0809316
0.0811122
0.150645
0.0485829
0.108454
0.0676027
0.0708287
0.122514
0.0526391
0.0526452
0.0479599
0.165382
0.0751666
0.0770679
0.218129
0.101042
0.15571
0.13825
0.0755093
0.124167
0.165933
0.0862195
0.145609
0.109447
0.222265
0.136868
0.126997
0.143587
0.0506996
0.0585552
0.0435721
0.0386224
0.120721
0.052753
0.120948
0.152175
0.0679712
0.066839
0.0493041
0.112894
0.11438
0.072081
0.12839
0.0460944
0.197916
0.147949
0.0790999
0.105555
0.0341316
0.0302783
0.159344
0.20174
0.222803
0.0408287
0.0480066
0.0904649
0.0683401
0.153884
0.0764256
0.0680315
0.216946
0.0542345
0.088833
0.0843429
0.0482497
0.0699581
0.107543
0.224209
0.0726134
0.0537747
0.089287
0.0962458
0.247531
0.0632674
0.0493499
0.0725084
0.118235
0.0954234
0.155442
0.0533437
0.0784181
0.0626311
0.0788212
0.140454
0.127393
0.190011
0.133811
0.175631
0.192081
0.0937396
0.0330229
0.048431
0.198036
0.0790081
0.214713
0.106488
0.193359
0.0583991
0.0613191
0.121619
0.108849
0.105295
0.151475
0.0639888
0.0569558
0.141601
0.0862685
0.0359555
0.123872
0.0457936
0.0377703
0.126001
0.134756
0.281357
0.0740844
0.0473773
0.165937
0.0459157
0.0315593
0.0983429
0.105859
0.200872
0.0538234
0.0364503
0.0399059
0.0643101
0.117011
0.0857012
0.170126
0.104745
0.174661
0.0660765
0.0969252
0.0797379
0.0529786
0.155789
0.0556673
0.0349939
0.161039
0.100036
0.117635
0.0719578
0.0667205
0.0848504
0.223731
0.150365
0.093989
0.143339
0.111497
0.25928
0.0556882
0.0281912
0.198091
0.0511949
0.0431345
0.091068
0.0605751
0.14839
0.0749594
0.121123
0.134146
0.0406576
0.100394
0.0340901
0.161985
0.0881851
0.0590168
0.221678
0.0941131
0.109094
0.119209
0.274874
0.0694039
0.0814844
0.0315486
0.188473
0.121186
0.159517
0.141421
0.116087
0.0583024
0.122252
0.0401774
0.155968
0.0812531
0.0701728
0.118354
0.0955754
0.0909651
0.051813
0.0349439
0.133648
0.146169
0.109173
0.0412252
0.244821
0.0560309
0.142746
0.0787784
0.16416
0.0296834
0.0752603
0.117774
0.0830288
0.245707
0.0801628
0.131055
0.246894
0.109525
0.0397177
0.0565189
0.0559227
0.0338476
0.0775467
0.0171728
0.117022
0.0494448
0.0594641
0.148776
0.110806
0.0406371
0.0587816
0.0915915
0.0586277
0.169264
0.227834
0.0590025
0.0999096
0.0811881
0.0881701
0.149918
0.110178
0.190879
0.125792
0.0977132
0.112556
0.149633
0.15426
0.039263
0.0363615
0.0348074
0.123706
0.16902
0.21109
0.112686
0.186245
0.0704654
0.132237
0.0760943
0.0545916
0.080278
0.1243
0.0467971
0.138619
0.147871
0.0495306
0.115418
0.136096
0.0816764
0.166433
0.11406
0.0305327
0.112724
0.18662
0.100185
0.170345
0.067141
0.140587
0.237317
0.230222
0.0758671
0.111874
0.0596638
0.116084
0.112266
0.149562
0.201694
0.124784
0.069164
0.0937438
0.216416
0.31397
0.13095
0.0834202
0.100471
0.072808
0.0842549
0.0419335
0.0611732
0.171258
0.0449189
0.0230563
0.0422247
0.221349
0.0542107
0.0521642
0.138558
0.112969
0.1086
0.0780765
0.133287
0.0644091
0.0125015
0.0993361
0.0638362
0.12871
0.119275
0.035455
0.0308443
0.0568125
0.07784
0.0673545
0.0675804
0.103234
0.184263
0.0718865
0.114304
0.0539544
0.0849723
0.0268785
0.0509727
0.075121
0.121224
0.0920652
0.0401484
0.0544336
0.162885
0.109353
0.162461
0.212653
0.0702347
0.0535615
0.0422337
0.104228
0.0399201
0.100572
0.193306
0.0754134
0.0326436
0.0702156
0.015003
0.218244
0.101275
0.205758
0.143063
0.151921
0.144795
0.128074
0.165745
0.096426
0.0620624
0.090917
0.118603
0.278568
0.0452553
0.136996
0.0519305
0.149056
0.100615
0.0705541
0.103064
0.155491
0.0511838
0.141076
0.142533
0.0482731
0.0382302
0.0574614
0.103105
0.232302
0.0683719
0.122628
0.197146
0.0549441
0.022631
0.098058
0.121477
0.10838
0.154346
0.220339
0.112165
0.0574726
0.13959
0.0705407
0.113731
0.124087
0.213536
0.160488
0.0340153
0.107374
0.0881882
0.199394
0.159175
0.0665373
0.211118
0.122988
0.0324732
0.169445
0.0567282
0.215236
0.0521886
0.0623633
0.133232
0.0817269
0.101181
0.077782
0.128784
0.100567
0.177987
0.127073
0.129361
0.101608
0.0519307
0.0770522
0.129254
0.0706516
0.210497
0.268126
0.132801
0.144742
0.112693
0.0504491
0.137529
0.115
0.0636111
0.061903
0.107914
0.159627
0.17097
0.109142
0.0961624
0.0708204
0.044963
0.12045
0.124856
0.097713
0.0478598
0.0394866
0.187255
0.161251
0.078829
0.279541
0.0773409
0.0400618
0.0648974
0.0611428
0.0425115
0.0881251
0.13997
0.0444913
0.0739833
0.0650941
0.0748443
0.0599001
0.115234
0.0432714
0.159355
0.0399896
0.0528389
0.0523392
0.103155
0.0587189
0.0834464
0.0343488
0.0272871
0.0450976
0.0310191
0.062657
0.068031
0.173197
0.0562425
0.133693
0.0356791
0.113497
0.0575954
0.0413476
0.0777958
0.0845259
0.0943219
0.110979
0.0893744
0.145874
0.235395
0.160989
0.170965
0.124205
0.0484604
0.134679
0.0600445
0.0544954
0.0379891
0.165455
0.302592
0.0684087
0.0879817
0.10431
0.116262
0.0667907
0.0599324
0.155916
0.143918
0.181086
0.0495499
0.0399377
0.240217
0.0396175
0.0592779
0.140579
0.131834
0.202182
0.0435595
0.203048
0.0333021
0.173388
0.165856
0.114025
0.158659
0.0877147
0.10197
0.047859
0.0529296
0.0384056
0.0815886
0.114553
0.119735
0.101587
0.0490446
0.0583803
0.024711
0.129416
0.211363
0.0798383
0.0773946
0.0840375
0.0807062
0.132118
0.0756215
0.0614518
0.0532589
0.0545661
0.134404
0.083494
0.0413501
0.0396894
0.107285
0.130004
0.0434881
0.115591
0.0730629
0.274629
0.047071
0.029885
0.170668
0.0661067
0.183481
0.0904126
0.0625555
0.17317
0.0449125
0.0556892
0.139167
0.169121
0.154568
0.105443
0.19806
0.0400313
0.102623
0.0801243
0.111126
0.12523
0.0982338
0.0705375
0.165061
0.0849969
0.12363
0.0969571
0.192206
0.0901951
0.0672517
0.189554
0.0488116
0.109754
0.0773807
0.129578
0.0709762
0.0557811
0.238449
0.102944
0.107859
0.0632655
0.034793
0.0683434
0.119296
0.0576014
0.0594256
0.0652087
0.109979
0.139324
0.0680288
0.171148
0.106881
0.0546447
0.0364161
0.117647
0.219974
0.082181
0.126728
0.0912633
0.13052
0.135279
0.0283498
0.0658796
0.14585
0.0424125
0.058511
0.0710035
0.0885125
0.182461
0.136003
0.132895
0.0612234
0.308526
0.211256
0.106149
0.158297
0.0740818
0.0684066
0.0801084
0.0483615
0.040375
0.0673272
0.0270356
0.108983
0.162305
0.0664408
0.135992
0.0312149
0.152964
0.0626566
0.0619408
0.107242
0.572098
0.0926287
0.340969
0.170033
0.0569412
0.316105
0.041785
0.106267
0.277125
0.0227072
0.0572455
0.0968918
0.151866
0.194745
0.335243
0.10221
0.254661
0.0981586
0.0584083
0.250725
0.138972
0.0875447
0.253389
0.232108
0.1417
0.0313654
0.103423
0.16388
0.145989
0.182633
0.129028
0.360546
0.249689
0.0585561
0.319075
0.212772
0.0160979
0.315214
0.25108
0.354482
0.328353
0.228963
0.178084
0.0425022
0.0662403
0.160781
0.279801
0.0404623
0.12165
0.150892
0.171172
0.283257
0.141606
0.104678
0.210284
0.0323794
0.13336
0.0617452
0.323968
0.264885
0.150628
0.334723
0.368667
0.188101
0.336963
0.134996
0.184942
0.0936491
0.0737616
0.100732
0.0680121
0.270958
0.0247855
0.0801022
0.120288
0.197716
0.0460733
0.188685
0.142439
0.123339
0.100801
0.0531769
0.078079
0.275634
0.161893
0.222824
0.0992959
0.114803
0.348386
0.0419068
0.125489
0.151269
0.122763
0.292652
0.173576
0.379786
0.147051
0.046974
0.280898
0.0519687
0.0930874
0.0544416
0.322554
0.0481323
0.14303
0.0716389
0.170771
0.156426
0.195585
0.0466282
0.135282
0.130433
0.401119
0.150651
0.0252245
0.135938
0.0707958
0.119964
0.0878907
0.155006
0.100418
0.103936
0.135336
0.195001
0.213092
0.327147
0.379187
0.305921
0.0975116
0.160424
0.119314
0.15259
0.159301
0.0231053
0.264635
0.111543
0.0439459
0.210893
0.0700193
0.268139
0.19861
0.141399
0.150474
0.158687
0.112584
0.31409
0.243098
0.109989
0.155204
0.139633
0.176184
0.355299
0.0883915
0.0599312
0.269853
0.203829
0.091121
0.226082
0.0464641
0.0939713
0.104315
0.0802732
0.0568096
0.243887
0.0714849
0.0633481
0.286778
0.11631
0.293599
0.126975
0.153347
0.331607
0.0612371
0.106339
0.303256
0.224958
0.112478
0.23891
0.146471
0.0773163
0.117165
0.110219
0.214706
0.146105
0.151055
0.102349
0.163982
0.213697
0.0233415
0.156471
0.235711
0.12244
0.12119
0.181051
0.307063
0.052087
0.0355826
0.0148786
0.273359
0.106713
0.211506
0.303245
0.217799
0.136403
0.0341535
0.0515007
0.312335
0.0459087
0.0811883
0.243374
0.301219
0.157436
0.118065
0.234246
0.127827
0.367951
0.0940102
0.133382
0.142433
0.0415048
0.158012
0.129295
0.0853836
0.203948
0.310617
0.240846
0.0606549
0.163607
0.157138
0.0446286
0.222778
0.1227
0.265389
0.0594682
0.206422
0.097522
0.103444
0.266198
0.132403
0.123728
0.0155245
0.1492
0.0505923
0.0612226
0.234205
0.173215
0.0812321
0.296377
0.117264
0.297401
0.226171
0.174102
0.298561
0.0891478
0.125275
0.0796009
0.222415
0.313378
0.0851205
0.205473
0.274171
0.36373
0.235596
0.0326135
0.130993
0.0944961
0.162666
0.0927507
0.153999
0.112424
0.164787
0.123207
0.15895
0.340462
0.158194
0.0601466
0.164137
0.110239
0.0204345
0.204979
0.154614
0.263108
0.291793
0.0629158
0.132795
0.081465
0.121731
0.0914443
0.0464689
0.132552
0.164881
0.0778814
0.155607
0.0514067
0.119535
0.258742
0.102973
0.1084
0.155591
0.170638
0.106695
0.226518
0.274405
0.0533174
0.0872387
0.102527
0.202204
0.11156
0.232279
0.354357
0.349934
0.250947
0.0387814
0.271776
0.24225
0.138075
0.0596514
0.348774
0.213765
0.0243609
0.192541
0.104621
0.308052
0.255068
0.150237
0.049988
0.156741
0.151211
0.0333045
0.335068
0.0963402
0.307883
0.170262
0.0788415
0.209124
0.257841
0.206722
0.204263
0.052791
0.295134
0.203508
0.126775
0.196267
0.0106855
0.100781
0.103678
0.102068
0.261913
0.0537515
0.132108
0.0861769
0.152183
0.198764
0.172898
0.108173
0.185578
0.158966
0.258183
0.141107
0.185203
0.0980408
0.0884025
0.229513
0.15652
0.102653
0.125319
0.067487
0.199029
0.0542479
0.0864295
0.151423
0.170745
0.13259
0.218873
0.259391
0.0458144
0.247855
0.149877
0.0536287
0.270925
0.216253
0.0877135
0.0242805
0.0909436
0.0926285
0.269921
0.0967593
0.121402
0.305071
0.0485458
0.0476646
0.0903036
0.156837
0.136176
0.094064
0.212139
0.21538
0.0394551
0.08924
0.0506434
0.0720479
0.26181
0.20299
0.0967325
0.274139
0.145505
0.103482
0.144724
0.21653
0.219186
0.212237
0.0974026
0.203305
0.152701
0.0318482
0.166578
0.0736365
0.29958
0.176138
0.174418
0.105113
0.0756172
0.0746819
0.167402
0.209385
0.175127
0.133496
0.277141
0.297322
0.0876335
0.0735993
0.105598
0.16806
0.289867
0.1082
0.0466022
0.305679
0.247512
0.12358
0.0905379
0.35132
0.0593851
0.114775
0.0463312
0.0656403
0.200615
0.0954407
0.188577
0.0370139
0.147457
0.0501919
0.270435
0.0946878
0.166864
0.243646
0.145334
0.128924
0.242784
0.0881047
0.180811
0.209707
0.243551
0.150141
0.0787109
0.179936
0.14225
0.167519
0.253568
0.304177
0.357722
0.234123
0.115654
0.0853856
0.146139
0.164467
0.0952335
0.143668
0.244305
0.0323579
0.141911
0.2847
0.0380823
0.113006
0.157511
0.16339
0.0852462
0.242926
0.249195
0.136897
0.0337909
0.0280286
0.175322
0.240883
0.153569
0.130947
0.114351
0.166045
0.039324
0.16987
0.224612
0.260393
0.0890385
0.264681
0.105167
0.0909356
0.208414
0.106285
0.113477
0.121487
0.08298
0.293997
0.198873
0.0229184
0.0991946
0.101906
0.064548
0.211732
0.394888
0.0747624
0.126417
0.151756
0.235582
0.0805023
0.0631418
0.127892
0.179967
0.280398
0.0830704
0.0914759
0.133504
0.0323449
0.128337
0.0446644
0.276792
0.350541
0.229231
0.216552
0.134259
0.354347
0.265694
0.102519
0.296646
0.108722
0.139175
0.242259
0.0430241
0.19256
0.109875
0.106726
0.207175
0.0487257
0.283731
0.220352
0.0878978
0.0235537
0.14529
0.128771
0.0716123
0.114023
0.0444555
0.0733845
0.105478
0.0371169
0.259697
0.0498323
0.166988
0.199162
0.185451
0.0833734
0.213918
0.100255
0.0471415
0.0972574
0.276892
0.0432583
0.0780999
0.108631
0.0475787
0.242816
0.338657
0.197388
0.357432
0.334757
0.112293
0.177471
0.192069
0.138215
0.126864
0.343738
0.246069
0.0967862
0.270286
0.250369
0.265158
0.112511
0.218409
0.0740433
0.0277393
0.269713
0.0423358
0.113259
0.0757144
0.0457609
0.346873
0.205435
0.166786
0.0593327
0.161788
0.178938
0.182378
0.311857
0.341813
0.19498
0.110209
0.153635
0.167991
0.0285165
0.175559
0.0693979
0.1621
0.144699
0.3808
0.159918
0.0429119
0.0500731
0.0628745
0.172847
0.17331
0.10761
0.242672
