0.331085
0.129879
0.167369
0.190361
0.110286
0.183402
0.179134
0.123492
0.157017
0.165256
0.169651
0.179981
0.171195
0.151275
0.150581
0.17901
0.12094
0.112965
0.167496
0.179502
0.119789
0.27757
0.164973
0.182477
0.163636
0.14208
0.212174
0.115129
0.155547
0.288279
0.169713
0.128292
0.18029
0.220121
0.182254
0.231331
0.160451
0.152112
0.159293
0.103674
0.168832
0.209394
0.181141
0.163764
0.147519
0.217519
0.156224
0.169519
0.181422
0.242694
0.175534
0.157309
0.107043
0.108793
0.119246
0.188845
0.208276
0.268614
0.151528
0.15473
0.230511
0.208198
0.201605
0.193538
0.133776
0.128312
0.156222
0.129903
0.0942859
0.195859
0.149441
0.1302
0.130582
0.202969
0.28426
0.145483
0.143313
0.203289
0.148981
0.201948
0.158279
0.200707
0.184889
0.149233
0.171475
0.125927
0.130858
0.169829
0.142419
0.145834
0.142445
0.23104
0.229819
0.171102
0.181474
0.199897
0.202986
0.152568
0.185193
0.193611
0.221153
0.153802
0.173814
0.286642
0.144614
0.198226
0.167648
0.208826
0.102702
0.165659
0.128908
0.181937
0.148833
0.174417
0.172173
0.241472
0.145216
0.140375
0.114199
0.142955
0.157661
0.174622
0.159815
0.21876
0.148868
0.142088
0.115361
0.163179
0.173513
0.134984
0.164034
0.156707
0.15708
0.205847
0.160481
0.257158
0.167213
0.160264
0.131977
0.202981
0.162628
0.199411
0.133127
0.228126
0.174108
0.18318
0.124357
0.150123
0.103085
0.1696
0.226546
0.291604
0.109819
0.234879
0.212582
0.151864
0.151822
0.177893
0.211827
0.173625
0.197471
0.24187
0.226668
0.144033
0.167531
0.15384
0.132241
0.158295
0.192706
0.161867
0.210132
0.202905
0.163589
0.143118
0.198032
0.129122
0.119211
0.195872
0.202009
0.165549
0.132086
0.192917
0.13063
0.164863
0.227163
0.125229
0.152168
0.150901
0.210585
0.134724
0.149747
0.0924196
0.176074
0.165086
0.166597
0.21062
0.271198
0.181566
0.161485
0.16657
0.257661
0.16917
0.136336
0.201683
0.22974
0.170564
0.120416
0.190594
0.154958
0.216052
0.12921
0.158372
0.153591
0.137176
0.18817
0.170603
0.202126
0.273123
0.167706
0.238595
0.214098
0.251452
0.164233
0.201789
0.253217
0.28231
0.214765
0.218004
0.178275
0.158375
0.132425
0.192285
0.105197
0.187744
0.150803
0.184939
0.173964
0.224374
0.196554
0.136475
0.180654
0.130003
0.170229
0.164392
0.162705
0.171211
0.13988
0.207595
0.139525
0.211331
0.143959
0.159534
0.227035
0.14485
0.172237
0.122499
0.195337
0.2359
0.163823
0.123709
0.195241
0.187632
0.158
0.209494
0.282704
0.121251
0.214465
0.194778
0.184999
0.191418
0.196126
0.185948
0.181517
0.124299
0.14486
0.156308
0.116233
0.218239
0.166466
0.204787
0.13577
0.179294
0.15503
0.176765
0.20692
0.211558
0.172592
0.248801
0.18943
0.13852
0.240372
0.173308
0.214228
0.108495
0.144433
0.22485
0.19615
0.0980226
0.195175
0.123923
0.16394
0.128216
0.121696
0.187549
0.284604
0.141896
0.14703
0.191299
0.27632
0.136731
0.242153
0.200589
0.206001
0.178962
0.128596
0.120645
0.194778
0.177183
0.119677
0.172899
0.128805
0.101352
0.18535
0.0961456
0.178552
0.159064
0.152128
0.173281
0.147767
0.11814
0.193715
0.134305
0.16729
0.133005
0.184843
0.228731
0.0797528
0.155091
0.191562
0.145203
0.121865
0.225942
0.137847
0.172972
0.145089
0.178888
0.293974
0.214719
0.149729
0.142699
0.187534
0.192719
0.0876133
0.186264
0.172893
0.177299
0.131865
0.104175
0.166541
0.239036
0.17081
0.158796
0.120112
0.205861
0.190812
0.104764
0.15189
0.14373
0.145402
0.205435
0.124446
0.141146
0.156455
0.181367
0.179438
0.147882
0.120909
0.257046
0.209356
0.204563
0.136099
0.128136
0.129906
0.177343
0.163837
0.230312
0.113062
0.13321
0.20946
0.19707
0.148801
0.130907
0.185013
0.165898
0.143536
0.166193
0.163818
0.191464
0.202312
0.148928
0.14827
0.167501
0.186606
0.19267
0.124527
0.148048
0.132496
0.197579
0.204665
0.192632
0.270667
0.152808
0.200505
0.212428
0.173372
0.117911
0.235384
0.143978
0.248591
0.202022
0.202477
0.201017
0.191798
0.175457
0.228665
0.19008
0.142954
0.163321
0.172249
0.214296
0.143852
0.25223
0.175364
0.158964
0.141299
0.171596
0.159544
0.13349
0.137826
0.165551
0.241487
0.258263
0.152428
0.229126
0.201072
0.191612
0.175135
0.136761
0.0869906
0.179266
0.151039
0.207325
0.201938
0.204087
0.149849
0.115892
0.112058
0.144083
0.143494
0.219187
0.187357
0.145503
0.123441
0.273579
0.232712
0.16812
0.213801
0.167363
0.139586
0.168422
0.216775
0.177832
0.14856
0.14213
0.126924
0.167467
0.184003
0.193172
0.13046
0.141373
0.11464
0.222749
0.208509
0.122589
0.141202
0.187263
0.225661
0.225452
0.261194
0.215051
0.174094
0.141851
0.174478
0.200748
0.149246
0.212089
0.198765
0.241594
0.135328
0.274809
0.145574
0.437161
0.131398
0.199395
0.151602
0.147139
0.245599
0.211126
0.143028
0.138098
0.204404
0.118336
0.213711
0.197429
0.276829
0.175683
0.189386
0.234792
0.167751
0.250363
0.294337
0.228344
0.186427
0.178227
0.137289
0.226459
0.171665
0.0979646
0.0986144
0.135024
0.163481
0.151461
0.16427
0.248502
0.28579
0.179763
0.206053
0.226999
0.185207
0.229181
0.224368
0.314652
0.189666
0.205291
0.219278
0.145359
0.146305
0.253256
0.106121
0.178733
0.233722
0.146341
0.15261
0.12062
0.215045
0.142213
0.141479
0.249172
0.259981
0.249196
0.231428
0.178574
0.221341
0.255428
0.145766
0.259385
0.301175
0.248717
0.155803
0.135063
0.136417
0.190336
0.161615
0.121777
0.21248
0.250448
0.19511
0.209358
0.169677
0.244711
0.108736
0.147077
0.144626
0.241502
0.158396
0.220515
0.122374
0.120353
0.161623
0.212411
0.148718
0.115055
0.218883
0.121903
0.188308
0.138903
0.143244
0.161396
0.201593
0.203027
0.24983
0.171276
0.184248
0.144534
0.178486
0.170506
0.172102
0.114063
0.212833
0.239611
0.180932
0.197186
0.114018
0.177874
0.177044
0.235633
0.157153
0.11442
0.199867
0.15115
0.165536
0.259304
0.190374
0.181734
0.198282
0.139776
0.198353
0.120809
0.171132
0.0989147
0.184607
0.131383
0.176344
0.199481
0.168517
0.254465
0.127444
0.124517
0.144742
0.13659
0.233424
0.115027
0.228568
0.153589
0.126289
0.119089
0.171255
0.155761
0.187569
0.116316
0.127128
0.184165
0.241079
0.151767
0.183473
0.138899
0.21557
0.128514
0.227335
0.156637
0.203056
0.163632
0.253349
0.203942
0.220912
0.228122
0.0975267
0.247493
0.119547
0.199535
0.17846
0.137547
0.214317
0.0969295
0.219604
0.252721
0.14771
0.0946621
0.104216
0.161491
0.284457
0.183007
0.16334
0.267396
0.18907
0.181484
0.176601
0.196593
0.187919
0.203152
0.22359
0.141636
0.186135
0.20265
0.268995
0.121181
0.176392
0.118096
0.109455
0.190577
0.142962
0.22686
0.254013
0.162994
0.158908
0.195645
0.226061
0.285966
0.210244
0.22453
0.117701
0.233363
0.0952274
0.14498
0.174891
0.188981
0.194018
0.177938
0.168201
0.204722
0.221331
0.196833
0.222844
0.301476
0.138569
0.118252
0.179779
0.233167
0.152702
0.208977
0.0934665
0.257293
0.167622
0.135689
0.273048
0.138219
0.120411
0.129562
0.112407
0.127144
0.17055
0.2143
0.233598
0.114433
0.152432
0.160733
0.161585
0.122945
0.184616
0.123102
0.15393
0.201393
0.181132
0.240894
0.189835
0.198677
0.244816
0.11355
0.162022
0.16672
0.0957512
0.112243
0.252585
0.147898
0.195597
0.179533
0.222349
0.212311
0.227858
0.179822
0.258979
0.191469
0.234268
0.301276
0.147214
0.158617
0.165835
0.209353
0.1292
0.164874
0.130397
0.0996807
0.195583
0.242296
0.137826
0.205751
0.246482
0.180129
0.189844
0.165077
0.136663
0.138889
0.166208
0.104698
0.153739
0.128523
0.19629
0.144936
0.183288
0.156132
0.309143
0.151843
0.223473
0.201662
0.227453
0.212426
0.211333
0.23355
0.206607
0.145006
0.23967
0.169789
0.116268
0.274936
0.217192
0.167706
0.200965
0.210616
0.14708
0.20715
0.16771
0.189718
0.247715
0.123809
0.130152
0.112495
0.184555
0.159127
0.328296
0.138386
0.154923
0.174478
0.280701
0.160798
0.197975
0.140825
0.17932
0.189817
0.141182
0.207638
0.232413
0.226755
0.195395
0.240966
0.132684
0.16217
0.171028
0.128392
0.127861
0.168596
0.160109
0.156961
0.249822
0.200799
0.15837
0.175584
0.131435
0.162482
0.22144
0.181355
0.107349
0.14773
0.215875
0.270901
0.162045
0.219456
0.181478
0.201994
0.16243
0.232587
0.161817
0.172576
0.245262
0.164071
0.220339
0.219901
0.21966
0.179145
0.133194
0.199158
0.194483
0.196537
0.173932
0.140985
0.257212
0.105534
0.203922
0.164746
0.130311
0.254342
0.203948
0.17939
0.144544
0.248205
0.201074
0.132823
0.20048
0.290944
0.16166
0.138617
0.210229
0.13773
0.197036
0.201878
0.231112
0.225277
0.130366
0.229947
0.141881
0.275486
0.189257
0.196665
0.151127
0.208016
0.130954
0.136506
0.136511
0.178524
0.234005
0.247688
0.279946
0.237591
0.194515
0.172355
0.207873
0.202931
0.230059
0.139155
0.263001
0.107534
0.145334
0.223589
0.103487
0.127057
0.270214
0.107312
0.1444
0.185233
0.191859
0.173499
0.184831
0.216605
0.167361
0.260994
0.156908
0.178982
0.277895
0.18169
0.160309
0.139158
0.115704
0.188555
0.24721
0.211507
0.168508
0.147309
0.193203
0.165951
0.170641
0.190674
0.144251
0.251899
0.201852
0.130652
0.255032
0.149931
0.208375
0.165823
0.196206
0.160123
0.107761
0.300606
0.113046
0.185453
0.143364
0.22019
0.188428
0.152741
0.161093
0.241513
0.0757274
0.210882
0.323262
0.225468
0.155212
0.277319
0.215693
0.20049
0.151234
0.167677
0.150515
0.252066
0.171896
0.140124
0.120769
0.114195
0.274851
0.126915
0.291788
0.113044
0.279853
0.436644
0.262664
0.271512
0.168752
0.182431
0.185327
0.172675
0.184184
0.263394
0.261568
0.194955
0.276701
0.248588
0.196332
0.218845
0.273405
0.247151
0.1838
0.189261
0.253662
0.231778
0.194574
0.189599
0.227092
0.239472
0.141121
0.219996
0.192876
0.198258
0.170438
0.192558
0.154941
0.266812
0.196938
0.267051
0.14786
0.223836
0.224954
0.286811
0.276143
0.250084
0.229415
0.182552
0.28099
0.253722
0.254556
0.219516
0.258291
0.206355
0.269705
0.247891
0.243821
0.276603
0.236382
0.185227
0.160164
0.162929
0.244355
0.171536
0.261506
0.198619
0.245553
0.163293
0.286644
0.177879
0.17812
0.174084
0.292109
0.240948
0.186359
0.286527
0.167725
0.13049
0.217076
0.184034
0.23082
0.177347
0.158497
0.183751
0.155965
0.240609
0.152526
0.236382
0.170507
0.191662
0.206685
0.167061
0.197888
0.213825
0.125042
0.197453
0.280275
0.256056
0.15476
0.164968
0.146691
0.183472
0.161336
0.139313
0.205368
0.178537
0.134491
0.150328
0.243025
0.255571
0.228965
0.217248
0.169064
0.236712
0.278335
0.275919
0.142776
0.169932
0.191949
0.170849
0.137534
0.213686
0.203292
0.318575
0.193397
0.230164
0.240705
0.162889
0.271779
0.250491
0.214944
0.265904
0.171003
0.170277
0.203642
0.220249
0.199619
0.159308
0.278318
0.317069
0.232356
0.228947
0.200526
0.11414
0.257792
0.164463
0.232037
0.212163
0.15782
0.198462
0.187792
0.167382
0.131923
0.154517
0.171371
0.256203
0.160669
0.144608
0.133959
0.197215
0.317025
0.162063
0.237206
0.165846
0.193518
0.143232
0.203353
0.13848
0.141871
0.227257
0.1706
0.188086
0.217429
0.20818
0.254765
0.134827
0.176847
0.18306
0.205434
0.34171
0.229449
0.224813
0.31633
0.233162
0.202815
0.204528
0.204739
0.211382
0.300571
0.251985
0.301325
0.283371
0.183153
0.143612
0.217433
0.215114
0.156319
0.222405
0.251009
0.189333
0.202461
0.197503
0.25881
0.171145
0.285835
0.199146
0.258137
0.179248
0.162517
0.206653
0.247975
0.146153
0.188945
0.208357
0.210785
0.150189
0.24517
0.158233
0.200463
0.176839
0.186438
0.162001
0.150122
0.247733
0.189451
0.332643
0.212368
0.23771
0.168807
0.218322
0.219888
0.178106
0.111264
0.237713
0.150897
0.210769
0.220491
0.235006
0.205042
0.214618
0.159788
0.227478
0.234817
0.221539
0.207914
0.165592
0.201869
0.206163
0.21473
0.213765
0.171558
0.146331
0.14302
0.247543
0.19197
0.307824
0.167407
0.234111
0.233264
0.176614
0.118995
0.174442
0.200342
0.189386
0.196482
0.266199
0.171328
0.173255
0.138501
0.158596
0.167591
0.177923
0.154901
0.329779
0.184903
0.213957
0.173422
0.208499
0.214675
0.209245
0.225171
0.22707
0.197859
0.167722
0.159881
0.266392
0.169928
0.345527
0.181132
0.186162
0.165125
0.189075
0.167571
0.246218
0.203709
0.185938
0.173749
0.304097
0.24751
0.157534
0.1998
0.189441
0.24861
0.18507
0.273559
0.188522
0.193555
0.159027
0.194149
0.170382
0.206479
0.210183
0.157041
0.318396
0.237464
0.251594
0.208044
0.190898
0.170387
0.149457
0.131606
0.297037
0.238502
0.180722
0.15052
0.186469
0.170521
0.167877
0.160623
0.191372
0.19081
0.188868
0.217231
0.194903
0.166524
0.125782
0.350719
0.256726
0.173555
0.226847
0.251852
0.229609
0.231848
0.153833
0.161888
0.148323
0.311045
0.16437
0.224137
0.256167
0.199943
0.198702
0.225863
0.158562
0.195315
0.260213
0.299082
0.1568
0.206617
0.244968
0.173787
0.159517
0.201912
0.174272
0.141253
0.222955
0.115501
0.176603
0.205834
0.146373
0.185656
0.222813
0.2587
0.179908
0.253116
0.23915
0.233967
0.20153
0.221861
0.264144
0.141095
0.182616
0.286184
0.192755
0.171043
0.110577
0.239715
0.185739
0.193416
0.191282
0.230697
0.169254
0.131353
0.184691
0.227822
0.237826
0.29789
0.154746
0.148159
0.186259
0.206559
0.305447
0.203695
0.162313
0.269901
0.158786
0.228746
0.232004
0.202913
0.205412
0.196763
0.179847
0.276346
0.24336
0.22765
0.199962
0.199947
0.185313
0.268222
0.154859
0.159174
0.233667
0.146581
0.183574
0.160574
0.193236
0.259149
0.205052
0.171484
0.183116
0.112007
0.215182
0.207618
0.149536
0.293034
0.223271
0.146809
0.253261
0.161594
0.191618
0.208557
0.237307
0.173763
0.140601
0.159436
0.201639
0.151567
0.193685
0.207628
0.151946
0.163734
0.214744
0.197443
0.180699
0.107699
0.174096
0.1905
0.195442
0.196511
0.208239
0.253993
0.219068
0.178552
0.12597
0.180342
0.151106
0.176246
0.204801
0.211578
0.179019
0.192168
0.197359
0.230101
0.174738
0.171866
0.182869
0.213063
0.308096
0.203198
0.203684
0.209051
0.221564
0.159269
0.168616
0.23187
0.195346
0.257603
0.209692
0.213408
0.18028
0.188924
0.176479
0.250906
0.189823
0.195851
0.185449
0.185604
0.199007
0.126407
0.202505
0.197268
0.181088
0.166612
0.191465
0.178595
0.185767
0.245543
0.319457
0.319028
0.271427
0.280417
0.18535
0.169904
0.23162
0.220266
0.339299
0.273657
0.284849
0.337955
0.300538
0.159392
0.265087
0.288166
0.26245
0.280349
0.254706
0.261355
0.288736
0.324083
0.271624
0.289321
0.226229
0.215577
0.182818
0.295571
0.307309
0.159678
0.33677
0.253157
0.323882
0.300142
0.275828
0.236853
0.274453
0.328798
0.311974
0.242841
0.266008
0.293713
0.232261
0.214798
0.297666
0.349254
0.351052
0.266696
0.302834
0.151857
0.149417
0.285594
0.315382
0.301689
0.339998
0.290519
0.337165
0.22417
0.269479
0.236109
0.305249
0.342356
0.189839
0.29383
0.262795
0.181696
0.238964
0.237498
0.27546
0.225719
0.154359
0.280025
0.203675
0.24433
0.168443
0.22414
0.257649
0.337283
0.251786
0.225244
0.2498
0.274396
0.350153
0.341223
0.311857
0.302236
0.246377
0.181678
0.27867
0.23168
0.246556
0.282267
0.318051
0.224653
0.306342
0.304281
0.341152
0.308308
0.212498
0.166399
0.289827
0.23617
0.290519
0.190431
0.210752
0.184952
0.303766
0.328797
0.30813
0.332259
0.259344
0.246355
0.249405
0.23385
0.244511
0.33961
0.290651
0.172485
0.292178
0.306308
0.23797
0.226344
0.271425
0.359321
0.250762
0.307388
0.287109
0.312697
0.286332
0.217433
0.287379
0.287408
0.248496
0.319819
0.268639
0.266006
0.230211
0.230324
0.291802
0.320849
0.168549
0.282161
0.325051
0.258538
0.260282
0.272094
0.196416
0.185734
0.273548
0.221832
0.297565
0.179063
0.279338
0.318127
0.263151
0.246416
0.374388
0.253686
0.277841
0.333439
0.246239
0.345569
0.269495
0.327925
0.192469
0.270993
0.311255
0.34312
0.219492
0.250932
0.326121
0.276192
0.271833
0.180719
0.312733
0.308736
0.228372
0.320304
0.295662
0.189172
0.231015
0.259223
0.200823
0.253383
0.23545
0.196192
0.309106
0.289582
0.254965
0.273604
0.216457
0.13588
0.31884
0.312469
0.302219
0.167468
0.295593
0.287246
0.310828
0.255014
0.215584
0.308209
0.119854
0.350737
0.243713
0.206126
0.160251
0.253715
0.299154
0.254561
0.245381
0.181398
0.171343
0.208337
0.260187
0.318149
0.227003
0.349548
0.28479
0.167769
0.295263
0.297877
0.260575
0.21946
0.299237
0.229295
0.190205
0.269027
0.272063
0.22142
0.192084
0.337205
0.296282
0.260287
0.296463
0.240533
0.210398
0.252094
0.285446
0.22554
0.245373
0.223544
0.278618
0.250535
0.223232
0.275081
0.318411
0.201565
0.166705
0.31399
0.208658
0.279571
0.31637
0.235046
0.251885
0.218498
0.316404
0.264794
0.244038
0.354644
0.292148
0.15342
0.301342
0.23965
0.294479
0.275698
0.312361
0.324418
0.288334
0.27794
0.29232
0.280626
0.258531
0.167293
0.147038
0.290498
0.192895
0.300828
0.302631
0.149739
0.196563
0.19533
0.29602
0.208655
0.258405
0.248314
0.33982
0.278186
0.292619
0.247249
0.3125
0.304273
0.314916
0.297229
0.285789
0.133933
0.240452
0.331818
0.211414
0.35239
0.273002
0.240397
0.122757
0.240155
0.266209
0.302497
0.178857
0.169847
0.0906836
0.309923
0.241452
0.200485
0.196077
0.33035
0.284321
0.168083
0.230353
0.191092
0.313604
0.273126
0.293961
0.351848
0.128507
0.176033
0.240052
0.311928
0.210257
0.278282
0.323194
0.321345
0.215835
0.284778
0.25782
0.299131
0.324137
0.175621
0.279129
0.310491
0.259528
0.228876
0.250848
0.269486
0.193917
0.25916
0.302518
0.291684
0.342354
0.260747
0.200626
0.294338
0.286582
0.264679
0.237328
0.289814
0.247916
0.224905
0.269282
0.280587
0.342471
0.24287
0.312427
0.226991
0.2922
0.282789
0.334301
0.308771
0.228822
0.30479
0.368613
0.293614
0.316638
0.337074
0.274396
0.261008
0.282929
0.248568
0.192072
0.327362
0.288135
0.27597
0.332089
0.21554
0.320512
0.203064
0.268131
0.220859
0.328032
0.174554
0.312746
0.315512
0.149711
0.307447
0.358905
0.284481
0.269883
0.227364
0.329863
0.173588
0.244327
0.197525
0.219396
0.250099
0.35504
0.258272
0.264361
0.335555
0.240895
0.173589
0.240567
0.313893
0.270787
0.304856
0.378216
0.242999
0.272382
0.199159
0.318092
0.357349
0.26913
0.310979
0.304342
0.177584
0.354338
0.306101
0.31865
0.26614
0.281859
0.292966
0.330543
0.207125
0.366348
0.258276
0.277703
0.274063
0.301998
0.289558
0.265278
0.137377
0.269235
0.294583
0.344158
0.230102
0.241698
0.292132
0.225584
0.269019
0.320421
0.235175
0.33341
0.260684
0.288432
0.311587
0.302956
0.312294
0.313705
0.259119
0.252171
0.353324
0.268608
0.302747
0.293876
0.266773
0.262587
0.314035
0.269472
0.341431
0.309331
0.350995
0.302607
0.307907
0.347475
0.306832
0.241629
0.293418
0.330801
0.161821
0.232969
0.191125
0.273285
0.179499
0.204286
0.270147
0.257644
0.353812
0.27654
0.242728
0.28835
0.216155
0.324781
0.163906
0.273218
0.226974
0.309142
0.310662
0.280753
0.365347
0.207125
0.197502
0.258443
0.361414
0.445286
0.342527
0.431566
0.439172
0.401101
0.458404
0.420228
0.270123
0.23829
0.393018
0.264896
0.314627
0.397119
0.468905
0.25014
0.452005
0.384262
0.466045
0.400832
0.316276
0.415946
0.242487
0.389445
0.247101
0.438638
0.361905
0.40831
0.130331
0.265364
0.463274
0.405033
0.390132
0.445061
0.488757
0.229397
0.421676
0.449748
0.20005
0.410321
0.201628
0.207068
0.418809
0.356311
0.483831
0.443188
0.39622
0.24183
0.2897
0.405849
0.361118
0.449976
0.213294
0.442868
0.385989
0.326202
0.37099
0.188845
0.415245
0.41654
0.239782
0.372525
0.306451
0.425508
0.386351
0.419952
0.433793
0.146189
0.427461
0.202283
0.434347
0.200381
0.301699
0.320221
0.356884
0.374704
0.46938
0.37208
0.400897
0.383981
0.356587
0.445131
0.442366
0.375526
0.202196
0.25317
0.430457
0.246722
0.202677
0.332432
0.396611
0.418322
0.236604
0.414104
0.370804
0.388855
0.455004
0.200147
0.436208
0.268375
0.281757
0.24457
0.357777
0.362749
0.460608
0.382586
0.228237
0.347629
0.450324
0.43919
0.426668
0.371294
0.343826
0.463729
0.205054
0.387286
0.216159
0.384335
0.41903
0.417692
0.378884
0.341639
0.418326
0.255854
0.149189
0.453824
0.31789
0.341074
0.334155
0.209928
0.459243
0.383181
0.413276
0.228108
0.376986
0.390367
0.329931
0.417725
0.39969
0.364779
0.428978
0.39155
0.464338
0.411932
0.201709
0.125616
0.364044
0.469457
0.381628
0.42603
0.2498
0.18753
0.246412
0.434565
0.156978
0.395243
0.385965
0.389466
0.405626
0.392776
0.204208
0.322722
0.389254
0.351335
0.333191
0.407618
0.217889
0.425314
0.460311
0.35717
0.392885
0.24777
0.426892
0.321202
0.260378
0.361812
0.431969
0.248403
0.34583
0.352196
0.226115
0.364261
0.448726
0.208423
0.431921
0.369213
0.421831
0.425047
0.424988
0.242074
0.134016
0.414129
0.420563
0.358615
0.377091
0.413224
0.431506
0.411281
0.422219
0.268221
0.360004
0.420437
0.367114
0.335075
0.298805
0.202606
0.411072
0.43355
0.369526
0.208675
0.385934
0.405805
0.438907
0.491316
0.454974
0.470647
0.279148
0.238663
0.406353
0.341383
0.418558
0.233028
0.346055
0.410583
0.379429
0.447461
0.439943
0.395823
0.392854
0.376784
0.367582
0.364557
0.272112
0.245784
0.294727
0.419247
0.391639
0.424441
0.454343
0.494032
0.45989
0.472319
0.414845
0.423591
0.211213
0.403552
0.258446
0.312995
0.496352
0.190221
0.28103
0.333749
0.371715
0.365234
0.280992
0.392181
0.315684
0.450247
0.328163
0.336476
0.360612
0.419265
0.369083
0.385951
0.237219
0.348371
0.3416
0.42492
0.422442
0.311903
0.449825
0.365132
0.339039
0.315027
0.325712
0.354673
0.427145
0.331238
0.220489
0.412244
0.419217
0.430646
0.418819
0.419111
0.452562
0.409819
0.435126
0.23202
0.446419
0.361834
0.346853
0.434453
0.386873
0.255082
0.396683
0.38197
0.448305
0.455827
0.327725
0.126058
0.415797
0.472626
0.30737
0.338292
0.302307
0.315513
0.347938
0.349815
0.207848
0.276179
0.283976
0.179156
0.120897
0.372026
0.293843
0.330993
0.268867
0.30496
0.204106
0.326919
0.310935
0.247037
0.303161
0.330353
0.229266
0.381298
0.358634
0.242107
0.267924
0.250302
0.288699
0.329501
0.279202
0.236913
0.211427
0.264502
0.281773
0.282325
0.250067
0.290059
0.302133
0.212041
0.334466
0.236293
0.268569
0.244418
0.246166
0.312791
0.315811
0.182345
0.263632
0.309635
0.341343
0.151189
0.313923
0.321353
0.328179
0.302955
0.208062
0.313321
0.301919
0.22479
0.369702
0.286038
0.200589
0.0657656
0.287634
0.306565
0.311056
0.335555
0.313693
0.182652
0.34995
0.337843
0.248114
0.322924
0.336695
0.369193
0.30397
0.331368
0.257194
0.297223
0.318267
0.240053
0.344731
0.327739
0.314248
0.314332
0.27152
0.242453
0.30998
0.353226
0.285244
0.137796
0.35404
0.264117
0.303106
0.332662
0.208821
0.266311
0.280708
0.28729
0.138315
0.1546
0.270535
0.353436
0.254575
0.264252
0.288707
0.19596
0.349869
0.356331
0.348607
0.339078
0.328771
0.315966
0.344957
0.361104
0.283328
0.327222
0.330432
0.154818
0.318237
0.322995
0.347441
0.277306
0.32971
0.285346
0.316783
0.30603
0.284788
0.290898
0.324836
0.194946
0.281951
0.169588
0.318107
0.29185
0.138926
0.214879
0.287439
0.276655
0.256098
0.273418
0.32544
0.276331
0.20025
0.221997
0.34284
0.313203
0.172323
0.272043
0.313781
0.381618
0.32749
0.310444
0.345112
0.339206
0.326564
0.384462
0.254229
0.271994
0.210989
0.290326
0.204529
0.31949
0.343143
0.317933
0.268888
0.326873
0.337145
0.210161
0.293791
0.334122
0.23825
0.234799
0.282151
0.31364
0.259994
0.313978
0.265844
0.336421
0.307979
0.237885
0.249162
0.310825
0.312957
0.314179
0.319704
0.336754
0.309805
0.261612
0.172303
0.151779
0.0559014
0.240069
0.287966
0.204993
0.148437
0.327723
0.292709
0.272014
0.31762
0.37593
0.279118
0.278707
0.345994
0.368412
0.294621
0.294874
0.281107
0.10099
0.357843
0.220401
0.370679
0.269978
0.335076
0.114918
0.343524
0.333554
0.337857
0.192757
0.306651
0.302442
0.146403
0.301886
0.343183
0.311733
0.325856
0.349599
0.31273
0.205604
0.276456
0.327307
0.283555
0.288238
0.294047
0.143931
0.29476
0.147782
0.341261
0.350615
0.33928
0.310387
0.175174
0.260228
0.164331
0.333265
0.166996
0.225655
0.295664
0.338393
0.323037
0.220364
0.323194
0.222904
0.253353
0.342681
0.349428
0.341219
0.243328
0.243174
0.343756
0.202959
0.163417
0.314387
0.354163
0.261899
0.293356
0.282863
0.291849
0.261485
0.317378
0.332976
0.305772
0.320344
0.33565
0.247193
0.284787
0.34681
0.225366
0.332553
0.307394
0.309809
0.351326
0.306594
0.336793
0.342139
0.283245
0.326143
0.146018
0.266069
0.339931
0.28995
0.331247
0.267185
0.269974
0.302905
0.25071
0.33659
0.254201
0.294568
0.291707
0.464846
0.220179
0.180997
0.177366
0.327949
0.223454
0.163101
0.229741
0.251969
0.18911
0.411947
0.203495
0.289686
0.232126
0.371004
0.233863
0.147526
0.10844
0.254619
0.175532
0.238989
0.289057
0.382613
0.389309
0.412589
0.230458
0.253445
0.357155
0.161442
0.326652
0.228895
0.284433
0.125292
0.426978
0.243278
0.416666
0.346104
0.389364
0.244021
0.24065
0.199891
0.188732
0.226466
0.218875
0.415717
0.43354
0.386893
0.171031
0.216972
0.211328
0.200065
0.306832
0.221249
0.149931
0.22063
0.316795
0.231984
0.108692
0.400778
0.131906
0.398755
0.186253
0.42989
0.344243
0.150749
0.395808
0.264541
0.366233
0.334159
0.356745
0.207073
0.250484
0.217715
0.303138
0.340128
0.227642
0.300344
0.286914
0.412265
0.299162
0.26912
0.456229
0.300033
0.227614
0.228872
0.421101
0.374055
0.332033
0.153243
0.399738
0.145902
0.296648
0.234911
0.402668
0.298687
0.287634
0.223636
0.302535
0.177202
0.315885
0.202984
0.167213
0.201032
0.234125
0.207317
0.227148
0.187939
0.12371
0.397916
0.223049
0.297385
0.354314
0.2574
0.241241
0.225012
0.331776
0.21111
0.275554
0.228352
0.179651
0.306878
0.208484
0.195246
0.397196
0.258752
0.326743
0.2586
0.187176
0.280195
0.254867
0.192097
0.341353
0.240431
0.34907
0.256504
0.164208
0.358265
0.246609
0.337636
0.234873
0.244978
0.344409
0.126714
0.166443
0.238322
0.32857
0.298818
0.239504
0.116206
0.354163
0.222462
0.324595
0.249274
0.137816
0.154631
0.299013
0.26859
0.113056
0.297067
0.158645
0.261207
0.33338
0.281189
0.203021
0.274041
0.362703
0.230026
0.259582
0.22019
0.247363
0.370041
0.192183
0.367439
0.104954
0.201406
0.242667
0.19285
0.26791
0.211403
0.270609
0.266093
0.227947
0.256689
0.384976
0.351783
0.249103
0.17951
0.204067
0.21577
0.158083
0.119983
0.283286
0.212809
0.161099
0.234881
0.218667
0.216909
0.159164
0.291646
0.276766
0.262329
0.330108
0.373461
0.418624
0.230054
0.216817
0.288717
0.275364
0.335369
0.114646
0.427525
0.326292
0.435929
0.359592
0.304577
0.341932
0.219296
0.232056
0.209871
0.225944
0.246182
0.25009
0.236375
0.154332
0.232852
0.418349
0.226275
0.375796
0.266012
0.318167
0.266068
0.316704
0.395744
0.131397
0.217077
0.403257
0.223966
0.321288
0.313182
0.240622
0.228846
0.258153
0.142282
0.144665
0.374884
0.265739
0.196869
0.253981
0.229921
0.421236
0.222614
0.335788
0.209766
0.173655
0.277512
0.25026
0.336843
0.237682
0.24329
0.190789
0.323893
0.225302
0.217465
0.429351
0.264401
0.119296
0.231339
0.30032
0.317159
0.217441
0.227723
0.274253
0.264243
0.229273
0.271018
0.29451
0.23072
0.23607
0.404432
0.29683
0.357262
0.217656
0.352212
0.415274
0.256773
0.402386
0.386055
0.223844
0.198755
0.136217
0.205593
0.266716
0.293895
0.224283
0.202691
0.154264
0.305828
0.235389
0.267722
0.158021
0.133599
0.453466
0.435099
0.470021
0.389549
0.404494
0.434685
0.441676
0.471921
0.388895
0.398192
0.345372
0.145052
0.344231
0.321942
0.435314
0.375824
0.409053
0.314658
0.433838
0.371988
0.186128
0.359939
0.34491
0.494486
0.40709
0.414955
0.376264
0.447956
0.3612
0.485031
0.478712
0.474057
0.400239
0.299831
0.396759
0.46699
0.487483
0.429072
0.39895
0.474379
0.358457
0.358457
0.428997
0.378387
0.205019
0.412224
0.375915
0.392291
0.374124
0.388035
0.415728
0.464688
0.459755
0.394198
0.390444
0.303907
0.408325
0.418563
0.343478
0.374124
0.124664
0.398501
0.344407
0.289436
0.341027
0.195704
0.353115
0.288291
0.311169
0.34178
0.443503
0.447246
0.372146
0.350155
0.41581
0.388026
0.41581
0.330603
0.386962
0.414256
0.321978
0.393192
0.423052
0.405504
0.388252
0.435482
0.350779
0.421276
0.284121
0.311292
0.410103
0.330717
0.340425
0.418317
0.356661
0.430013
0.456238
0.395083
0.177341
0.41233
0.469153
0.352683
0.416352
0.3705
0.367238
0.37195
0.449888
0.504908
0.38536
0.281752
0.348979
0.45835
0.376913
0.44233
0.321978
0.467434
0.337465
0.472606
0.315553
0.395075
0.353843
0.213757
0.370184
0.3541
0.277983
0.200014
0.263691
0.425623
0.409832
0.319414
0.40828
0.500763
0.405612
0.32841
0.469229
0.422834
0.394176
0.457846
0.422048
0.3541
0.359939
0.445617
0.390444
0.43161
0.418723
0.353073
0.359522
0.435482
0.453673
0.469813
0.409053
0.410304
0.43195
0.29162
0.162227
0.401701
0.34444
0.366628
0.461385
0.327687
0.48837
0.373776
0.435548
0.367238
0.470467
0.457027
0.428997
0.399355
0.453398
0.162227
0.454289
0.373133
0.472167
0.43817
0.331043
0.377578
0.340222
0.410674
0.535291
0.284121
0.518944
0.416352
0.477722
0.259851
0.40979
0.43574
0.438015
0.422755
0.377814
0.440766
0.390158
0.448393
0.464272
0.441014
0.437112
0.419287
0.385598
0.328678
0.333719
0.433105
0.417098
0.469986
0.230181
0.380653
0.191941
0.336206
0.372652
0.410668
0.384126
0.365262
0.393099
0.335571
0.484872
0.372704
0.435374
0.451863
0.491902
0.437052
0.430921
0.319754
0.431267
0.447328
0.435548
0.358144
0.470118
0.415512
0.340425
0.423075
0.401412
0.350779
0.510585
0.448417
0.443422
0.350096
0.191359
0.269104
0.263182
0.344104
0.310754
0.401412
0.310595
0.421276
0.385446
0.459763
0.384498
0.410703
0.501673
0.369176
0.278734
0.237031
0.469601
0.431481
0.362159
0.40336
0.350155
0.403387
0.353814
0.40336
0.383849
0.390976
0.400492
0.492896
0.319808
0.450546
0.434779
0.335649
0.470411
0.478313
0.288291
0.389693
0.393051
0.392445
0.356764
0.420163
0.398192
0.396615
0.495547
0.34867
0.414256
0.463159
0.353073
0.351958
0.385446
0.435971
0.490784
0.352134
0.453782
0.400492
0.328953
0.479374
0.359484
0.177341
0.474996
0.402513
0.372083
0.390976
0.509945
0.341789
0.307747
0.191941
0.371833
0.412472
0.0930255
0.0758236
0.133725
0.0832792
0.0673453
0.115896
0.133828
0.0814005
0.0907452
0.101187
0.200214
0.163683
0.0768302
0.11186
0.118015
0.0511548
0.207893
0.110267
0.177923
0.0671845
0.0959205
0.0749024
0.165673
0.163408
0.0740841
0.100738
0.119907
0.135242
0.059192
0.180186
0.0607256
0.0815837
0.134311
0.0509915
0.0741083
0.0727811
0.221316
0.0671634
0.166403
0.0364314
0.0466094
0.0730505
0.108724
0.101917
0.115071
0.0602556
0.0875575
0.0985892
0.0999596
0.115764
0.0858933
0.113777
0.0481098
0.11038
0.0484806
0.056896
0.0486873
0.0881196
0.0969179
0.109191
0.0569033
0.116132
0.0446641
0.0924473
0.0804615
0.0566246
0.190633
0.0813147
0.210232
0.144873
0.151814
0.120089
0.176348
0.200586
0.0548028
0.283851
0.157128
0.0768616
0.140633
0.127516
0.0373885
0.231644
0.0825488
0.0810259
0.212485
0.17519
0.0453332
0.117616
0.061546
0.129416
0.0653632
0.0722986
0.124514
0.109304
0.077765
0.0616435
0.118133
0.0541047
0.0740199
0.122858
0.0595782
0.0488569
0.185814
0.0762277
0.070687
0.0931203
0.111536
0.0604596
0.131382
0.0581425
0.112379
0.0537574
0.0694618
0.10039
0.0254151
0.0589431
0.150863
0.0844017
0.179624
0.122188
0.0713394
0.159727
0.0398583
0.04767
0.0630018
0.025362
0.337427
0.0651425
0.186624
0.079965
0.0815473
0.12159
0.140701
0.0757682
0.108975
0.171941
0.113772
0.190517
0.137639
0.144591
0.0454176
0.0714039
0.153249
0.0633481
0.109205
0.0659072
0.108038
0.0619456
0.0586818
0.0620022
0.0522768
0.0699996
0.0973165
0.217809
0.0746113
0.110834
0.162595
0.0721396
0.0935731
0.100809
0.143614
0.197018
0.0940364
0.0665611
0.0554297
0.101944
0.0790827
0.183999
0.0401032
0.148697
0.0454702
0.0763935
0.251378
0.165248
0.166638
0.098041
0.0713992
0.0765033
0.0862865
0.0599369
0.053269
0.127748
0.0716257
0.04846
0.101126
0.0724492
0.0676163
0.105417
0.0743993
0.0809325
0.156776
0.13444
0.147673
0.143527
0.0641614
0.0654495
0.106211
0.120616
0.059285
0.0585176
0.0633878
0.0894484
0.135266
0.0247117
0.110423
0.0569115
0.0226128
0.0476963
0.0838228
0.18801
0.031109
0.142905
0.136802
0.13273
0.254771
0.0694735
0.0549203
0.11954
0.0693116
0.117216
0.0387851
0.0912053
0.0563288
0.0829397
0.111001
0.0774544
0.136608
0.178067
0.0410916
0.220422
0.170127
0.108174
0.142859
0.0491942
0.0710243
0.164311
0.126633
0.191581
0.0868917
0.100227
0.0656609
0.0931412
0.0632665
0.25497
0.0924352
0.0763937
0.13439
0.138589
0.112668
0.102883
0.0661063
0.0770232
0.116546
0.0785732
0.0940754
0.147612
0.261151
0.130135
0.077546
0.200466
0.156622
0.0490313
0.272252
0.159147
0.151314
0.0271894
0.182455
0.0998118
0.14926
0.0872824
0.0634595
0.0854635
0.0590327
0.1443
0.0779177
0.0588245
0.0780736
0.0987818
0.0708546
0.0779199
0.148714
0.0377206
0.079878
0.0596474
0.111349
0.0809936
0.0537
0.0899925
0.107499
0.119102
0.134475
0.0968012
0.0929762
0.140395
0.158506
0.121221
0.123751
0.0839126
0.167151
0.0878271
0.0664434
0.0760695
0.0616912
0.0820834
0.0484637
0.106558
0.0844204
0.068562
0.118373
0.0914297
0.078265
0.0866518
0.0960994
0.043254
0.177463
0.110629
0.146979
0.0702109
0.145022
0.0849929
0.0455861
0.0441419
0.0999962
0.109968
0.0918303
0.127394
0.106792
0.104357
0.0976374
0.0886271
0.0488474
0.0421561
0.0621817
0.0740422
0.0643654
0.1406
0.0771563
0.193995
0.0890164
0.0343083
0.177692
0.0396477
0.16612
0.123954
0.149598
0.0443606
0.122155
0.11537
0.100444
0.0751711
0.090305
0.0627079
0.104559
0.116363
0.0788841
0.27286
0.0567568
0.2041
0.10379
0.0247069
0.0737144
0.0751108
0.122774
0.0469526
0.0678519
0.0552146
0.231997
0.0384716
0.092062
0.0655198
0.137509
0.121367
0.0649406
0.104935
0.0958965
0.112119
0.0676108
0.0273124
0.0580207
0.225455
0.11559
0.0946046
0.0750199
0.214722
0.14118
0.130749
0.164806
0.0841474
0.123205
0.0609747
0.130117
0.136312
0.210957
0.0594796
0.0808587
0.130257
0.0726209
0.0977368
0.0318547
0.0569632
0.0603309
0.0508378
0.0772913
0.18065
0.0467575
0.0630692
0.110762
0.13992
0.116306
0.0854889
0.0837916
0.0678606
0.0995165
0.14066
0.0234795
0.109522
0.0995417
0.191714
0.11264
0.114808
0.043149
0.0650534
0.0736088
0.108268
0.0492817
0.158978
0.0736276
0.277734
0.106159
0.109757
0.100679
0.204206
0.0479345
0.151893
0.065563
0.0999389
0.0794316
0.112553
0.0505462
0.0633634
0.130706
0.118286
0.130975
0.0871938
0.0357688
0.0785293
0.0850666
0.0504672
0.0696516
0.113861
0.0769778
0.128029
0.0963736
0.202658
0.127353
0.0671983
0.253003
0.0358331
0.0863685
0.0596563
0.130134
0.112469
0.051229
0.111493
0.0795947
0.0758477
0.220912
0.131657
0.0983868
0.092697
0.108468
0.0993365
0.0758654
0.0559008
0.227426
0.0684631
0.102606
0.151387
0.205218
0.119421
0.110571
0.0502152
0.0392642
0.143553
0.0798178
0.0627814
0.13252
0.0812199
0.117422
0.0822282
0.140476
0.195818
0.234296
0.0433587
0.164935
0.0940659
0.0872314
0.0471542
0.148798
0.0879533
0.0571476
0.0747962
0.116516
0.0710724
0.1151
0.0971084
0.0604861
0.219654
0.130375
0.202437
0.0827132
0.144587
0.0838227
0.079581
0.051548
0.0447829
0.158319
0.0611877
0.0458116
0.103944
0.139777
0.113452
0.100393
0.0816502
0.25622
0.095575
0.100537
0.116991
0.160177
0.252948
0.137174
0.0873342
0.0639403
0.0673766
0.173973
0.0528994
0.224524
0.125903
0.104017
0.0758484
0.106332
0.099473
0.0753156
0.0988983
0.0956047
0.0474676
0.0900578
0.0740766
0.168049
0.138577
0.0512775
0.10519
0.0660519
0.0958941
0.110472
0.198707
0.0771964
0.0774391
0.103251
0.0541621
0.0412086
0.10362
0.0731492
0.0715764
0.0887418
0.10872
0.105993
0.144985
0.122743
0.0522594
0.138307
0.136777
0.0437643
0.0977626
0.257412
0.154965
0.0622582
0.0865692
0.0816483
0.0900569
0.0676899
0.175958
0.0990135
0.13143
0.0619051
0.104028
0.127233
0.0929025
0.080176
0.0885654
0.084148
0.0799526
0.0934902
0.0824327
0.168162
0.0715997
0.164315
0.119938
0.0517803
0.12988
0.0746204
0.0768715
0.0710015
0.188059
0.0621642
0.103576
0.0655459
0.103777
0.190577
0.0817614
0.0838527
0.0464048
0.0634234
0.0343711
0.0721582
0.0656406
0.182471
0.0965184
0.050605
0.104468
0.0993557
0.223771
0.0331034
0.171176
0.120787
0.0617874
0.0820922
0.103595
0.0828689
0.150498
0.0959843
0.0259838
0.0764586
0.0651908
0.0755348
0.159455
0.0725842
0.0555032
0.126936
0.0970023
0.0264632
0.0288905
0.0834139
0.0831882
0.0631463
0.0504253
0.112449
0.0589983
0.222
0.13906
0.0873344
0.0615033
0.0980087
0.0667991
0.0484108
0.0762393
0.138663
0.0527474
0.0458473
0.141323
0.13721
0.165319
0.0612215
0.0626772
0.177376
0.0478332
0.0397556
0.0748221
0.11086
0.0345859
0.0564279
0.0788349
0.303287
0.0664177
0.184315
0.0515616
0.0921382
0.0564135
0.0890992
0.0554885
0.0827014
0.0598178
0.0686952
0.221149
0.163489
0.43769
0.109842
0.329563
0.106723
0.228522
0.153203
0.110668
0.371185
0.135698
0.147212
0.304856
0.0761817
0.16082
0.0688759
0.213251
0.217743
0.119589
0.141909
0.0506308
0.138329
0.0559943
0.391527
0.0497411
0.102145
0.0968317
0.0474823
0.128298
0.0487883
0.197793
0.361702
0.0603172
0.204954
0.338999
0.228188
0.0980139
0.228292
0.206715
0.218969
0.164095
0.218383
0.0580255
0.0618575
0.118825
0.100537
0.191856
0.360654
0.223339
0.14783
0.237911
0.17291
0.113712
0.147669
0.126542
0.264391
0.136936
0.124696
0.121185
0.200361
0.198731
0.112328
0.150976
0.138376
0.138093
0.141677
0.0610103
0.152464
0.364783
0.22905
0.260647
0.0870507
0.12682
0.106794
0.143474
0.260644
0.16693
0.202176
0.0711807
0.232847
0.186651
0.114972
0.0973272
0.133677
0.0483159
0.296654
0.153493
0.0616216
0.0954895
0.0868616
0.30569
0.291388
0.0922061
0.0893266
0.186199
0.0545597
0.15682
0.315907
0.160291
0.193133
0.220404
0.0496678
0.0328283
0.207032
0.118777
0.174931
0.0494294
0.172917
0.081001
0.137634
0.313187
0.137562
0.118044
0.0976915
0.254188
0.229949
0.116215
0.151716
0.214198
0.156377
0.246744
0.190089
0.0407964
0.0344008
0.23858
0.317888
0.111931
0.132928
0.0840949
0.0776653
0.344049
0.127921
0.0543811
0.0814228
0.0932836
0.144167
0.211374
0.0628705
0.104189
0.346419
0.162582
0.339936
0.053421
0.449425
0.187083
0.27466
0.162959
0.155502
0.332737
0.230895
0.112461
0.135803
0.316889
0.156719
0.305732
0.216757
0.136456
0.266278
0.047734
0.381873
0.307539
0.103588
0.0962959
0.0726694
0.118668
0.0348379
0.0529682
0.133943
0.398721
0.139893
0.070679
0.0561843
0.184646
0.0700459
0.125749
0.34805
0.0847456
0.136507
0.251329
0.0386693
0.0941651
0.0668612
0.195063
0.0639917
0.171676
0.269468
0.246658
0.242155
0.146685
0.209422
0.215962
0.130614
0.276715
0.0755154
0.0830848
0.0424879
0.165503
0.25332
0.10228
0.299089
0.0616247
0.127802
0.173421
0.223085
0.0548538
0.182336
0.141849
0.0338663
0.263505
0.146049
0.12988
0.0706495
0.369944
0.0533834
0.148392
0.280285
0.195912
0.119675
0.100988
0.0442771
0.141335
0.104077
0.070686
0.320653
0.158281
0.354916
0.183086
0.175637
0.141222
0.0890936
0.139077
0.0809733
0.117136
0.0930787
0.162178
0.288124
0.0542848
0.399364
0.0518659
0.0774061
0.245345
0.238769
0.121949
0.141667
0.174164
0.122286
0.240648
0.197789
0.272151
0.107377
0.240288
0.187513
0.401855
0.334976
0.0707845
0.115297
0.160141
0.364181
0.2284
0.30651
0.217207
0.0483073
0.177789
0.0955578
0.143172
0.354674
0.122918
0.165383
0.20108
0.0340859
0.281654
0.225477
0.0965145
0.140599
0.265731
0.296325
0.0728393
0.146477
0.300694
0.109575
0.161435
0.277674
0.0953097
0.395275
0.12845
0.293213
0.142617
0.173393
0.0738527
0.236031
0.259662
0.0958659
0.170041
0.023406
0.0961682
0.029178
0.0496757
0.0618141
0.0808928
0.098083
0.103962
0.328282
0.0525551
0.077419
0.116535
0.108188
0.0432398
0.0301793
0.269058
0.0662918
0.176313
0.070674
0.133501
0.0830064
0.099378
0.108233
0.37219
0.0434987
0.278512
0.206508
0.289689
0.0834602
0.0490372
0.116168
0.0663494
0.1001
0.173627
0.107235
0.250257
0.0428793
0.135242
0.17733
0.113805
0.165233
0.152902
0.165342
0.164742
0.2939
0.429294
0.123646
0.0705384
0.140856
0.33701
0.294283
0.112065
0.211278
0.0610913
0.0389592
0.115853
0.268038
0.314132
0.341327
0.0937919
0.162566
0.045778
0.096551
0.256317
0.170017
0.406512
0.0604983
0.198726
0.114453
0.104038
0.0669448
0.169872
0.0376909
0.341868
0.336142
0.203398
0.331079
0.0556692
0.225146
0.236485
0.137179
0.236075
0.384019
0.361897
0.121821
0.152171
0.219143
0.305383
0.118041
0.0658366
0.0475872
0.104161
0.324718
0.08742
0.292399
0.17169
0.0875305
0.0799294
0.140124
0.240519
0.113863
0.121095
0.139115
0.137672
0.150606
0.0708846
0.0930172
0.127635
0.0438314
0.18099
0.19802
0.128502
0.0641794
0.140063
0.101442
0.180018
0.0380219
0.146163
0.0926915
0.0740321
0.0408449
0.180661
0.0685518
0.0805668
0.308067
0.153599
0.152159
0.241932
0.059688
0.120228
0.130704
0.227113
0.12266
0.221301
0.329383
0.0777866
0.0303242
0.181167
0.105731
0.12808
0.136382
0.369253
0.0370238
0.181324
0.337946
0.180392
0.159947
0.240729
0.0780733
0.085986
0.414629
0.294075
0.0474435
0.119335
0.375955
0.0991066
0.269358
0.121219
0.0348481
0.296532
0.0506286
0.0791724
0.0342125
0.244743
0.0829198
0.122678
0.261734
0.129122
0.0488735
0.0487539
0.273928
0.172285
0.0825142
0.174841
0.191288
0.153515
0.284129
0.151082
0.0251935
0.138415
0.112442
0.0679444
0.103429
0.269692
0.041806
0.115758
0.0477819
0.119082
0.144792
0.180774
0.0930781
0.339238
0.25016
0.19185
0.0584337
0.126663
0.235001
0.279269
0.0841385
0.205995
0.247189
0.180754
0.160076
0.0691571
0.0845107
0.108879
0.167675
0.0990946
0.286959
0.0532996
0.18633
0.225274
0.0691504
0.129085
0.206497
0.134899
0.112832
0.13527
0.306769
0.0662516
0.203386
0.108674
0.193453
0.16505
0.118979
0.20314
0.121278
0.242444
0.10867
0.0714586
0.318916
0.138738
0.071585
0.0982246
0.181774
0.0719123
0.318869
0.199977
0.287019
0.132127
0.209066
0.11035
0.0535303
0.16252
0.169658
0.228644
0.106064
0.0750856
0.232631
0.146896
0.0863513
0.0586671
0.144412
0.102232
0.168693
0.299365
0.0439001
0.0374739
0.309864
0.308386
0.155253
0.121557
0.0347093
0.0928807
0.0935994
0.147054
0.252657
0.314519
0.136173
0.082714
0.21548
0.0477231
0.110346
0.171645
0.155729
0.325876
0.0287534
0.256981
0.0761077
0.10802
0.131362
0.0773278
0.339688
0.411619
0.159285
0.275073
0.0438312
0.401876
0.0710435
0.187895
0.119348
0.349259
0.320352
0.139429
0.0550776
0.111714
0.120215
0.157323
0.261654
0.135735
0.214005
0.104424
0.139127
0.199582
0.101831
0.122333
0.316269
0.280673
0.269182
0.243154
0.302851
0.337363
0.129131
0.106405
0.155084
0.0502752
0.0482463
0.225395
0.0360624
0.260182
0.42065
0.132368
0.163919
0.345788
0.260211
0.0746401
0.2093
0.254823
0.0923612
0.336281
0.257253
0.234534
0.192013
0.177508
0.131616
0.152549
0.0943028
0.141199
0.258687
0.246938
0.15733
0.0705432
0.12233
0.108427
0.0989942
0.131526
0.0609816
0.146881
0.247176
0.270965
0.088793
0.357493
0.156882
0.115317
0.0595776
0.133497
0.330411
0.0720156
0.185693
0.200856
0.0999926
0.291035
0.241946
0.413051
0.0822904
0.291949
0.128636
0.114277
0.193637
0.147307
0.147252
0.0507485
0.088604
0.26008
0.0443723
0.0407171
0.156395
0.115996
0.137094
0.178415
0.0918325
0.0896425
0.0335863
0.192443
0.164392
0.0931517
0.0753098
0.15657
0.261385
0.176904
0.0864474
0.242038
0.0769826
0.136289
0.053716
0.0813214
0.110971
0.0481579
0.0954736
0.105778
0.178755
0.23281
0.0657523
0.177669
0.225915
0.0958148
0.0804012
0.115855
0.172546
0.259011
0.134084
0.0415119
0.101469
0.143864
0.115292
0.077658
0.281189
0.0660318
0.257688
0.0707455
0.0745485
0.152714
0.187322
0.0594355
0.196153
0.0972177
0.182079
0.174139
0.183794
0.102146
0.0884176
0.19954
0.209538
0.14765
0.187717
0.0650483
0.108332
0.238446
0.163919
0.197928
0.104747
0.0993884
0.18397
0.0931569
0.165106
0.123266
0.154826
0.104916
0.156832
0.161885
0.222516
0.0974455
0.228006
0.132987
0.177491
0.0387357
0.135648
0.288027
0.197477
0.196397
0.111804
0.21197
0.108927
0.114456
0.0911666
0.130339
0.143465
0.18992
0.233469
0.155532
0.168226
0.13816
0.121565
0.088179
0.11394
0.070821
0.272487
0.293064
0.140087
0.0951888
0.120846
0.0595058
0.181349
0.110547
0.153991
0.0675307
0.102684
0.121073
0.133665
0.30782
0.113322
0.0992442
0.0698283
0.255646
0.122439
0.154395
0.17361
0.048026
0.0441776
0.179232
0.0642752
0.10572
0.170246
0.168084
0.143679
0.121819
0.108324
0.178539
0.139869
0.181611
0.200856
0.182488
0.218929
0.142278
0.15188
0.218084
0.263665
0.111345
0.0865613
0.0614003
0.0859052
0.093476
0.080391
0.0862591
0.0530125
0.0723179
0.150699
0.0380473
0.191234
0.154479
0.063024
0.0718228
0.0777437
0.160659
0.0753234
0.22051
0.136529
0.120696
0.252214
0.125536
0.175101
0.137446
0.16282
0.135021
0.109282
0.102573
0.100291
0.100802
0.267632
0.137679
0.114973
0.0992674
0.266694
0.217395
0.112036
0.100536
0.182763
0.0767327
0.115053
0.0588082
0.0383706
0.253305
0.184354
0.176788
0.179992
0.165286
0.0985965
0.0587878
0.100736
0.0987359
0.151315
0.200131
0.286397
0.109247
0.0682938
0.0992931
0.123993
0.114967
0.0639922
0.0671754
0.191614
0.0641639
0.145298
0.260571
0.0823521
0.2201
0.0573765
0.10946
0.193056
0.138314
0.0221335
0.0588153
0.280734
0.153464
0.0958842
0.114999
0.239954
0.160242
0.0787518
0.140741
0.145181
0.120785
0.0881242
0.242886
0.163858
0.204889
0.0989968
0.111572
0.0859328
0.123156
0.131198
0.12557
0.121048
0.135452
0.102268
0.0865813
0.0968125
0.226244
0.260442
0.0997121
0.0887804
0.0812642
0.201758
0.177913
0.217968
0.0491653
0.100442
0.0595113
0.185571
0.163675
0.142224
0.14335
0.108583
0.146464
0.107292
0.176167
0.0522
0.12725
0.217195
0.0717502
0.0868683
0.227366
0.0427489
0.152327
0.0723872
0.0920262
0.049554
0.187366
0.0724217
0.103984
0.137849
0.157841
0.145149
0.168903
0.164214
0.0865617
0.136747
0.038694
0.159581
0.291403
0.135974
0.138313
0.0782695
0.245376
0.0554712
0.12177
0.123514
0.147429
0.193281
0.152439
0.0470501
0.104726
0.133123
0.0443689
0.045021
0.0986287
0.106078
0.0575999
0.118623
0.107573
0.290277
0.0847765
0.0437319
0.200059
0.124117
0.23153
0.206185
0.285964
0.0470062
0.310793
0.18634
0.032257
0.154788
0.0656878
0.183149
0.152673
0.263613
0.0822702
0.109039
0.116005
0.240763
0.136749
0.138276
0.031676
0.0989381
0.121843
0.0718261
0.0925884
0.0811113
0.154906
0.149241
0.227207
0.153579
0.13114
0.0623013
0.143448
0.0996866
0.24233
0.0907235
0.0935031
0.287186
0.170593
0.186953
0.245792
0.0867739
0.177751
0.0616299
0.100765
0.142373
0.0522315
0.0721628
0.116987
0.177354
0.178736
0.103178
0.13616
0.0541319
0.183381
0.171804
0.118525
0.0910967
0.141037
0.135249
0.0876234
0.190676
0.135516
0.0653101
0.223767
0.234149
0.112145
0.256295
0.208306
0.153086
0.200558
0.175428
0.251978
0.258583
0.190751
0.0395062
0.176465
0.0459104
0.0876886
0.128935
0.102251
0.146557
0.148352
0.0698206
0.0829322
0.132987
0.185438
0.268975
0.0495349
0.0961754
0.114539
0.0392227
0.171421
0.113613
0.207721
0.104041
0.0668167
0.217373
0.140954
0.0784218
0.132665
0.152587
0.197058
0.126996
0.0625015
0.092476
0.0549129
0.103241
0.292037
0.192264
0.0357085
0.181158
0.127977
0.0691691
0.206874
0.151121
0.224171
0.287564
0.116933
0.0685408
0.0798415
0.0881925
0.068534
0.154687
0.064282
0.096413
0.0991788
0.0962275
0.224573
0.187943
0.0804194
0.202873
0.0964491
0.0361048
0.171613
0.242452
0.24178
0.0727197
0.0986328
0.167871
0.166304
0.132509
0.0444785
0.0999025
0.178683
0.255451
0.187892
0.185974
0.115935
0.231924
0.14963
0.0590809
0.144726
0.0876796
0.129996
0.0728869
0.153339
0.165421
0.201571
0.104969
0.145653
0.0662878
0.111851
0.0446795
0.120685
0.105234
0.22711
0.0821597
0.0903031
0.0822437
0.139246
0.125708
0.138515
0.181688
0.254395
0.139713
0.158764
0.244298
0.13468
0.112161
0.0799797
0.230741
0.0858632
0.115899
0.151733
0.121268
0.198417
0.079449
0.174019
0.146832
0.0991386
0.0841505
0.153883
0.0725591
0.19959
0.0694557
0.181726
0.0779972
0.0755881
0.0851345
0.165151
0.0935695
0.167802
0.12778
0.236067
0.145285
0.1972
0.233292
0.111519
0.128557
0.208788
0.21658
0.122166
0.162786
0.26117
0.117932
0.108419
0.114397
0.161288
0.0911384
0.179583
0.0862264
0.106146
0.142386
0.122286
0.128253
0.097458
0.0686715
0.270698
0.104595
0.0947243
0.0657647
0.278947
0.126249
0.214634
0.212808
0.0518034
0.0659925
0.147999
0.249007
0.0836532
0.0809592
0.178998
0.113808
0.0943801
0.119131
0.0622552
0.098677
0.126637
0.283856
0.0934514
0.183463
0.0618502
0.0838432
0.0796986
0.198169
0.0648949
0.102628
0.0834975
0.0744993
0.142307
0.150021
0.0659642
0.0496075
0.113547
0.137874
0.190715
0.181993
0.131055
0.112949
0.0648747
0.0794434
0.0494665
0.0955836
0.192964
0.128983
0.114577
0.123363
0.143675
0.181179
0.0813968
0.169395
0.168491
0.221715
0.0764789
0.0925608
0.155874
0.0929297
0.131222
0.172271
0.130608
0.213013
0.144971
0.213451
0.0883391
0.124497
0.0974311
0.235979
0.194801
0.0957422
0.147972
0.182681
0.0898675
0.230703
0.0699973
0.170401
0.105879
0.119825
0.07375
0.0913063
0.120587
0.134796
0.215299
0.182969
0.0672765
0.102024
0.255998
0.0893703
0.123952
0.0693031
0.114642
0.218664
0.109428
0.145924
0.0981338
0.0806857
0.23098
0.172874
0.0730012
0.0628356
0.140128
0.0385745
0.161279
0.120672
0.109449
0.233872
0.177429
0.18745
0.327703
0.133836
0.230762
0.163818
0.0879163
0.104429
0.0964633
0.1286
0.252329
0.0531474
0.0722188
0.0969382
0.24177
0.126983
0.107779
0.118223
0.0561076
0.213761
0.331085
0.138781
0.126309
0.128894
0.0651344
0.0433816
0.194312
0.158771
0.0688503
0.0624906
0.0526706
0.0926564
0.205301
0.183567
0.166035
0.0824433
0.185379
0.127443
0.0863281
0.0687262
0.119877
0.128968
0.11211
0.105554
0.0580862
0.113224
0.0668618
0.107777
0.102122
0.145434
0.0602275
0.101171
0.107122
0.105993
0.180094
0.094932
0.134813
0.0869246
0.110956
0.147116
0.148994
0.156039
0.196636
0.17926
0.0823276
0.128824
0.0927846
0.127822
0.0630689
0.159662
0.149348
0.13516
0.117225
0.0416916
0.076484
0.0591829
0.0587749
0.0635585
0.0584149
0.114192
0.0735355
0.074785
0.118367
0.110322
0.145718
0.0828812
0.154729
0.0855062
0.0512149
0.0488922
0.0314886
0.100797
0.0659032
0.117812
0.155769
0.14502
0.0563837
0.146143
0.259929
0.231174
0.0643605
0.12775
0.182723
0.0967588
0.0643699
0.043332
0.200424
0.211567
0.106468
0.12553
0.0700026
0.097965
0.101492
0.144214
0.0509764
0.0998971
0.0403351
0.135319
0.105669
0.150035
0.0610446
0.0790383
0.111619
0.200728
0.0830981
0.190823
0.0968709
0.228142
0.0856498
0.155989
0.063361
0.0906848
0.0635131
0.0600778
0.0416254
0.101608
0.194359
0.069765
0.131855
0.0985741
0.108159
0.120177
0.0802946
0.0834813
0.114498
0.0607687
0.090231
0.10879
0.130321
0.16815
0.120908
0.0699879
0.115735
0.188897
0.121508
0.0654274
0.158869
0.0306409
0.172886
0.113895
0.0464526
0.0265958
0.115178
0.124827
0.159557
0.0851342
0.072346
0.0429234
0.167858
0.160836
0.118579
0.121008
0.0584489
0.110576
0.0726178
0.150413
0.0790079
0.100459
0.172148
0.15294
0.0573952
0.0510146
0.100072
0.142543
0.059901
0.138589
0.0918402
0.0912029
0.159134
0.0604114
0.124474
0.120622
0.143055
0.084343
0.0680234
0.110259
0.0467818
0.105281
0.0386753
0.115866
0.161734
0.0802122
0.0861117
0.164005
0.0910199
0.163307
0.121756
0.0948437
0.136514
0.068262
0.0868543
0.0616364
0.134737
0.159355
0.0876901
0.0766159
0.0754923
0.157258
0.212026
0.144002
0.0458437
0.0944364
0.0695322
0.0771314
0.12849
0.198543
0.129005
0.204088
0.124875
0.108978
0.108865
0.0972882
0.150424
0.0904249
0.143957
0.16812
0.217087
0.0446355
0.186301
0.171551
0.152998
0.100349
0.159769
0.204974
0.173784
0.0782589
0.0839381
0.0581758
0.166176
0.211006
0.0908471
0.0547081
0.0857756
0.0697279
0.178482
0.0689443
0.228576
0.0490739
0.0583761
0.107233
0.126159
0.106784
0.0647823
0.160001
0.195966
0.166631
0.0953315
0.123599
0.092989
0.0585766
0.0869908
0.0708079
0.215433
0.0878205
0.127405
0.215855
0.0519862
0.0972213
0.114789
0.0788412
0.178375
0.115555
0.0816071
0.0469525
0.173215
0.112023
0.0608674
0.243156
0.0711608
0.0802024
0.160389
0.0663194
0.211021
0.125255
0.0849718
0.178336
0.0907832
0.112287
0.18436
0.0441281
0.198587
0.135816
0.094777
0.0549707
0.197058
0.107896
0.0813767
0.0960983
0.117586
0.0724364
0.12383
0.0895064
0.0860222
0.108944
0.205604
0.223118
0.0666042
0.0852325
0.218074
0.129067
0.166951
0.165889
0.203791
0.030679
0.235589
0.0828591
0.0421244
0.0756707
0.0828404
0.104963
0.139732
0.201175
0.251559
0.196917
0.120624
0.157164
0.153763
0.214166
0.144229
0.195766
0.0404713
0.100052
0.0385748
0.142443
0.0422646
0.141843
0.121356
0.102678
0.0567431
0.135353
0.081509
0.045532
0.177104
0.155424
0.0487518
0.225597
0.0570576
0.127322
0.0897145
0.0636968
0.0566746
0.0884826
0.101613
0.170694
0.205179
0.0910658
0.112642
0.137018
0.0654712
0.185279
0.1764
0.171527
0.0915265
0.0726273
0.184806
0.225844
0.186589
0.0536332
0.0848234
0.131809
0.0747354
0.161971
0.167424
0.102425
0.0716943
0.108522
0.252314
0.135747
0.112806
0.114075
0.0430951
0.170355
0.121837
0.225323
0.120487
0.146065
0.119906
0.11658
0.13583
0.10931
0.199567
0.103525
0.1528
0.080071
0.0595961
0.147906
0.147717
0.131586
0.120951
0.0845776
0.134869
0.0358876
0.141651
0.0489334
0.0971304
0.13212
0.0539132
0.0875581
0.0494291
0.0653826
0.110973
0.0511444
0.225645
0.0834943
0.0352947
0.134244
0.0510897
0.0616972
0.121324
0.112681
0.058481
0.0627959
0.0850703
0.0904487
0.130208
0.141643
0.208284
0.182651
0.176915
0.0759252
0.0862884
0.0648942
0.128384
0.0492583
0.0861097
0.114073
0.046027
0.0777503
0.0555557
0.0576291
0.237118
0.138226
0.110041
0.205438
0.121658
0.145195
0.0961247
0.0971828
0.120694
0.0727862
0.170752
0.0974862
0.0943704
0.0716484
0.118997
0.0664733
0.125421
0.0844363
0.108245
0.0591886
0.0812603
0.146072
0.0551303
0.0710862
0.0935143
0.109591
0.124182
0.064074
0.0686174
0.118711
0.046009
0.0617804
0.0772969
0.0755512
0.110721
0.157485
0.117375
0.092279
0.127424
0.0829485
0.225617
0.162901
0.0892094
0.0682011
0.105139
0.0713487
0.0607089
0.0499082
0.0644405
0.0756103
0.179912
0.0932725
0.12041
0.154941
0.0628428
0.0951748
0.069989
0.0990638
0.121424
0.0995117
0.0375755
0.0744029
0.0764033
0.240088
0.0803296
0.112409
0.0595557
0.14552
0.064102
0.0971571
0.0684498
0.0984184
0.117784
0.0958542
0.172115
0.113798
0.0576334
0.0781392
0.129927
0.19469
0.103912
0.15703
0.0932912
0.144777
0.142647
0.106486
0.0970892
0.0355643
0.105181
0.195254
0.201422
0.0873592
0.0612211
0.122672
0.0633887
0.148499
0.0502837
0.15776
0.128521
0.0794584
0.0721312
0.0629674
0.163862
0.0474125
0.124638
0.2003
0.0533427
0.199996
0.106763
0.122653
0.177824
0.224358
0.146506
0.0837336
0.18885
0.199472
0.0693613
0.1062
0.146223
0.137727
0.0436942
0.18167
0.127685
0.132955
0.0678551
0.0757671
0.060826
0.162198
0.215065
0.0446379
0.0829434
0.0604083
0.14423
0.170031
0.127576
0.138702
0.0938632
0.0672216
0.183548
0.0903624
0.0729901
0.112699
0.143685
0.134403
0.163339
0.092418
0.249333
0.0604539
0.0907882
0.183187
0.0833518
0.183179
0.0974997
0.112837
0.0408227
0.0286914
0.123319
0.0918718
0.15846
0.172801
0.100421
0.214483
0.0792613
0.0501269
0.152441
0.120264
0.0813145
0.18514
0.0821552
0.0780122
0.10714
0.0615412
0.1078
0.166826
0.198232
0.145866
0.141528
0.0668619
0.142742
0.164225
0.162179
0.116811
0.133834
0.122894
0.0951049
0.161581
0.111128
0.0926975
0.160853
0.161244
0.0620583
0.0873673
0.16456
0.095773
0.048683
0.152798
0.132156
0.0998467
0.0745269
0.121467
0.057547
0.119507
0.0492959
0.0763357
0.130552
0.0770092
0.0839228
0.055969
0.142469
0.124726
0.0651855
0.0198131
0.0677276
0.0865424
0.0925226
0.189736
0.0666208
0.0633315
0.124865
0.143858
0.228298
0.126343
0.143508
0.140888
0.0944762
0.150907
0.170947
0.0862974
0.0680392
0.0374852
0.0738528
0.125275
0.0805289
0.0614559
0.143308
0.0795363
0.167618
0.154675
0.0983353
0.0853766
0.131408
0.0881905
0.174134
0.371786
0.0801434
0.0465759
0.0260925
0.0754938
0.0386051
0.0872687
0.202662
0.0961923
0.050863
0.0980494
0.0843657
0.0723542
0.0730142
0.0794845
0.0678113
0.126282
0.0215311
0.0665757
0.0465896
0.113756
0.0285247
0.07977
0.0748197
0.045646
0.0756917
0.0393291
0.0435612
0.0377978
0.0645715
0.205786
0.108461
0.126533
0.14617
0.0386528
0.0553906
0.0689472
0.0548335
0.03802
0.0728271
0.147282
0.264566
0.120357
0.0506552
0.148884
0.0927593
0.0776591
0.0763972
0.0749006
0.134526
0.0933524
0.0289465
0.0636574
0.138788
0.0900522
0.0954542
0.141208
0.0802952
0.0218307
0.170399
0.0560094
0.0429045
0.0787723
0.0263136
0.0833297
0.0909495
0.0329936
0.0677076
0.0714159
0.0532586
0.0872533
0.0368421
0.18033
0.107107
0.0536807
0.130741
0.155362
0.107352
0.0294443
0.118702
0.0679748
0.0440264
0.0394035
0.0566958
0.187991
0.0721312
0.0687983
0.0890466
0.110028
0.0673615
0.210864
0.0746457
0.185434
0.0829764
0.0373672
0.0256936
0.136208
0.0561716
0.0502271
0.0934292
0.0732603
0.0360093
0.0581276
0.049292
0.0841109
0.0753414
0.162882
0.0402161
0.0692503
0.104522
0.0883505
0.048902
0.0670865
0.0771648
0.0811078
0.0603841
0.0576674
0.136636
0.142275
0.0286188
0.062917
0.0383201
0.0676404
0.0413513
0.0303327
0.0391038
0.0433605
0.103189
0.0423462
0.090078
0.206364
0.0206607
0.0712871
0.0939638
0.0476176
0.232604
0.122044
0.0607594
0.0581364
0.0644285
0.0857394
0.0871112
0.0644333
0.0474261
0.0756832
0.0355067
0.0520463
0.0255638
0.0452453
0.0511375
0.0980456
0.0643083
0.0431805
0.0518279
0.0340617
0.124944
0.0666567
0.0998429
0.0897096
0.0353287
0.036781
0.180824
0.107373
0.0402999
0.0729404
0.0643855
0.111638
0.0279433
0.123715
0.160475
0.108514
0.0925279
0.0472341
0.0847615
0.0572242
0.157017
0.0544271
0.127917
0.0561123
0.233009
0.116439
0.0704278
0.0325505
0.131155
0.072372
0.113151
0.0837236
0.0912979
0.104494
0.0715684
0.129583
0.0613714
0.184487
0.025037
0.0546812
0.0272272
0.0725613
0.0753411
0.0486134
0.0360881
0.0722758
0.0771235
0.107303
0.0707558
0.154149
0.110994
0.167214
0.0616548
0.0478723
0.154431
0.113568
0.0723792
0.10676
0.0453558
0.0369866
0.201219
0.0734232
0.071573
0.0876383
0.167557
0.0840037
0.0960291
0.0858719
0.0241998
0.0624625
0.118842
0.205884
0.203101
0.0338307
0.0897447
0.0749308
0.0517709
0.195607
0.0958168
0.101366
0.0428153
0.0905451
0.0421358
0.173466
0.0459699
0.037629
0.0205703
0.0818782
0.0540033
0.0943867
0.0531981
0.0356247
0.0589171
0.132426
0.0556531
0.211226
0.155156
0.0441777
0.108787
0.131569
0.0612757
0.0838879
0.0243543
0.0451634
0.0840215
0.0726038
0.0962026
0.0582798
0.0849991
0.0750051
0.0504118
0.138866
0.140647
0.134957
0.137838
0.0614556
0.0687763
0.0859395
0.0797679
0.0693029
0.0599933
0.167274
0.146048
0.084427
0.057602
0.186492
0.0625435
0.161972
0.126621
0.0208599
0.0613081
0.0840756
0.106884
0.042991
0.0310278
0.0446453
0.0369945
0.0742271
0.0693585
0.116292
0.0830056
0.0406169
0.208197
0.0208318
0.0694666
0.0945671
0.0974294
0.116734
0.0970662
0.085606
0.0610297
0.241745
0.10651
0.0558399
0.0972928
0.113375
0.120486
0.0669
0.0791143
0.0465338
0.0310875
0.261667
0.0533275
0.0907327
0.0983899
0.0583928
0.0605284
0.0572286
0.113734
0.0454376
0.0352085
0.0943969
0.0337436
0.0490319
0.0462214
0.0999985
0.054926
0.240482
0.0730024
0.124401
0.122533
0.0474841
0.163352
0.0526614
0.157303
0.0396117
0.0992453
0.0546031
0.032678
0.0407172
0.0647125
0.0387047
0.0178536
0.0566122
0.0244494
0.117235
0.160318
0.0776134
0.0615047
0.0497552
0.0907416
0.0278569
0.119078
0.108645
0.0241595
0.0299838
0.0468248
0.111332
0.0607618
0.0625427
0.0715073
0.0782686
0.0449952
0.133627
0.0724878
0.0389202
0.0293201
0.0672835
0.0809011
0.130467
0.127749
0.0863438
0.183284
0.0218104
0.0663878
0.0581975
0.0336363
0.244727
0.139606
0.223941
0.0320683
0.0422083
0.0559882
0.0460877
0.0953395
0.0248833
0.0625267
0.0321065
0.110797
0.027435
0.0573309
0.0910258
0.106627
0.0470934
0.112158
0.0479485
0.038253
0.0587304
0.0389451
0.088885
0.0673734
0.0986928
0.0389006
0.238919
0.136544
0.13841
0.147159
0.0608187
0.063379
0.0933846
0.107678
0.12772
0.0332032
0.244508
0.106311
0.0582518
0.035638
0.0571369
0.0873198
0.0359116
0.221399
0.0858166
0.107771
0.0572398
0.0215478
0.0557537
0.0522392
0.0453012
0.091309
0.0582408
0.0861916
0.0869062
0.039928
0.128384
0.19722
0.0265156
0.053735
0.0242915
0.0500696
0.05504
0.0665764
0.017218
0.0179266
0.0436889
0.0355769
0.0328985
0.0646381
0.081429
0.0909674
0.0659068
0.148833
0.0175578
0.156036
0.042588
0.0442338
0.0496388
0.0569114
0.0506738
0.0526487
0.0815709
0.0331879
0.0633457
0.044047
0.0526966
0.161114
0.0887804
0.198684
0.0549493
0.0602077
0.0346421
0.0877329
0.1287
0.110283
0.0785387
0.0484298
0.071229
0.170293
0.101271
0.0820649
0.0781756
0.0868367
0.0414569
0.0988591
0.0467824
0.132603
0.0371026
0.0375623
0.0699024
0.0538631
0.0591873
0.0600385
0.156846
0.0372452
0.0777457
0.0929772
0.0170348
0.0755423
0.145555
0.0857137
0.0522346
0.0743889
0.0430345
0.112072
0.0630257
0.0419681
0.148191
0.0956996
0.0783199
0.10405
0.053927
0.0639827
0.0593254
0.0844749
0.0389418
0.0912923
0.122026
0.0559298
0.165699
0.039912
0.105852
0.0465717
0.0919958
0.016136
0.0422358
0.0697979
0.0477409
0.0893963
0.0502121
0.107319
0.0669006
0.0300616
0.127517
0.0872534
0.15869
0.0309987
0.0742023
0.0705037
0.161284
0.0523058
0.0442068
0.0661692
0.0766036
0.0247905
0.118746
0.0799615
0.254251
0.0425838
0.187039
0.0541016
0.0195613
0.0670284
0.0756384
0.0302645
0.0493993
0.11447
0.0906711
0.0770263
0.152458
0.0302063
0.089024
0.100115
0.0696779
0.123636
0.104688
0.0640185
0.072969
0.191976
0.104427
0.0257032
0.0977891
0.0487854
0.158856
0.0348849
0.127433
0.103936
0.224023
0.121715
0.0939714
0.133674
0.18766
0.0654894
0.0551822
0.114057
0.210186
0.0853012
0.0731933
0.158489
0.0225074
0.0918745
0.0610375
0.0440059
0.0305313
0.0550577
0.0501063
0.058056
0.0521812
0.179407
0.0290252
0.140827
0.0285393
0.0818038
0.118798
0.0981642
0.0149523
0.0550161
0.0884363
0.0481367
0.10584
0.0397301
0.0309171
0.0386948
0.0980481
0.0604534
0.0978246
0.0869528
0.12923
0.0268351
0.0617864
0.0715775
0.0609888
0.0608854
0.0667264
0.106608
0.0280956
0.0730594
0.0941925
0.0725195
0.123749
0.0361329
0.0486618
0.0962554
0.104777
0.102156
0.0252299
0.0667865
0.0789689
0.228839
0.0460294
0.0329981
0.218894
0.0370818
0.100407
0.0644674
0.0466627
0.202597
0.0176091
0.0522405
0.056007
0.240637
0.0778372
0.0976314
0.10083
0.0446223
0.0387815
0.0686913
0.0574387
0.0947541
0.0680519
0.0944727
0.0696051
0.152894
0.273567
0.0450444
0.0708046
0.0145949
0.0466086
0.0683042
0.0404074
0.0312789
0.104615
0.0937752
0.0345333
0.459675
0.0460136
0.0619647
0.0967025
0.115623
0.21237
0.0358496
0.233237
0.17829
0.179581
0.303431
0.174368
0.14927
0.047232
0.0534056
0.0860806
0.134843
0.0922495
0.187981
0.107625
0.108854
0.184555
0.0450431
0.120424
0.0990634
0.0965906
0.147682
0.0612407
0.0468859
0.0715601
0.225818
0.0905507
0.0974706
0.262563
0.123373
0.190397
0.165542
0.103913
0.167498
0.207142
0.105921
0.189925
0.120407
0.27043
0.159011
0.139518
0.173266
0.0846722
0.0787003
0.0650986
0.0504243
0.147499
0.0757977
0.158163
0.165131
0.0733753
0.0812273
0.076847
0.0927681
0.110295
0.107046
0.15083
0.0651304
0.255156
0.160704
0.122719
0.1557
0.044928
0.0418829
0.214436
0.229943
0.245672
0.0440477
0.0731372
0.121364
0.0668888
0.166481
0.0872575
0.0955593
0.233395
0.0659781
0.129529
0.0928165
0.0690946
0.087637
0.13335
0.269457
0.0698839
0.0723337
0.117437
0.115985
0.288992
0.0716484
0.0673705
0.103248
0.13052
0.128512
0.172778
0.0742906
0.099686
0.069391
0.100306
0.178658
0.155453
0.221202
0.16379
0.233597
0.211872
0.0581534
0.041095
0.0566659
0.182706
0.0898459
0.241326
0.087081
0.22484
0.0462844
0.0844546
0.161362
0.142734
0.116657
0.165118
0.102345
0.0553784
0.175529
0.107889
0.0521266
0.169739
0.0467698
0.0508703
0.129331
0.114739
0.298492
0.0740943
0.0675284
0.198629
0.0419391
0.0322379
0.0799645
0.12923
0.223702
0.0728619
0.0498574
0.0587452
0.0845653
0.16413
0.132181
0.196059
0.139987
0.199697
0.0751974
0.0793306
0.103337
0.0469175
0.195229
0.036467
0.0457189
0.185384
0.10878
0.14783
0.102964
0.0509306
0.0631805
0.25715
0.190333
0.112648
0.163093
0.149687
0.292992
0.0822697
0.0388638
0.232657
0.0607421
0.0633841
0.118498
0.0511327
0.172718
0.09528
0.136588
0.174771
0.049349
0.134482
0.0400502
0.175271
0.129826
0.0846302
0.260352
0.132555
0.131585
0.156023
0.343716
0.0632126
0.104535
0.0457336
0.192951
0.141968
0.201645
0.175961
0.145824
0.0410219
0.169217
0.05289
0.199059
0.10978
0.0918753
0.150912
0.135888
0.123958
0.0756913
0.0551474
0.103229
0.183823
0.100905
0.0535428
0.261465
0.0831849
0.189571
0.0999672
0.212904
0.0339194
0.0993963
0.160867
0.0971943
0.280783
0.109143
0.163379
0.285038
0.111635
0.0563641
0.0868051
0.0739482
0.0478344
0.117333
0.0212415
0.0940624
0.0674171
0.0863202
0.170967
0.0986154
0.0488852
0.0693877
0.121519
0.0762744
0.185491
0.24959
0.0863614
0.120402
0.0750481
0.0943759
0.117069
0.154596
0.219441
0.101229
0.1352
0.106934
0.208352
0.127321
0.0561738
0.0584697
0.0457944
0.147377
0.153755
0.229904
0.136256
0.160995
0.0784895
0.166982
0.103723
0.0785189
0.0499976
0.129421
0.0359321
0.172926
0.166243
0.0756012
0.130908
0.103353
0.109652
0.189964
0.134055
0.0246775
0.160139
0.212594
0.0766466
0.202474
0.084756
0.175576
0.273687
0.261403
0.108726
0.158807
0.0823424
0.125672
0.109631
0.192734
0.227771
0.0891925
0.0856558
0.108909
0.241704
0.351329
0.162049
0.0794206
0.106531
0.0968192
0.0779203
0.056791
0.0789227
0.19772
0.0603218
0.0366502
0.0526209
0.254664
0.0372067
0.0633283
0.194193
0.129972
0.145656
0.0988914
0.181137
0.0516286
0.0212469
0.0512461
0.0938163
0.166332
0.162975
0.0470738
0.0364222
0.0906277
0.11301
0.0970647
0.0643488
0.10477
0.199607
0.0538492
0.125755
0.0397466
0.110108
0.0370013
0.0698425
0.108535
0.145914
0.13087
0.0441281
0.0866595
0.194331
0.154929
0.214138
0.238694
0.0814752
0.0727164
0.0480373
0.123943
0.0517691
0.11324
0.21029
0.0905763
0.0474306
0.0925718
0.0250261
0.259021
0.133631
0.235078
0.139826
0.166884
0.171498
0.144276
0.186163
0.108414
0.0771766
0.100282
0.131044
0.322548
0.0710199
0.153739
0.0732198
0.190236
0.124392
0.0993769
0.136341
0.171702
0.0713694
0.162912
0.161143
0.0742566
0.048998
0.0799539
0.168877
0.273235
0.0573449
0.162621
0.222339
0.0932323
0.0302888
0.129805
0.114704
0.145661
0.179546
0.270053
0.0845936
0.0729658
0.156654
0.0908745
0.158323
0.156425
0.23423
0.163982
0.0435007
0.126627
0.107163
0.219976
0.192763
0.0878271
0.286866
0.136071
0.0428534
0.136835
0.0698528
0.247446
0.0417852
0.0876169
0.192803
0.111465
0.122249
0.098305
0.147375
0.114532
0.193063
0.163935
0.121915
0.131425
0.0458718
0.0700763
0.154485
0.103129
0.236589
0.292741
0.157065
0.187587
0.156763
0.0606103
0.160817
0.098181
0.0882046
0.0816313
0.133919
0.204992
0.22591
0.117335
0.0757197
0.11369
0.0592967
0.165348
0.138201
0.100366
0.0448989
0.0606005
0.207674
0.185126
0.100964
0.332929
0.105958
0.048716
0.0927596
0.0790093
0.0637404
0.111528
0.170279
0.0481994
0.0962212
0.0940948
0.0806845
0.0896853
0.0928987
0.0590644
0.193398
0.0542326
0.0735997
0.0779888
0.12856
0.044857
0.113643
0.0408552
0.0232068
0.0587574
0.0440476
0.0821547
0.0964057
0.187247
0.0760882
0.175675
0.0489768
0.128899
0.0773653
0.0538771
0.082973
0.111071
0.127999
0.148911
0.121847
0.0909701
0.258258
0.185856
0.219049
0.140209
0.0702987
0.156556
0.0836658
0.07234
0.048253
0.198828
0.328189
0.112919
0.110278
0.0894562
0.123301
0.0670251
0.0907166
0.151769
0.126851
0.163063
0.0645726
0.0539403
0.25983
0.0584069
0.0847035
0.190203
0.143102
0.172843
0.0596198
0.235317
0.0433932
0.185663
0.161975
0.160921
0.203973
0.114881
0.131549
0.071398
0.0542114
0.0582649
0.104733
0.151501
0.156787
0.0895883
0.0505428
0.0499869
0.0405309
0.132927
0.240213
0.108178
0.0681791
0.111219
0.119122
0.154034
0.103974
0.0874927
0.0736211
0.0845963
0.146014
0.126364
0.0677354
0.0579714
0.106493
0.104663
0.0613211
0.148074
0.115781
0.321786
0.0658271
0.0432102
0.179546
0.0885031
0.215471
0.111413
0.0890889
0.20486
0.0742494
0.0564077
0.143079
0.128393
0.172509
0.118342
0.178369
0.0526889
0.142982
0.10226
0.114521
0.155207
0.116001
0.0956059
0.187292
0.109575
0.126718
0.133321
0.213149
0.0933227
0.0969663
0.262648
0.071239
0.135
0.113107
0.172143
0.0975685
0.0764321
0.268189
0.142484
0.143332
0.0864223
0.0449566
0.0934396
0.159419
0.0785802
0.0670265
0.0910066
0.14908
0.145442
0.104843
0.218826
0.109214
0.0847953
0.0468627
0.0881024
0.231983
0.105644
0.143604
0.0590787
0.172378
0.155296
0.0368666
0.0801206
0.194862
0.0493285
0.100157
0.0731701
0.107887
0.209036
0.180557
0.171064
0.0705204
0.35469
0.230211
0.146566
0.193597
0.103178
0.061111
0.10498
0.0443353
0.0687899
0.0920827
0.0344599
0.142112
0.183366
0.101964
0.160519
0.0467903
0.170593
0.0903887
0.0932355
0.132859
0.475634
0.0841533
0.266996
0.104496
0.0323403
0.203288
0.0366919
0.109533
0.232463
0.028841
0.0377738
0.0782009
0.0841523
0.142801
0.217737
0.0831833
0.182945
0.0844356
0.0465504
0.13213
0.103584
0.0616083
0.227391
0.168914
0.0810588
0.0386723
0.0750893
0.142201
0.111641
0.110377
0.103817
0.310962
0.173135
0.0424613
0.192043
0.176375
0.0229461
0.210906
0.127467
0.291797
0.286434
0.172336
0.14047
0.0460716
0.0371688
0.128051
0.211671
0.0492485
0.0897104
0.090476
0.118974
0.151066
0.122761
0.0517646
0.154107
0.0446678
0.0756394
0.0551116
0.233118
0.158978
0.0741965
0.232558
0.306714
0.132444
0.224665
0.0572975
0.166247
0.0672181
0.0434175
0.0861352
0.0431609
0.170007
0.0154302
0.0760332
0.0909527
0.11802
0.042193
0.107973
0.122341
0.103071
0.0586897
0.0512416
0.0425704
0.189591
0.102459
0.133612
0.0430123
0.0829793
0.225718
0.0204908
0.11807
0.108656
0.0841423
0.17484
0.144745
0.32487
0.107029
0.0708282
0.151476
0.0570166
0.0784853
0.0339523
0.202453
0.0309811
0.0973635
0.0501252
0.123277
0.115562
0.163545
0.0423803
0.12808
0.0798579
0.316848
0.110254
0.0232854
0.0941723
0.0385917
0.0829443
0.0519331
0.0816088
0.0802671
0.0960248
0.0835791
0.137307
0.123086
0.227109
0.359269
0.182086
0.0611044
0.114557
0.0793773
0.120855
0.132357
0.0361529
0.21326
0.0544557
0.0368439
0.157441
0.105998
0.148584
0.142484
0.0713714
0.113069
0.125799
0.100525
0.23234
0.215902
0.0745814
0.118228
0.114086
0.0822522
0.303836
0.0634561
0.0521674
0.18736
0.141109
0.0545646
0.17441
0.0337788
0.0832814
0.0903336
0.0316328
0.0507257
0.233009
0.0458173
0.0527377
0.180192
0.0717267
0.218402
0.0830806
0.149681
0.281284
0.0575523
0.0886322
0.202591
0.19364
0.0557179
0.153307
0.116646
0.069429
0.0981357
0.0844429
0.112502
0.101786
0.128421
0.0493476
0.121765
0.165993
0.031203
0.102533
0.151838
0.0728283
0.086003
0.0979783
0.196422
0.04675
0.0312137
0.0185383
0.153663
0.0903205
0.0965636
0.22924
0.163711
0.0809136
0.0307064
0.0543638
0.266694
0.0514745
0.0781211
0.13414
0.183478
0.123799
0.0520427
0.12052
0.103365
0.332549
0.0796038
0.0927832
0.0824063
0.0287603
0.0708114
0.0845386
0.0612549
0.171275
0.19641
0.120839
0.060113
0.116704
0.125251
0.0404469
0.109844
0.0662476
0.160993
0.0347744
0.140852
0.0829222
0.0979573
0.180866
0.136604
0.0891062
0.0201336
0.117624
0.0642134
0.0744191
0.111918
0.114827
0.052755
0.208266
0.0591453
0.19138
0.120235
0.0867216
0.181823
0.103987
0.136563
0.0853714
0.191683
0.194883
0.042666
0.13754
0.187697
0.268921
0.176528
0.0287896
0.0945349
0.060664
0.119189
0.0789185
0.129598
0.0845839
0.0908499
0.10071
0.120329
0.242846
0.100931
0.0632768
0.112806
0.0958933
0.0244045
0.120658
0.136708
0.200226
0.236871
0.0575616
0.0786345
0.0639011
0.113418
0.0534045
0.0437779
0.0819673
0.0960787
0.0472927
0.106712
0.0596001
0.0807047
0.151084
0.0989756
0.0564415
0.0709309
0.10042
0.124826
0.14737
0.157067
0.0336384
0.0350728
0.090065
0.123562
0.0742556
0.171012
0.255482
0.233092
0.171726
0.0339309
0.164624
0.233151
0.088493
0.0734313
0.22936
0.124499
0.0314147
0.122326
0.104072
0.239086
0.193897
0.129395
0.0447828
0.0852875
0.0910244
0.0405083
0.247269
0.108585
0.26604
0.114957
0.0731128
0.114283
0.154666
0.138164
0.130367
0.0420828
0.187205
0.105033
0.0884294
0.090942
0.0145054
0.0643456
0.052967
0.07928
0.160449
0.0609972
0.0688852
0.0556465
0.0852361
0.124147
0.0732293
0.104441
0.157597
0.135811
0.150204
0.104935
0.161163
0.0481031
0.0677828
0.147239
0.109618
0.0913675
0.0912335
0.0566974
0.13959
0.0375212
0.0654653
0.117835
0.119107
0.128047
0.210593
0.157604
0.0371988
0.158458
0.0994535
0.0437593
0.212103
0.163441
0.0662526
0.0298626
0.0624181
0.0752834
0.180543
0.0665132
0.0736312
0.19509
0.0488249
0.0659291
0.0735602
0.106432
0.0727319
0.0888761
0.109939
0.159476
0.0320386
0.0936778
0.0510217
0.0611584
0.172752
0.109145
0.0635741
0.171251
0.0944425
0.0556447
0.110427
0.136042
0.149158
0.181912
0.0609101
0.121625
0.100056
0.0377934
0.106208
0.0619254
0.22215
0.124149
0.106213
0.066624
0.0507626
0.0686175
0.115505
0.164654
0.0947045
0.0563107
0.235945
0.229376
0.0463641
0.0668899
0.107005
0.111913
0.164917
0.105318
0.0412911
0.254199
0.131181
0.0754653
0.0899868
0.279048
0.0374516
0.0759546
0.0300758
0.0527037
0.119881
0.070495
0.146642
0.027144
0.123925
0.043473
0.157542
0.0440094
0.0632894
0.127976
0.12165
0.109741
0.183761
0.0600239
0.135863
0.152893
0.174521
0.0958576
0.070849
0.142257
0.0853327
0.126601
0.217544
0.245196
0.257192
0.183109
0.0603457
0.0535067
0.104625
0.122104
0.0754259
0.102685
0.180582
0.0319269
0.0999976
0.198523
0.0373955
0.098183
0.0971204
0.119766
0.0593277
0.207122
0.150277
0.0706512
0.0347756
0.0365114
0.10468
0.116432
0.0933902
0.0939881
0.0616532
0.133717
0.0464405
0.0655945
0.163487
0.146328
0.0594679
0.175536
0.0695772
0.0635292
0.116428
0.0962813
0.0792089
0.0654669
0.072962
0.230712
0.142213
0.0250664
0.100074
0.0973993
0.0783501
0.216505
0.314454
0.0322151
0.0783136
0.117013
0.125765
0.0756102
0.0440429
0.11917
0.135653
0.226266
0.0598936
0.0634038
0.121404
0.0386073
0.0894737
0.0327139
0.1578
0.249225
0.155229
0.152632
0.0914279
0.27183
0.183619
0.0797116
0.249189
0.0644699
0.127653
0.136073
0.0392464
0.127416
0.0733459
0.044408
0.202065
0.0496807
0.229538
0.133001
0.0787855
0.0291204
0.087971
0.0581059
0.050909
0.0814721
0.036631
0.059996
0.0882358
0.0382585
0.140116
0.0389273
0.0845474
0.102714
0.114387
0.0687914
0.118952
0.106176
0.0655598
0.0842839
0.273846
0.0308507
0.0433075
0.065766
0.0331431
0.139803
0.306391
0.120196
0.288763
0.241484
0.0623071
0.156289
0.157324
0.105052
0.0899709
0.225966
0.203005
0.0845328
0.160811
0.16989
0.177203
0.0652485
0.126545
0.0618075
0.028353
0.178606
0.0285697
0.0969107
0.0670922
0.0482437
0.27316
0.151803
0.122116
0.0584063
0.151845
0.104404
0.127419
0.180305
0.234262
0.15425
0.0798627
0.101092
0.140558
0.0399961
0.137118
0.0443924
0.116531
0.0994738
0.291009
0.135512
0.0267433
0.036142
0.0478363
0.115122
0.152449
0.0781757
0.139699
