0.309998
0.111193
0.160603
0.184749
0.114117
0.185108
0.171582
0.11362
0.134474
0.168615
0.151752
0.157717
0.160278
0.156766
0.150121
0.17581
0.120807
0.11332
0.147303
0.165279
0.111063
0.270819
0.16303
0.165546
0.144849
0.145716
0.212099
0.0995942
0.156165
0.279358
0.157741
0.120592
0.174915
0.201706
0.185444
0.226044
0.158861
0.146124
0.154629
0.0949048
0.153297
0.182154
0.166737
0.150699
0.152456
0.204595
0.149473
0.165481
0.164138
0.22175
0.17642
0.150098
0.103776
0.107216
0.107591
0.165318
0.196581
0.261529
0.149478
0.136392
0.194566
0.207341
0.187407
0.17568
0.115501
0.132276
0.158083
0.123025
0.0927735
0.187008
0.124736
0.126762
0.128889
0.197687
0.26128
0.138163
0.134028
0.191621
0.132998
0.189981
0.141252
0.188346
0.17778
0.128909
0.160309
0.121925
0.12212
0.15396
0.134093
0.122388
0.137104
0.223043
0.229995
0.150769
0.165765
0.189125
0.202637
0.134048
0.173743
0.185178
0.197035
0.156973
0.157276
0.287144
0.137753
0.187896
0.153495
0.200264
0.0878099
0.150081
0.137258
0.168606
0.135504
0.162003
0.168746
0.233078
0.136812
0.131688
0.103976
0.138161
0.147825
0.149651
0.169748
0.208026
0.136057
0.135039
0.104887
0.1587
0.157455
0.134217
0.164025
0.146868
0.146817
0.190076
0.151904
0.248926
0.154047
0.139122
0.118207
0.187453
0.163691
0.203345
0.126049
0.223734
0.178709
0.182209
0.123118
0.1492
0.103487
0.155772
0.200887
0.266924
0.110308
0.233059
0.205694
0.135631
0.143878
0.16203
0.20642
0.174904
0.198286
0.220753
0.212371
0.137331
0.162014
0.146424
0.119451
0.144569
0.179994
0.15688
0.194955
0.200934
0.159088
0.13477
0.191664
0.130865
0.111548
0.183415
0.195418
0.157252
0.128166
0.171877
0.126406
0.164859
0.221612
0.124381
0.143813
0.139519
0.201596
0.127416
0.139127
0.086889
0.179182
0.1681
0.151518
0.197762
0.23568
0.173397
0.153908
0.16739
0.246225
0.158752
0.124268
0.192679
0.217408
0.162793
0.119453
0.162653
0.140534
0.222822
0.11772
0.152644
0.147756
0.124373
0.164137
0.177079
0.178143
0.246684
0.161877
0.212774
0.213492
0.238854
0.164025
0.189165
0.238152
0.258931
0.214274
0.214942
0.171508
0.130906
0.111595
0.175603
0.10835
0.188666
0.145438
0.17044
0.173848
0.210373
0.197909
0.126975
0.175817
0.12521
0.157874
0.153633
0.156767
0.1542
0.114159
0.198959
0.142748
0.192695
0.140842
0.161633
0.200644
0.131288
0.170582
0.108711
0.195435
0.234737
0.173404
0.105481
0.193045
0.191951
0.151599
0.205665
0.260266
0.11648
0.215437
0.188496
0.16795
0.169984
0.19855
0.178959
0.18733
0.122159
0.137144
0.154955
0.117244
0.217502
0.156931
0.191274
0.133955
0.173595
0.141437
0.1638
0.191812
0.214068
0.162134
0.238971
0.185306
0.126584
0.228258
0.164847
0.208449
0.107879
0.135919
0.220793
0.19396
0.0963344
0.190705
0.121526
0.166847
0.109979
0.117394
0.186247
0.276525
0.125559
0.140127
0.191316
0.270854
0.132487
0.22949
0.196616
0.20469
0.143238
0.121565
0.118089
0.185588
0.173501
0.123249
0.152075
0.129486
0.0952758
0.171736
0.0849926
0.167171
0.157655
0.144106
0.186476
0.136007
0.109432
0.175475
0.12788
0.172254
0.122368
0.175922
0.234353
0.0772193
0.154285
0.159344
0.122821
0.117893
0.214507
0.125107
0.15533
0.140394
0.165167
0.280952
0.200505
0.148015
0.133733
0.175377
0.186612
0.0822634
0.184602
0.174962
0.1723
0.133983
0.0965131
0.156308
0.206844
0.163404
0.139447
0.121461
0.182442
0.190258
0.09005
0.140289
0.137839
0.129709
0.203063
0.111216
0.139524
0.141385
0.165524
0.174004
0.131331
0.119985
0.239046
0.206168
0.203827
0.128046
0.1251
0.119408
0.169971
0.154295
0.207405
0.11835
0.115445
0.194659
0.185465
0.127651
0.128402
0.18105
0.160079
0.135467
0.158169
0.144845
0.182971
0.176359
0.146414
0.143632
0.174482
0.185635
0.193002
0.116628
0.149399
0.116044
0.186289
0.192337
0.188399
0.241692
0.143054
0.194881
0.206992
0.15941
0.114552
0.224266
0.134357
0.233009
0.171961
0.186475
0.196426
0.169835
0.182195
0.21228
0.178381
0.129812
0.144466
0.166447
0.215114
0.131749
0.232093
0.171569
0.151077
0.135009
0.167386
0.15126
0.132182
0.13794
0.153246
0.203137
0.243501
0.145504
0.217833
0.20197
0.182471
0.164442
0.119658
0.0815263
0.172117
0.149672
0.206383
0.202883
0.189008
0.139621
0.097243
0.106155
0.12438
0.135574
0.205094
0.175016
0.137055
0.119777
0.248129
0.215248
0.165572
0.211628
0.154178
0.136335
0.176419
0.213188
0.167087
0.14137
0.136111
0.120096
0.158983
0.165913
0.18127
0.111684
0.140185
0.113385
0.205959
0.185778
0.105613
0.143283
0.163874
0.207658
0.200267
0.226004
0.209756
0.169533
0.140494
0.164711
0.197008
0.145256
0.202384
0.198288
0.233065
0.114515
0.267312
0.138135
0.45402
0.132986
0.211523
0.149777
0.15876
0.255998
0.213681
0.147438
0.155135
0.206184
0.118201
0.217927
0.201912
0.284697
0.191479
0.192993
0.237274
0.171758
0.238467
0.298166
0.225592
0.185457
0.185784
0.137761
0.214647
0.170867
0.104018
0.0964465
0.143429
0.1724
0.150532
0.161066
0.240232
0.278083
0.184065
0.203244
0.22957
0.198659
0.224772
0.230325
0.322304
0.193316
0.205844
0.233751
0.14999
0.150478
0.262594
0.105579
0.180038
0.254418
0.158307
0.152486
0.128713
0.21688
0.153874
0.14973
0.239265
0.259282
0.242667
0.238952
0.185136
0.228073
0.25264
0.157274
0.266182
0.301214
0.256212
0.161709
0.132898
0.137233
0.187233
0.169566
0.125134
0.219169
0.242815
0.20825
0.197978
0.177228
0.259686
0.108344
0.151271
0.157563
0.243349
0.160073
0.220498
0.131837
0.123496
0.166611
0.225161
0.157737
0.11839
0.212838
0.128836
0.193873
0.143815
0.151923
0.174919
0.218552
0.20169
0.262775
0.167943
0.191236
0.154411
0.171815
0.179512
0.174458
0.120388
0.206682
0.237785
0.176266
0.198379
0.11813
0.191527
0.175094
0.237289
0.159056
0.118154
0.205975
0.154482
0.164084
0.256276
0.195952
0.186477
0.198101
0.144832
0.20691
0.124592
0.183107
0.107821
0.183649
0.144289
0.178279
0.202597
0.173524
0.253275
0.12946
0.13013
0.142279
0.140933
0.235423
0.120494
0.231618
0.156821
0.120821
0.117493
0.178353
0.168071
0.194148
0.122677
0.126867
0.190212
0.233046
0.16095
0.184254
0.142752
0.225593
0.135508
0.225842
0.168213
0.213181
0.164822
0.264083
0.205677
0.216032
0.231679
0.101909
0.258897
0.123556
0.208563
0.186633
0.14865
0.214852
0.101586
0.219743
0.250852
0.143633
0.109946
0.105429
0.158485
0.28722
0.184289
0.160819
0.257088
0.188494
0.190753
0.175891
0.20969
0.193307
0.210989
0.228323
0.145139
0.186853
0.209639
0.274089
0.126447
0.174486
0.12381
0.113433
0.190757
0.142528
0.236123
0.26023
0.179441
0.169155
0.191715
0.220782
0.265265
0.203264
0.236168
0.126415
0.252592
0.0994581
0.152921
0.170131
0.192249
0.189734
0.198225
0.17368
0.207285
0.221546
0.205082
0.213462
0.319947
0.14492
0.119804
0.187086
0.231914
0.156136
0.204426
0.104357
0.257296
0.171236
0.140804
0.273649
0.135722
0.125823
0.128475
0.108384
0.129399
0.180016
0.217499
0.237245
0.118908
0.159408
0.160854
0.166363
0.133541
0.187767
0.125431
0.160807
0.207251
0.17896
0.253247
0.188523
0.19694
0.251476
0.113642
0.156385
0.171947
0.101964
0.111598
0.266206
0.1533
0.199492
0.182301
0.241337
0.21856
0.233401
0.178076
0.253828
0.178502
0.237866
0.308537
0.156729
0.177229
0.165513
0.214109
0.13635
0.167577
0.1401
0.105703
0.204117
0.252335
0.138713
0.205179
0.243029
0.181088
0.196707
0.164647
0.142772
0.134955
0.164305
0.115681
0.154556
0.133777
0.200043
0.147388
0.188807
0.15986
0.315639
0.151282
0.227269
0.204814
0.22885
0.229692
0.213431
0.235699
0.206886
0.156895
0.240088
0.171685
0.123604
0.290596
0.218588
0.175663
0.205067
0.20807
0.154275
0.212005
0.17327
0.187689
0.246372
0.131417
0.13247
0.120283
0.179357
0.16594
0.341788
0.14139
0.155431
0.175776
0.284515
0.164489
0.196393
0.140492
0.180229
0.195682
0.144867
0.212943
0.232654
0.223121
0.202352
0.237419
0.142723
0.165605
0.170591
0.132703
0.134541
0.169433
0.165912
0.164665
0.254139
0.214038
0.159862
0.180482
0.12889
0.172199
0.225765
0.184343
0.106797
0.155027
0.215045
0.280615
0.164984
0.226918
0.18218
0.209571
0.158785
0.242176
0.166391
0.181699
0.251464
0.169385
0.211528
0.229951
0.228866
0.182199
0.140684
0.203149
0.198066
0.20096
0.172533
0.140692
0.268272
0.119089
0.209794
0.161471
0.130856
0.260436
0.202858
0.183538
0.145593
0.244351
0.210644
0.135368
0.207155
0.276865
0.167043
0.141546
0.22108
0.139777
0.199705
0.205111
0.245302
0.228823
0.141081
0.23147
0.149271
0.274236
0.203983
0.189129
0.152394
0.211358
0.13165
0.153843
0.144026
0.188541
0.239688
0.253711
0.283932
0.255629
0.198027
0.179863
0.217799
0.213533
0.235649
0.138668
0.276101
0.11534
0.149426
0.230365
0.106454
0.137253
0.271684
0.110051
0.150758
0.177899
0.190826
0.176485
0.184827
0.215187
0.165619
0.249195
0.159816
0.181673
0.270299
0.18322
0.16614
0.154364
0.121217
0.197941
0.245854
0.207103
0.184614
0.146735
0.196619
0.173187
0.179325
0.199237
0.151087
0.249792
0.213589
0.149348
0.259026
0.150519
0.198321
0.171953
0.206438
0.16279
0.111427
0.306049
0.116595
0.200554
0.142519
0.223265
0.194555
0.155011
0.165862
0.243763
0.0850617
0.212788
0.321194
0.23132
0.161309
0.286244
0.22709
0.216183
0.17468
0.169114
0.161136
0.252261
0.17746
0.141746
0.123774
0.118814
0.271338
0.128532
0.301297
0.119877
0.284196
0.417705
0.267799
0.251944
0.165817
0.167421
0.176644
0.1643
0.167236
0.272991
0.267477
0.197842
0.282398
0.246428
0.20697
0.22124
0.276893
0.245941
0.183731
0.192869
0.256
0.222843
0.197788
0.183224
0.230217
0.240335
0.138767
0.215507
0.183791
0.189093
0.161143
0.192678
0.1567
0.278927
0.192698
0.262898
0.141551
0.230679
0.22067
0.27815
0.273798
0.244071
0.230627
0.1813
0.26788
0.260257
0.25717
0.225961
0.260811
0.205604
0.275196
0.235618
0.246491
0.276235
0.214159
0.184879
0.148851
0.156561
0.241152
0.168432
0.266839
0.202793
0.243211
0.155751
0.278444
0.174884
0.172281
0.17125
0.287635
0.240379
0.180409
0.278471
0.162236
0.130107
0.220931
0.18808
0.217236
0.171142
0.159936
0.181875
0.14981
0.238908
0.152151
0.230848
0.167487
0.189379
0.206405
0.156049
0.197792
0.209748
0.125303
0.195036
0.256306
0.252235
0.148262
0.168748
0.133129
0.18855
0.156544
0.127554
0.210122
0.178392
0.124256
0.151403
0.232276
0.258243
0.231083
0.22263
0.171797
0.226387
0.271806
0.277807
0.146995
0.163112
0.182872
0.170503
0.137794
0.203641
0.201934
0.320491
0.198652
0.22878
0.235476
0.157492
0.27067
0.248679
0.221456
0.25101
0.157595
0.166202
0.182532
0.225545
0.193775
0.16462
0.279553
0.308995
0.22654
0.227816
0.192827
0.112066
0.250888
0.179608
0.231384
0.210631
0.15418
0.18743
0.181832
0.166004
0.120572
0.152937
0.161458
0.247298
0.162069
0.145053
0.137042
0.201023
0.325491
0.160293
0.236846
0.167378
0.20945
0.13445
0.193213
0.139383
0.125062
0.225187
0.169891
0.186984
0.222858
0.206791
0.261081
0.13373
0.176324
0.172011
0.207639
0.344155
0.233534
0.229742
0.317911
0.187503
0.202075
0.205186
0.199486
0.202896
0.292458
0.24069
0.294363
0.275504
0.174806
0.142683
0.207093
0.213826
0.155132
0.210274
0.255794
0.185506
0.201634
0.194127
0.258461
0.142988
0.274741
0.199488
0.266218
0.174886
0.154953
0.201014
0.256403
0.13704
0.186486
0.191138
0.207405
0.146238
0.244941
0.156292
0.200866
0.162849
0.18014
0.156431
0.148138
0.245221
0.189919
0.325839
0.212269
0.236631
0.172469
0.214708
0.214479
0.17455
0.106657
0.229281
0.152141
0.206471
0.217065
0.234256
0.205495
0.206747
0.162264
0.220911
0.224797
0.220828
0.216084
0.168311
0.205642
0.189763
0.21055
0.213519
0.173588
0.130625
0.139038
0.23732
0.190485
0.306029
0.149588
0.238799
0.241807
0.166556
0.117863
0.184673
0.188637
0.192421
0.191555
0.272343
0.16835
0.162258
0.138413
0.151785
0.176735
0.181869
0.148605
0.331532
0.184025
0.21172
0.158015
0.210028
0.203173
0.202097
0.231741
0.224417
0.190463
0.161882
0.153853
0.253786
0.162375
0.343108
0.178544
0.184682
0.168429
0.186165
0.163085
0.240212
0.21614
0.183491
0.169474
0.303731
0.24971
0.1639
0.199955
0.189972
0.249277
0.182619
0.259687
0.190166
0.182777
0.152361
0.195919
0.164723
0.198192
0.195366
0.155434
0.320789
0.236127
0.254179
0.201478
0.181201
0.167403
0.138711
0.13268
0.29833
0.233293
0.182315
0.142831
0.188697
0.179862
0.156709
0.14945
0.19647
0.193048
0.182195
0.221793
0.18091
0.162988
0.118085
0.37202
0.254156
0.171411
0.224174
0.251163
0.238298
0.235764
0.138995
0.164814
0.136351
0.305606
0.160522
0.226754
0.249734
0.19123
0.198815
0.225315
0.161453
0.197015
0.259226
0.304832
0.150948
0.202908
0.239676
0.172313
0.15878
0.198903
0.163419
0.143096
0.236298
0.116075
0.169753
0.199771
0.14846
0.184055
0.215375
0.244555
0.179175
0.25579
0.237624
0.239201
0.193864
0.21035
0.272416
0.13676
0.186306
0.281696
0.193397
0.156097
0.104297
0.237417
0.181721
0.195367
0.188531
0.225541
0.165361
0.12819
0.187958
0.233514
0.23982
0.294504
0.154583
0.150697
0.181374
0.20216
0.301991
0.195838
0.160415
0.263629
0.153079
0.235213
0.220501
0.202941
0.208374
0.194061
0.174988
0.285623
0.238435
0.218397
0.191152
0.197899
0.186271
0.250967
0.155062
0.157802
0.241179
0.139317
0.190903
0.152514
0.189016
0.256547
0.211645
0.178454
0.174165
0.107738
0.209417
0.210265
0.133628
0.287803
0.221265
0.145502
0.2423
0.157436
0.188592
0.197032
0.241988
0.171939
0.136511
0.153511
0.200431
0.139315
0.191765
0.219337
0.149025
0.156117
0.215706
0.191197
0.176486
0.106385
0.1781
0.192867
0.191504
0.196099
0.20935
0.252195
0.221907
0.179983
0.122325
0.180342
0.15224
0.178041
0.194716
0.210416
0.175943
0.187127
0.190493
0.222008
0.18211
0.173972
0.184449
0.206716
0.306027
0.191859
0.196907
0.211068
0.219299
0.158033
0.167398
0.238223
0.182533
0.254774
0.215867
0.224716
0.174032
0.208811
0.178629
0.255716
0.186544
0.194033
0.187778
0.184229
0.200104
0.112567
0.200029
0.192856
0.184408
0.170004
0.182991
0.17643
0.181571
0.25897
0.306904
0.328593
0.269466
0.258708
0.203146
0.184993
0.234615
0.229718
0.340369
0.263604
0.308875
0.336445
0.309039
0.168858
0.270934
0.290432
0.266199
0.284146
0.269743
0.257881
0.281096
0.319263
0.273626
0.291929
0.237385
0.227567
0.199283
0.289214
0.301718
0.166093
0.33059
0.256683
0.336857
0.297017
0.286831
0.24584
0.279216
0.323152
0.31075
0.254064
0.260778
0.292255
0.249255
0.217293
0.296396
0.33661
0.354759
0.268396
0.29435
0.15869
0.160326
0.293831
0.318016
0.304326
0.347169
0.29041
0.350666
0.233088
0.276823
0.231755
0.306899
0.34132
0.195148
0.306099
0.273753
0.183908
0.252293
0.243923
0.2747
0.246272
0.161207
0.276132
0.207569
0.253041
0.188813
0.233894
0.276058
0.331604
0.233227
0.223089
0.244259
0.276688
0.353014
0.343273
0.310034
0.296127
0.262805
0.211977
0.282438
0.197133
0.260296
0.302322
0.321462
0.239679
0.317634
0.313388
0.348319
0.309246
0.229865
0.17659
0.281374
0.243001
0.292932
0.198227
0.228459
0.190876
0.309699
0.345937
0.305715
0.333157
0.262524
0.249197
0.245958
0.240481
0.244139
0.333788
0.293574
0.183674
0.282268
0.303471
0.228538
0.232054
0.277021
0.362053
0.269985
0.319212
0.292951
0.325175
0.274986
0.211121
0.291232
0.289439
0.252713
0.327598
0.255691
0.248812
0.240436
0.241729
0.305448
0.323569
0.17645
0.279709
0.325194
0.251016
0.265539
0.259247
0.211094
0.185503
0.27227
0.232546
0.309522
0.187256
0.282337
0.32488
0.264101
0.255861
0.374672
0.251375
0.271386
0.316903
0.24623
0.356136
0.256952
0.330675
0.190079
0.277639
0.305668
0.350321
0.223659
0.257753
0.318493
0.277843
0.275244
0.18898
0.322848
0.304734
0.243864
0.320225
0.30092
0.200516
0.236082
0.262036
0.196043
0.247445
0.226586
0.199822
0.314153
0.296451
0.262968
0.269992
0.214587
0.139589
0.303362
0.310715
0.301292
0.171451
0.29861
0.28805
0.307521
0.268119
0.214238
0.3122
0.126626
0.349202
0.244669
0.210976
0.162139
0.26313
0.306854
0.265186
0.25163
0.19247
0.173874
0.210807
0.267945
0.319603
0.219891
0.342948
0.285884
0.158521
0.295526
0.296494
0.258093
0.219087
0.293123
0.226342
0.191527
0.266181
0.273074
0.222014
0.20768
0.336356
0.294514
0.262809
0.308888
0.235354
0.212124
0.25486
0.286868
0.245182
0.236092
0.238176
0.279444
0.253581
0.229195
0.274831
0.329336
0.207645
0.177256
0.318533
0.21473
0.278654
0.322451
0.231862
0.255632
0.218895
0.30559
0.26975
0.253966
0.355654
0.315285
0.178803
0.304142
0.245551
0.284508
0.26621
0.319342
0.318138
0.287543
0.276919
0.302953
0.28645
0.252196
0.172267
0.159546
0.281226
0.195145
0.306975
0.31195
0.157275
0.204991
0.198934
0.301284
0.221556
0.279461
0.246794
0.346157
0.269972
0.295559
0.261635
0.315648
0.309484
0.324252
0.294556
0.283303
0.137401
0.264631
0.337048
0.232515
0.374639
0.266762
0.248692
0.127086
0.251326
0.277714
0.29843
0.184068
0.16868
0.105202
0.306482
0.228521
0.196409
0.211498
0.325908
0.262625
0.177101
0.236577
0.202523
0.322291
0.271156
0.313595
0.358072
0.138193
0.191347
0.24566
0.306923
0.20782
0.286639
0.324271
0.33361
0.222577
0.293236
0.25253
0.297767
0.320134
0.183619
0.282479
0.315448
0.26637
0.224879
0.246091
0.261075
0.20032
0.269983
0.302618
0.293716
0.349785
0.272355
0.21859
0.290601
0.292693
0.276291
0.250289
0.297685
0.254879
0.232221
0.273829
0.300364
0.343899
0.240927
0.310526
0.229767
0.319127
0.283531
0.327921
0.298601
0.239867
0.298921
0.358966
0.318124
0.333357
0.342557
0.273326
0.272673
0.29307
0.239094
0.191556
0.337249
0.290079
0.272966
0.320922
0.227133
0.313814
0.212724
0.260154
0.206911
0.3375
0.171857
0.313952
0.312927
0.152219
0.321242
0.366525
0.287915
0.265049
0.231277
0.3329
0.188821
0.253567
0.200639
0.217375
0.232446
0.337694
0.256447
0.264163
0.323231
0.24271
0.181264
0.243751
0.318998
0.275114
0.294889
0.377205
0.236741
0.27003
0.210321
0.32237
0.376769
0.279224
0.315974
0.314611
0.169586
0.35575
0.326329
0.322379
0.288972
0.284267
0.30599
0.333041
0.219245
0.356503
0.266608
0.279516
0.279325
0.308976
0.302568
0.279689
0.145713
0.263536
0.291763
0.352292
0.238732
0.249558
0.290105
0.236235
0.263075
0.318704
0.239352
0.328508
0.269083
0.281845
0.306653
0.290255
0.307566
0.319302
0.260073
0.256478
0.341486
0.26488
0.305409
0.304401
0.267678
0.258329
0.320855
0.270211
0.342677
0.324112
0.339137
0.299512
0.329581
0.344777
0.29796
0.254464
0.299604
0.340411
0.153235
0.233713
0.198191
0.275578
0.185348
0.214561
0.257662
0.264932
0.365487
0.2723
0.247462
0.295672
0.225708
0.329948
0.178189
0.27164
0.229276
0.315868
0.320838
0.279457
0.376677
0.19796
0.196623
0.249497
0.350005
0.435702
0.31065
0.431761
0.455953
0.379072
0.461209
0.43278
0.265843
0.22426
0.39512
0.26406
0.303918
0.377822
0.485153
0.256273
0.466902
0.386538
0.470147
0.388689
0.318373
0.431748
0.248234
0.387821
0.252922
0.457184
0.355081
0.430596
0.129808
0.255662
0.450429
0.419127
0.384949
0.449914
0.487392
0.242347
0.4082
0.456211
0.189681
0.420767
0.185962
0.213276
0.435389
0.336759
0.489454
0.44802
0.393376
0.243888
0.286187
0.414055
0.365177
0.455047
0.203047
0.447194
0.36516
0.305388
0.355217
0.176175
0.429737
0.419132
0.241985
0.345658
0.303947
0.442785
0.38734
0.437267
0.41396
0.148665
0.440464
0.193431
0.454552
0.203633
0.302882
0.333759
0.36371
0.367246
0.456461
0.360897
0.398427
0.367674
0.341746
0.454682
0.461518
0.391028
0.193341
0.239158
0.442464
0.252332
0.200949
0.344041
0.403149
0.429273
0.242305
0.413135
0.351729
0.389048
0.454717
0.203214
0.436522
0.248829
0.276855
0.242585
0.366212
0.369577
0.455637
0.388631
0.233033
0.315042
0.447622
0.42029
0.410914
0.374923
0.328943
0.453712
0.197372
0.390262
0.202834
0.393243
0.430649
0.417498
0.362163
0.329429
0.409808
0.250235
0.151671
0.442858
0.314407
0.350108
0.33345
0.21424
0.451604
0.386965
0.421288
0.204641
0.356842
0.390024
0.318785
0.438028
0.403851
0.375386
0.423878
0.371454
0.445868
0.387
0.205832
0.125765
0.339064
0.469705
0.382653
0.414993
0.242968
0.174818
0.253681
0.414218
0.130695
0.391551
0.366628
0.380925
0.419214
0.376597
0.193116
0.312893
0.3693
0.351201
0.319336
0.416124
0.218007
0.442249
0.454492
0.342226
0.388306
0.252837
0.444058
0.30151
0.271113
0.35239
0.430473
0.228943
0.330867
0.348397
0.209903
0.369142
0.466037
0.212779
0.432433
0.377357
0.428182
0.390545
0.417373
0.2378
0.136592
0.403321
0.41588
0.353302
0.349472
0.4204
0.416021
0.431301
0.367248
0.244966
0.359717
0.40448
0.336919
0.337375
0.295642
0.206305
0.411283
0.425688
0.359462
0.204363
0.357859
0.409418
0.4208
0.477134
0.464817
0.451077
0.283684
0.234201
0.414089
0.325207
0.404758
0.225675
0.351803
0.416973
0.379079
0.451783
0.454714
0.387558
0.40524
0.374786
0.378689
0.357293
0.276509
0.246332
0.292291
0.437265
0.39587
0.438184
0.448079
0.489307
0.470945
0.455581
0.404434
0.429984
0.209072
0.413602
0.249522
0.303484
0.461493
0.145625
0.273627
0.32155
0.382138
0.378214
0.277706
0.391571
0.288932
0.457814
0.326369
0.331452
0.364424
0.417989
0.3663
0.356889
0.240882
0.358749
0.341149
0.410657
0.439761
0.290785
0.449967
0.355311
0.341328
0.316541
0.318547
0.328087
0.439111
0.316472
0.225792
0.416521
0.411505
0.447002
0.387505
0.428164
0.454348
0.412327
0.441407
0.217134
0.462059
0.368219
0.353829
0.438858
0.371679
0.258715
0.40105
0.398173
0.445786
0.456783
0.316203
0.125942
0.416979
0.489461
0.293558
0.350526
0.320095
0.32599
0.329742
0.339258
0.203349
0.278922
0.301534
0.171329
0.104182
0.375748
0.318406
0.33518
0.26483
0.299757
0.20251
0.326975
0.310908
0.252904
0.32
0.339035
0.221539
0.386636
0.357047
0.24554
0.255216
0.25386
0.269959
0.322249
0.264272
0.227418
0.209648
0.268388
0.278963
0.285707
0.244308
0.288281
0.29524
0.206757
0.324077
0.230344
0.272063
0.229264
0.245049
0.323901
0.308241
0.177683
0.284995
0.323268
0.332445
0.146612
0.323018
0.319477
0.330753
0.298821
0.203271
0.329761
0.29911
0.213549
0.375273
0.291159
0.184502
0.0548057
0.290708
0.308713
0.313762
0.35902
0.317897
0.170463
0.350828
0.333657
0.252048
0.333135
0.331693
0.371974
0.299396
0.329864
0.265676
0.289384
0.307331
0.242803
0.351347
0.345652
0.319419
0.315637
0.28056
0.244748
0.306335
0.338818
0.273151
0.112336
0.351075
0.25969
0.304935
0.330197
0.212614
0.283618
0.285391
0.301435
0.128186
0.15253
0.265678
0.351392
0.245923
0.276211
0.295145
0.197196
0.336109
0.35552
0.34572
0.341386
0.324798
0.317116
0.343834
0.360339
0.303506
0.345898
0.331463
0.144444
0.317715
0.311585
0.352745
0.286001
0.331977
0.291972
0.315968
0.299689
0.279281
0.299679
0.31636
0.188579
0.289988
0.173542
0.319126
0.309123
0.139987
0.203795
0.29058
0.26583
0.263654
0.269959
0.326312
0.258425
0.182516
0.214294
0.341827
0.314915
0.15706
0.279872
0.326914
0.368566
0.327656
0.31567
0.342833
0.340102
0.336046
0.371031
0.243739
0.250005
0.187362
0.295334
0.211993
0.334592
0.340415
0.313182
0.263228
0.314781
0.337826
0.194262
0.295474
0.355263
0.254096
0.230608
0.269636
0.308051
0.263379
0.305126
0.266945
0.349404
0.316091
0.233832
0.229884
0.321011
0.329753
0.328484
0.319655
0.334697
0.308567
0.265086
0.16543
0.140328
0.0573168
0.250548
0.288088
0.206975
0.151343
0.324549
0.283704
0.248491
0.317976
0.357757
0.284806
0.282737
0.376528
0.379867
0.290712
0.311343
0.269734
0.0963992
0.35542
0.219312
0.367864
0.279827
0.336333
0.115249
0.335793
0.340844
0.333539
0.183099
0.310425
0.295805
0.147354
0.2967
0.339655
0.304042
0.330905
0.333736
0.310606
0.209427
0.262526
0.322318
0.279928
0.277638
0.289031
0.138211
0.289782
0.136018
0.348405
0.347994
0.339341
0.313499
0.171911
0.26861
0.148528
0.331466
0.167082
0.216769
0.304126
0.340833
0.327507
0.223406
0.318623
0.215906
0.252517
0.322651
0.340754
0.34021
0.241807
0.235259
0.335853
0.205755
0.166122
0.305936
0.353151
0.267618
0.28239
0.277784
0.302015
0.267966
0.327603
0.318802
0.314203
0.325924
0.344818
0.254882
0.280251
0.339074
0.221836
0.332388
0.30262
0.307264
0.346935
0.3181
0.327834
0.350195
0.288088
0.342341
0.154994
0.270902
0.327108
0.271562
0.31599
0.260965
0.274412
0.317659
0.23345
0.330799
0.270513
0.300316
0.298993
0.440211
0.20336
0.173638
0.176234
0.327841
0.210367
0.161429
0.221492
0.229695
0.176795
0.395253
0.197587
0.294862
0.231185
0.355937
0.231115
0.149498
0.105965
0.240173
0.16992
0.239835
0.297918
0.381089
0.382303
0.406742
0.220619
0.252827
0.340845
0.159372
0.324987
0.240287
0.289756
0.124486
0.415933
0.250052
0.410851
0.33478
0.383263
0.242699
0.232955
0.187279
0.192637
0.219986
0.228045
0.409981
0.415162
0.381991
0.16431
0.219883
0.20066
0.192187
0.311452
0.226597
0.148667
0.20722
0.295237
0.238249
0.10086
0.38955
0.141669
0.396204
0.187527
0.413871
0.33061
0.148853
0.397796
0.254424
0.361474
0.333916
0.348235
0.206157
0.264772
0.223658
0.309604
0.338497
0.232511
0.296865
0.291692
0.413205
0.299541
0.273693
0.435223
0.306234
0.233691
0.232167
0.410791
0.363817
0.321504
0.137443
0.393369
0.141268
0.269539
0.203143
0.400657
0.3032
0.279209
0.229707
0.303191
0.17749
0.31155
0.199874
0.171923
0.191028
0.229243
0.200837
0.215754
0.192542
0.114447
0.394849
0.225658
0.304153
0.347048
0.2515
0.234445
0.22011
0.329453
0.206968
0.287107
0.215194
0.160528
0.308524
0.208243
0.194428
0.378088
0.267122
0.31106
0.26142
0.174574
0.279488
0.241101
0.185295
0.335845
0.233793
0.337973
0.240404
0.149508
0.35656
0.249551
0.334807
0.231714
0.236997
0.341215
0.136432
0.148684
0.225103
0.332766
0.301741
0.231354
0.117602
0.350543
0.208818
0.317302
0.254237
0.131509
0.156609
0.308627
0.269162
0.113659
0.304269
0.174178
0.269965
0.324765
0.271672
0.206454
0.270457
0.351156
0.230446
0.260262
0.229234
0.240583
0.366224
0.180976
0.362948
0.108653
0.197104
0.237481
0.197354
0.242635
0.202039
0.245158
0.284421
0.227897
0.261205
0.374273
0.355158
0.233902
0.176509
0.200705
0.20027
0.147683
0.11909
0.297788
0.217318
0.150981
0.219807
0.211906
0.225953
0.155193
0.29883
0.276561
0.275094
0.319446
0.368151
0.413087
0.231509
0.220496
0.290463
0.272358
0.326373
0.113343
0.414457
0.324707
0.41883
0.349012
0.306478
0.33018
0.215358
0.224258
0.217774
0.231168
0.24261
0.262717
0.223322
0.155235
0.22496
0.419235
0.228154
0.372275
0.26112
0.319281
0.278627
0.304974
0.389049
0.132517
0.216235
0.393659
0.223213
0.324334
0.318565
0.244056
0.226653
0.245844
0.147121
0.144732
0.367289
0.254561
0.192304
0.260305
0.225008
0.40986
0.235982
0.338562
0.196703
0.175189
0.280395
0.2492
0.33222
0.241395
0.23302
0.201933
0.326351
0.218802
0.208792
0.423257
0.252744
0.11983
0.23026
0.313781
0.316307
0.204747
0.224012
0.280743
0.272756
0.219226
0.253932
0.297992
0.234414
0.219961
0.404451
0.29753
0.342029
0.213884
0.34694
0.4143
0.254366
0.404377
0.379804
0.220949
0.194227
0.14061
0.212578
0.2574
0.296569
0.217481
0.206548
0.157616
0.315948
0.234458
0.258048
0.166759
0.135093
0.466255
0.432711
0.487225
0.396083
0.405129
0.438008
0.460846
0.477325
0.415771
0.418998
0.343444
0.139151
0.349926
0.341647
0.457095
0.386143
0.414488
0.320483
0.434107
0.389769
0.186692
0.366897
0.36349
0.499929
0.42448
0.414047
0.383502
0.438025
0.370247
0.475543
0.494397
0.482076
0.396319
0.305351
0.3911
0.466211
0.49746
0.451285
0.409569
0.468031
0.360921
0.360921
0.437493
0.389525
0.209021
0.444203
0.380697
0.396196
0.372216
0.389441
0.435778
0.47619
0.450477
0.404501
0.386164
0.308704
0.433602
0.421839
0.343449
0.372216
0.128916
0.404507
0.355192
0.286504
0.342219
0.198469
0.351979
0.310929
0.313216
0.339764
0.452589
0.443406
0.375775
0.340468
0.424138
0.386641
0.424138
0.358402
0.38753
0.431298
0.306792
0.408533
0.442647
0.422077
0.396492
0.444789
0.351477
0.426693
0.282727
0.317398
0.405201
0.343148
0.361388
0.437252
0.353533
0.437393
0.446857
0.401215
0.174387
0.412003
0.475629
0.353194
0.419141
0.37825
0.388237
0.380338
0.447998
0.510112
0.393011
0.286348
0.357439
0.451851
0.38729
0.435199
0.306792
0.461085
0.352907
0.469882
0.323039
0.396745
0.363576
0.217302
0.376942
0.357404
0.282136
0.202633
0.269543
0.418689
0.415392
0.31432
0.416783
0.509344
0.40133
0.330468
0.466703
0.421132
0.408602
0.446594
0.437433
0.357404
0.366897
0.437897
0.386164
0.442381
0.411441
0.360761
0.368045
0.444789
0.465015
0.499243
0.414488
0.429353
0.429695
0.306442
0.169891
0.409439
0.352984
0.369243
0.475976
0.349855
0.492442
0.385338
0.447595
0.388237
0.484421
0.44807
0.437493
0.40486
0.456919
0.169891
0.445347
0.379136
0.470946
0.455528
0.346592
0.382081
0.346542
0.404346
0.537646
0.282727
0.524122
0.419141
0.494211
0.24621
0.419271
0.454427
0.455298
0.433678
0.393688
0.453191
0.414583
0.434454
0.457989
0.446615
0.441209
0.431357
0.403836
0.322924
0.337304
0.435857
0.417789
0.475078
0.23064
0.393579
0.198693
0.345097
0.37939
0.43007
0.400084
0.370636
0.413055
0.340484
0.493148
0.375694
0.44554
0.444733
0.4976
0.434713
0.421406
0.313632
0.445898
0.44127
0.447595
0.357556
0.471738
0.431529
0.361388
0.43548
0.401955
0.351477
0.512135
0.443152
0.425854
0.350843
0.193178
0.273492
0.262651
0.342546
0.314755
0.401955
0.325413
0.426693
0.405266
0.453558
0.393808
0.427045
0.503021
0.376156
0.278517
0.244002
0.479222
0.423032
0.360655
0.397947
0.340468
0.404428
0.355315
0.397947
0.396855
0.39456
0.400544
0.493321
0.32681
0.442708
0.443818
0.334133
0.471235
0.47064
0.310929
0.401558
0.408696
0.399991
0.37865
0.409723
0.418998
0.399833
0.496725
0.346737
0.431298
0.467717
0.360761
0.365087
0.405266
0.443952
0.4995
0.353257
0.45466
0.400544
0.322877
0.480415
0.361572
0.174387
0.487572
0.411619
0.376988
0.39456
0.509674
0.343659
0.312458
0.198693
0.37868
0.416778
0.0975542
0.0773739
0.139261
0.0825692
0.0694673
0.114682
0.136198
0.0834506
0.0946963
0.105883
0.201909
0.174138
0.084335
0.11614
0.126914
0.0531668
0.222212
0.112904
0.188115
0.0642941
0.0944833
0.0864987
0.183616
0.169756
0.0793946
0.106184
0.126716
0.137697
0.0634739
0.18798
0.0648324
0.0839452
0.143224
0.0553944
0.0726003
0.0723887
0.228866
0.071008
0.179372
0.0417895
0.0500771
0.0750592
0.110319
0.104508
0.117653
0.0642612
0.0844932
0.0958753
0.102333
0.122149
0.0882645
0.116668
0.0470387
0.120275
0.0513737
0.0631847
0.0571525
0.0924359
0.0974137
0.111718
0.0627485
0.120691
0.0490583
0.0982476
0.0837884
0.0573543
0.202077
0.0857343
0.217304
0.152997
0.157833
0.125982
0.177097
0.219854
0.0619026
0.293777
0.158089
0.0890638
0.161859
0.129467
0.0394329
0.243827
0.0820733
0.0799462
0.219576
0.18524
0.0526789
0.125747
0.0660759
0.131948
0.0664624
0.0778185
0.127472
0.116705
0.0835111
0.0683783
0.12288
0.0534387
0.0800418
0.124741
0.060982
0.0518287
0.199707
0.083112
0.0768525
0.096105
0.116006
0.0655285
0.130564
0.0644129
0.116185
0.0528777
0.0750164
0.104516
0.0249695
0.0642547
0.158465
0.0898957
0.192868
0.123167
0.0701112
0.165089
0.0408462
0.0513427
0.0623677
0.0283279
0.341331
0.0704047
0.198384
0.0823153
0.0834977
0.131573
0.13216
0.0835277
0.109312
0.186855
0.117108
0.197155
0.141485
0.144542
0.0488046
0.0779988
0.149862
0.0655934
0.112037
0.0699029
0.112496
0.0645059
0.0608376
0.0624916
0.0631616
0.074565
0.096247
0.227327
0.0800517
0.113224
0.19444
0.072393
0.0963217
0.102673
0.144914
0.202436
0.103126
0.0708809
0.0536299
0.106006
0.0782815
0.198142
0.0425549
0.152371
0.049894
0.079049
0.260479
0.176192
0.172752
0.103527
0.072685
0.0776379
0.0845968
0.072665
0.0578927
0.142981
0.0739781
0.0502089
0.105167
0.075288
0.0721732
0.110279
0.0749258
0.0783946
0.161505
0.141379
0.151302
0.148613
0.0667311
0.0695774
0.111819
0.127889
0.0631223
0.0574019
0.0688982
0.0951184
0.134132
0.0257012
0.115845
0.0583211
0.0246518
0.04856
0.085808
0.189273
0.0342327
0.15766
0.14074
0.139316
0.26459
0.0721885
0.0570652
0.122397
0.0715985
0.122772
0.0436164
0.0953181
0.0596449
0.0838033
0.114001
0.0762308
0.148867
0.186812
0.0503527
0.221923
0.17804
0.107777
0.140865
0.0525061
0.0759171
0.168544
0.133052
0.202985
0.0930916
0.101322
0.0705248
0.0998722
0.0777277
0.255005
0.0956553
0.0799258
0.149212
0.137678
0.11996
0.102494
0.0649539
0.082115
0.114962
0.0769216
0.0966293
0.149816
0.263559
0.135822
0.0766431
0.201944
0.161488
0.0582302
0.276931
0.169895
0.153779
0.0357611
0.185627
0.110329
0.158865
0.0915963
0.0666926
0.0934165
0.0634318
0.148595
0.078303
0.0664758
0.0793656
0.106942
0.0771717
0.0865517
0.150325
0.0377796
0.0865623
0.0618857
0.118027
0.0873342
0.0538271
0.0965763
0.115739
0.129162
0.138704
0.0942064
0.0996938
0.147173
0.160465
0.121889
0.124556
0.0875493
0.170947
0.0898976
0.0728607
0.079932
0.0683273
0.0904441
0.0524156
0.103522
0.0955609
0.0774803
0.131683
0.103521
0.0847781
0.0867266
0.102969
0.0438845
0.1828
0.112245
0.155014
0.0703707
0.152308
0.0892873
0.0452122
0.0515864
0.0947883
0.115627
0.0883412
0.133308
0.114626
0.122823
0.100994
0.0866502
0.051572
0.0437133
0.0673961
0.080635
0.066383
0.153591
0.0828978
0.203532
0.0956551
0.0382716
0.178584
0.0430982
0.169986
0.121447
0.149681
0.0460394
0.127529
0.123953
0.109114
0.0815031
0.0972669
0.0673958
0.106774
0.120495
0.0797833
0.277549
0.0603829
0.220281
0.106315
0.0294512
0.0835395
0.0789765
0.12561
0.0520622
0.0699139
0.0554348
0.238875
0.0410814
0.0943009
0.0691822
0.146512
0.143872
0.0715158
0.0988597
0.0994968
0.114107
0.0667328
0.0289014
0.0690664
0.226872
0.115859
0.0986507
0.0743953
0.21522
0.15327
0.13616
0.163204
0.0886185
0.133816
0.058962
0.139277
0.141987
0.216922
0.0709515
0.0867251
0.127942
0.0766465
0.0963066
0.039102
0.0554348
0.061293
0.0570213
0.0881319
0.188907
0.0539995
0.0693737
0.118486
0.155063
0.118986
0.0921922
0.0976126
0.0760253
0.0978092
0.142367
0.0253577
0.112969
0.100754
0.202197
0.115641
0.128324
0.0409685
0.0700437
0.0852843
0.129855
0.0462954
0.165134
0.0769038
0.288178
0.109635
0.11855
0.104952
0.209697
0.0580352
0.162641
0.0688742
0.102378
0.0814074
0.119259
0.0518521
0.059181
0.136196
0.127148
0.136376
0.0964391
0.0394055
0.0859671
0.0914894
0.056558
0.0744929
0.113335
0.0826945
0.13966
0.101255
0.20546
0.133922
0.0680383
0.260258
0.0378495
0.0851944
0.0620653
0.132619
0.119321
0.0558254
0.11133
0.0874947
0.0815953
0.239364
0.140334
0.105756
0.0888728
0.111326
0.108395
0.0800556
0.0607999
0.233218
0.0704242
0.103731
0.168646
0.20672
0.133327
0.11781
0.049429
0.0404249
0.145367
0.0932972
0.0692343
0.141639
0.0823358
0.122249
0.0902103
0.144731
0.211267
0.238553
0.0460038
0.167456
0.0991238
0.0917751
0.0463705
0.147479
0.0898928
0.0574646
0.0724192
0.129207
0.0697981
0.121115
0.0999184
0.0652727
0.223994
0.145769
0.19303
0.0901234
0.165342
0.0871289
0.0877278
0.0606991
0.0472396
0.16048
0.0536118
0.0484486
0.111912
0.142954
0.120891
0.106178
0.0829617
0.268529
0.10057
0.104815
0.11912
0.17616
0.260838
0.147791
0.0887516
0.0662469
0.0710484
0.178892
0.054581
0.240221
0.133356
0.106254
0.0793509
0.111529
0.122329
0.0789263
0.0952716
0.103964
0.0483727
0.0919021
0.080456
0.173575
0.151782
0.0505208
0.10762
0.0732585
0.100945
0.113623
0.207998
0.079257
0.080401
0.108266
0.0573059
0.0434015
0.112355
0.0754321
0.0778468
0.0928431
0.113159
0.104344
0.150185
0.140252
0.0581423
0.147514
0.153018
0.0459991
0.0968887
0.27251
0.153989
0.0673604
0.0970242
0.0848582
0.09662
0.0723454
0.183912
0.106108
0.148441
0.0647
0.11169
0.146645
0.0918764
0.0874706
0.0943724
0.0883123
0.0836606
0.104915
0.0802238
0.178978
0.0732239
0.166077
0.129698
0.0526992
0.135851
0.078771
0.0771297
0.074291
0.191904
0.0644937
0.104261
0.0669702
0.103745
0.197219
0.0879901
0.0907224
0.0464559
0.0790697
0.0397536
0.0755354
0.0761468
0.183442
0.1072
0.0518686
0.109685
0.106049
0.229287
0.0340108
0.174135
0.125093
0.0653393
0.0815253
0.109375
0.0941209
0.142931
0.0975615
0.0284936
0.0868628
0.0653951
0.0778318
0.170773
0.0781615
0.0574625
0.129733
0.101387
0.0304653
0.0294227
0.0812988
0.0947832
0.0713008
0.0544471
0.116532
0.0630886
0.234098
0.14563
0.0885644
0.0607648
0.10126
0.0675561
0.0514971
0.0792938
0.150328
0.0546602
0.0488045
0.147457
0.142033
0.175949
0.0657135
0.0669224
0.181648
0.0501587
0.0422024
0.0799015
0.122758
0.0368593
0.0597469
0.0826999
0.314697
0.0695713
0.187461
0.0523799
0.0961986
0.0584555
0.092497
0.0652864
0.0845006
0.0716904
0.0716347
0.23644
0.167847
0.454215
0.122314
0.338702
0.116179
0.232806
0.159997
0.117292
0.382274
0.146969
0.163037
0.317296
0.0808886
0.173345
0.0730135
0.21618
0.223312
0.128729
0.15549
0.0565541
0.158606
0.0608936
0.38954
0.0575945
0.103612
0.114743
0.0527406
0.137404
0.0585487
0.20818
0.369974
0.0731697
0.195133
0.34233
0.232963
0.114883
0.241958
0.217255
0.219767
0.169595
0.216425
0.0654162
0.0682345
0.122088
0.107406
0.195482
0.374812
0.232672
0.157132
0.242631
0.187661
0.124036
0.166723
0.144359
0.275072
0.162997
0.131809
0.125231
0.207164
0.211805
0.110786
0.154488
0.144545
0.147606
0.161783
0.0642127
0.159867
0.375545
0.250255
0.25751
0.0940653
0.152705
0.110382
0.162872
0.27146
0.17313
0.199658
0.0772396
0.238887
0.191064
0.13135
0.100293
0.14087
0.0547606
0.297751
0.154564
0.0709078
0.111169
0.0929117
0.324013
0.309165
0.104958
0.0907179
0.19479
0.0613566
0.156686
0.335501
0.166137
0.217656
0.223599
0.0571492
0.0351148
0.227645
0.124222
0.183864
0.0514705
0.176756
0.0851729
0.150587
0.32421
0.14619
0.129859
0.103665
0.276866
0.252662
0.125591
0.156569
0.219685
0.167593
0.258737
0.182909
0.0432266
0.038363
0.258105
0.337162
0.106304
0.133007
0.0908955
0.0831802
0.354521
0.134462
0.0491604
0.0879164
0.0978085
0.162525
0.230576
0.0692324
0.106091
0.350612
0.182041
0.353792
0.0620053
0.455832
0.203712
0.283897
0.172927
0.154157
0.33672
0.235199
0.121612
0.146351
0.332777
0.165721
0.321512
0.214564
0.147424
0.278323
0.0490664
0.381142
0.318864
0.113355
0.100751
0.0752288
0.123244
0.0423143
0.0612189
0.152923
0.415995
0.148925
0.0830075
0.0607106
0.203723
0.0785582
0.136281
0.362232
0.0833052
0.159632
0.268226
0.0459644
0.110617
0.0732904
0.20913
0.0718552
0.180614
0.27907
0.238827
0.251662
0.160141
0.206372
0.223015
0.139886
0.304855
0.0843768
0.106708
0.0419573
0.173384
0.278395
0.117525
0.309853
0.0784654
0.142446
0.185141
0.228904
0.0588316
0.193772
0.138059
0.0378419
0.277044
0.152355
0.124084
0.0766652
0.382834
0.0553473
0.151272
0.307246
0.199702
0.127954
0.122535
0.0499733
0.15456
0.109265
0.0894349
0.324945
0.167244
0.361233
0.192803
0.18949
0.151011
0.0898629
0.154053
0.0903382
0.1262
0.0960163
0.166727
0.30923
0.0550158
0.408922
0.0655357
0.0841697
0.251597
0.238628
0.131661
0.142218
0.180543
0.121641
0.249208
0.206777
0.292415
0.107942
0.243264
0.191848
0.411368
0.342826
0.0811334
0.122919
0.170748
0.374581
0.232972
0.313153
0.218016
0.0502326
0.183919
0.105703
0.148361
0.362416
0.141387
0.175478
0.203981
0.0436963
0.290949
0.236099
0.11122
0.139828
0.269327
0.314305
0.080313
0.154212
0.311599
0.109888
0.169374
0.294858
0.0937694
0.400042
0.130441
0.309045
0.159995
0.176793
0.0787752
0.245304
0.275184
0.103486
0.171476
0.0263224
0.107518
0.0306775
0.0509782
0.0638389
0.0861959
0.0964571
0.109447
0.331998
0.0542404
0.0816513
0.126286
0.116645
0.0514824
0.0329506
0.27922
0.0749372
0.180225
0.0762817
0.138082
0.0863311
0.109816
0.105796
0.3945
0.0511117
0.288786
0.211499
0.284572
0.106737
0.0491075
0.118135
0.083676
0.102604
0.198442
0.101939
0.273653
0.0540861
0.142092
0.182845
0.130012
0.176892
0.157581
0.185732
0.167271
0.303827
0.451515
0.12465
0.0839751
0.148365
0.340737
0.283967
0.126873
0.218087
0.0640422
0.0408828
0.127866
0.294997
0.322288
0.348112
0.102429
0.180466
0.0540684
0.111748
0.267582
0.166327
0.426238
0.0672316
0.195659
0.120904
0.112311
0.0726606
0.173553
0.0419105
0.340962
0.345941
0.210771
0.342068
0.0677955
0.244793
0.257618
0.154537
0.249395
0.398054
0.365089
0.128491
0.164365
0.23706
0.316656
0.12485
0.0797326
0.049858
0.117991
0.32814
0.0978781
0.29697
0.170783
0.0915152
0.090843
0.154544
0.24973
0.11706
0.131833
0.145436
0.152805
0.159501
0.0669456
0.114952
0.143789
0.0465796
0.195409
0.196294
0.128745
0.0728173
0.149652
0.109042
0.186345
0.0471105
0.159217
0.100197
0.0787267
0.0460494
0.184335
0.0801656
0.0933816
0.31589
0.15671
0.164602
0.250038
0.0642585
0.123697
0.137161
0.228583
0.134792
0.231207
0.343343
0.0866037
0.034463
0.200187
0.109315
0.138231
0.141601
0.380755
0.0416747
0.192896
0.359387
0.21059
0.176364
0.268969
0.0866321
0.0980273
0.431011
0.303616
0.0548319
0.133487
0.377163
0.112938
0.266011
0.132552
0.037385
0.301126
0.0566578
0.0823028
0.0416739
0.240846
0.0936841
0.128866
0.262694
0.140988
0.0494015
0.0510098
0.27843
0.195246
0.0829538
0.183892
0.213114
0.170071
0.300498
0.157493
0.0280042
0.147833
0.107574
0.0714047
0.105953
0.306065
0.0429178
0.124617
0.052732
0.136466
0.158601
0.192608
0.104029
0.345079
0.261259
0.198254
0.0535154
0.134726
0.252397
0.302434
0.0893186
0.21712
0.260717
0.193083
0.164713
0.0761961
0.0951145
0.120281
0.176408
0.119634
0.295863
0.0586308
0.208827
0.233206
0.0845447
0.150759
0.212512
0.136745
0.118689
0.144514
0.312385
0.0769445
0.205382
0.117606
0.20363
0.178365
0.126028
0.208444
0.126914
0.262667
0.113142
0.0803781
0.326691
0.158389
0.0821879
0.109168
0.19275
0.0771214
0.329776
0.203014
0.307837
0.156612
0.206352
0.119054
0.0605745
0.166655
0.160896
0.224052
0.11281
0.085358
0.247782
0.157628
0.0902384
0.0707018
0.151551
0.107999
0.184908
0.309689
0.048719
0.0407993
0.319336
0.324261
0.155516
0.110489
0.0427145
0.101979
0.097618
0.161663
0.269778
0.323949
0.14268
0.0907579
0.227249
0.0538372
0.11783
0.178157
0.172331
0.335459
0.0353137
0.260232
0.0854914
0.124196
0.135475
0.0895485
0.348967
0.419037
0.183688
0.277254
0.0451953
0.411567
0.0758437
0.195097
0.127081
0.362439
0.317262
0.149879
0.0578195
0.125629
0.0988407
0.163613
0.268479
0.144455
0.231877
0.106837
0.149438
0.209819
0.10873
0.132775
0.327307
0.291216
0.275549
0.256761
0.31718
0.357788
0.142409
0.113046
0.17037
0.0556798
0.060467
0.226499
0.0388764
0.276723
0.42321
0.135256
0.171281
0.364425
0.267921
0.0814073
0.214872
0.264457
0.11513
0.333013
0.277293
0.258116
0.2007
0.170694
0.143812
0.179215
0.105062
0.152562
0.260367
0.250921
0.177206
0.0774415
0.135182
0.113646
0.110589
0.134887
0.0693233
0.159991
0.262457
0.283216
0.0971666
0.365465
0.172179
0.129025
0.0691671
0.145489
0.330709
0.0805535
0.205868
0.195516
0.109118
0.28293
0.255345
0.416248
0.0935195
0.297215
0.130709
0.121244
0.199611
0.156961
0.164059
0.0530328
0.0967552
0.270874
0.0439092
0.0438894
0.162191
0.131625
0.161859
0.208159
0.101985
0.100109
0.0365137
0.222842
0.17884
0.098825
0.0811596
0.173636
0.271085
0.18845
0.0935677
0.238221
0.0844632
0.146873
0.0624683
0.0881589
0.121798
0.0533539
0.102945
0.118492
0.179179
0.254924
0.0706703
0.178835
0.249988
0.10525
0.0908076
0.133285
0.184804
0.268054
0.138667
0.047832
0.113562
0.157885
0.124485
0.0913386
0.307784
0.0705914
0.291524
0.0696339
0.0788152
0.171259
0.197924
0.068867
0.205181
0.104135
0.189958
0.182782
0.201861
0.103376
0.10105
0.210633
0.22771
0.164056
0.19987
0.0729294
0.116067
0.243782
0.176957
0.207613
0.109803
0.0970734
0.180591
0.0989098
0.180853
0.151936
0.174445
0.12079
0.171537
0.194534
0.243331
0.114657
0.248367
0.1362
0.194158
0.040289
0.158773
0.294774
0.20586
0.203787
0.107218
0.224792
0.125383
0.118024
0.101908
0.143781
0.143124
0.211491
0.261894
0.172513
0.185393
0.165846
0.126429
0.0991462
0.12917
0.0814652
0.273966
0.308961
0.149582
0.10965
0.135187
0.0589356
0.185082
0.115853
0.165251
0.0763901
0.110254
0.140738
0.136838
0.313031
0.119912
0.110725
0.0843883
0.245849
0.12423
0.175136
0.171436
0.0557982
0.0507174
0.193749
0.0752234
0.113205
0.19895
0.177516
0.163398
0.137435
0.134541
0.213629
0.153455
0.20351
0.217119
0.201173
0.230255
0.15655
0.168352
0.254415
0.256314
0.1285
0.0955508
0.0649755
0.0887409
0.0897339
0.0976535
0.0993441
0.0586075
0.0893865
0.168931
0.0390756
0.20868
0.164692
0.0746891
0.0819853
0.0838715
0.162493
0.0851198
0.237477
0.14674
0.127619
0.248602
0.136365
0.190237
0.159443
0.19196
0.154377
0.110036
0.114608
0.116324
0.110955
0.269816
0.150874
0.126945
0.120159
0.278041
0.211432
0.138725
0.106989
0.204628
0.0752134
0.125575
0.0764088
0.0392206
0.276554
0.187568
0.195755
0.201957
0.166432
0.109733
0.0577404
0.113047
0.123838
0.155743
0.211821
0.320477
0.126053
0.0780658
0.0948968
0.142407
0.125158
0.0660761
0.0737324
0.211909
0.0685879
0.15234
0.289441
0.0863979
0.238189
0.0594358
0.114141
0.20784
0.160091
0.030432
0.0669736
0.290356
0.160617
0.107606
0.115779
0.272122
0.170001
0.0809169
0.174703
0.15731
0.132688
0.105301
0.244108
0.184844
0.213267
0.124759
0.114329
0.098612
0.133963
0.145856
0.136634
0.144919
0.133517
0.123144
0.098765
0.094174
0.22759
0.287597
0.101073
0.0943708
0.0834275
0.222792
0.198834
0.224234
0.051522
0.102638
0.0676196
0.199339
0.176854
0.156155
0.153212
0.128315
0.150763
0.124165
0.18479
0.0613943
0.129464
0.222693
0.0691479
0.0954726
0.231243
0.050843
0.162285
0.0829376
0.106113
0.0549026
0.201132
0.0794141
0.108549
0.162181
0.172027
0.146544
0.178488
0.182407
0.0994339
0.14296
0.0423483
0.1705
0.294136
0.139195
0.152275
0.0925732
0.253082
0.0723477
0.135734
0.151316
0.152449
0.206514
0.177217
0.0543781
0.118393
0.140841
0.044069
0.0510383
0.109218
0.112169
0.0600811
0.141585
0.119045
0.307809
0.103241
0.0501387
0.20709
0.137723
0.23776
0.220391
0.289998
0.0532593
0.313407
0.20172
0.0330763
0.162662
0.0670579
0.193642
0.171803
0.262712
0.101875
0.110316
0.121516
0.267033
0.150384
0.146905
0.0349437
0.111852
0.131047
0.0774168
0.101137
0.0818347
0.171728
0.156014
0.23711
0.177483
0.150209
0.069566
0.167135
0.0974844
0.269993
0.0848942
0.0990187
0.272369
0.179853
0.206612
0.247757
0.0938868
0.19226
0.0797026
0.110873
0.14718
0.0608156
0.0744213
0.129255
0.19503
0.192787
0.101666
0.141831
0.0624014
0.188515
0.183156
0.118313
0.10517
0.14503
0.171456
0.0860833
0.187773
0.143327
0.077192
0.228482
0.232936
0.126367
0.263159
0.208877
0.159596
0.201218
0.194664
0.266994
0.260373
0.224846
0.0449821
0.209741
0.0518989
0.0993183
0.144023
0.103338
0.144567
0.16754
0.0774042
0.0919695
0.135243
0.194701
0.287546
0.0539426
0.104715
0.122275
0.0485906
0.175845
0.122762
0.250586
0.115951
0.0655775
0.234007
0.151952
0.101773
0.158819
0.157386
0.202201
0.132823
0.0741844
0.109096
0.0728306
0.113737
0.287352
0.211864
0.0379838
0.201114
0.146016
0.084305
0.209131
0.16391
0.242918
0.293282
0.111377
0.072528
0.0854728
0.0957331
0.076756
0.165599
0.0695466
0.112854
0.106683
0.101832
0.23215
0.194261
0.0940324
0.210805
0.101327
0.0374337
0.170952
0.253873
0.284227
0.0837963
0.118437
0.194007
0.174596
0.139747
0.0505359
0.106829
0.177466
0.268498
0.192902
0.197007
0.135965
0.259539
0.15995
0.0641769
0.160697
0.0929832
0.133932
0.0719841
0.162485
0.191617
0.213104
0.119841
0.165374
0.0690632
0.115804
0.054254
0.130628
0.122876
0.24439
0.0891899
0.088003
0.0839529
0.149814
0.131111
0.156562
0.197779
0.259542
0.171
0.174372
0.2614
0.139535
0.129338
0.0928989
0.224486
0.0933251
0.123175
0.160918
0.126027
0.198051
0.0965889
0.186106
0.168466
0.10999
0.102435
0.165962
0.080907
0.204458
0.0770646
0.199314
0.0867826
0.082124
0.096668
0.179945
0.103607
0.169905
0.130189
0.250099
0.160046
0.216224
0.237011
0.113131
0.128932
0.213348
0.220514
0.121383
0.174269
0.276224
0.133548
0.112958
0.117574
0.186975
0.0974724
0.20529
0.0982705
0.115463
0.15501
0.127892
0.138851
0.11174
0.0720813
0.268711
0.119284
0.109265
0.0655078
0.306598
0.131929
0.214896
0.223733
0.0623427
0.0756739
0.169316
0.248744
0.0882879
0.08663
0.197885
0.124462
0.102781
0.12502
0.0638195
0.107762
0.130865
0.301858
0.108127
0.189673
0.0704337
0.0905261
0.080707
0.211921
0.0772926
0.116553
0.0892557
0.0841455
0.151656
0.17012
0.072836
0.0588312
0.11254
0.153945
0.19857
0.194981
0.142214
0.124505
0.0690373
0.0959003
0.0550928
0.103216
0.209633
0.13608
0.1319
0.123886
0.156975
0.203127
0.0872051
0.183749
0.187345
0.255138
0.0757867
0.102681
0.161749
0.0927982
0.146007
0.181417
0.142104
0.23454
0.144167
0.226558
0.0907892
0.141743
0.117526
0.230563
0.197977
0.104365
0.170636
0.190795
0.096133
0.248786
0.0898574
0.181185
0.109531
0.127892
0.0909597
0.106715
0.143219
0.137796
0.214944
0.199113
0.0710674
0.124911
0.279541
0.109666
0.129786
0.0837082
0.13312
0.248051
0.112817
0.170726
0.0980812
0.0843767
0.234489
0.170536
0.073999
0.0782772
0.162549
0.0387632
0.152017
0.128442
0.139553
0.246151
0.190202
0.202416
0.316719
0.157099
0.247001
0.170403
0.093059
0.111891
0.103317
0.136845
0.280591
0.0488027
0.0761679
0.113949
0.276767
0.134363
0.117293
0.119741
0.0652427
0.213978
0.309998
0.143528
0.130519
0.145148
0.071185
0.0464557
0.177198
0.140168
0.0668036
0.0761103
0.0594191
0.0867017
0.208908
0.187298
0.165953
0.0846472
0.191799
0.126413
0.104174
0.0706757
0.125793
0.131207
0.133167
0.104368
0.0689651
0.118996
0.0699598
0.0978738
0.11406
0.161337
0.0582421
0.0947988
0.115094
0.115481
0.16764
0.0937613
0.128897
0.10061
0.113358
0.162005
0.159821
0.158207
0.187439
0.18058
0.0929426
0.125475
0.0896273
0.110592
0.0676905
0.168889
0.137643
0.126704
0.128674
0.045895
0.0854859
0.0620958
0.0714225
0.0602368
0.057565
0.109893
0.0804418
0.0796515
0.132986
0.116245
0.154509
0.0872449
0.15449
0.089463
0.0597266
0.0520627
0.0312486
0.0948349
0.0847512
0.131807
0.165025
0.139736
0.0594395
0.154718
0.2602
0.221219
0.0698474
0.143905
0.191293
0.0946184
0.0672746
0.0457555
0.186785
0.207214
0.109222
0.125659
0.0740286
0.0988052
0.120231
0.142926
0.0547941
0.104013
0.0499568
0.133288
0.11405
0.141919
0.0631121
0.0841462
0.116025
0.189941
0.0894296
0.198529
0.103887
0.206975
0.0886951
0.145402
0.0659151
0.0910584
0.0754845
0.0558086
0.0439435
0.0982922
0.189136
0.0764391
0.138525
0.0994121
0.108321
0.111617
0.0869205
0.090632
0.107419
0.0617174
0.0797155
0.113844
0.135956
0.16393
0.125527
0.0728814
0.114024
0.179912
0.115911
0.0786672
0.159965
0.0305973
0.167908
0.111916
0.0569123
0.0295878
0.123995
0.111736
0.152985
0.0853048
0.0802198
0.0442832
0.18184
0.152316
0.122559
0.135248
0.066393
0.110841
0.0810464
0.155507
0.0837997
0.109649
0.173265
0.151431
0.0534946
0.0497716
0.100657
0.142572
0.0727171
0.138246
0.0930294
0.0959303
0.147009
0.0606018
0.11973
0.131218
0.145278
0.0989689
0.0666832
0.100905
0.0487515
0.110217
0.0410679
0.123838
0.153308
0.0759671
0.0930829
0.147402
0.0846008
0.169241
0.117515
0.0953147
0.136408
0.0795838
0.0872564
0.067632
0.127251
0.163279
0.107963
0.0798977
0.0822179
0.157129
0.216303
0.150558
0.0550881
0.10628
0.0649349
0.0915302
0.139235
0.20434
0.136694
0.19249
0.124268
0.120872
0.118741
0.102265
0.162833
0.0926499
0.148404
0.172114
0.217405
0.0505544
0.185965
0.174742
0.155882
0.103259
0.160901
0.200422
0.176032
0.086941
0.0919174
0.0646218
0.157562
0.233769
0.0983817
0.0640515
0.079986
0.0734315
0.159701
0.0749555
0.226375
0.0518561
0.0626079
0.0988318
0.129924
0.112822
0.0723635
0.16192
0.191028
0.180775
0.0968463
0.138775
0.0930905
0.0617684
0.0891598
0.079555
0.210271
0.0967564
0.112067
0.217882
0.0565529
0.101746
0.112427
0.0763518
0.16664
0.108464
0.10209
0.0543715
0.16572
0.121715
0.0669849
0.249679
0.0779012
0.0806519
0.171553
0.0699317
0.205057
0.12775
0.0863056
0.189236
0.0993237
0.109414
0.183226
0.0487596
0.198696
0.134042
0.0998111
0.0578996
0.198054
0.118503
0.0764642
0.104133
0.124541
0.0714523
0.115466
0.0982058
0.0925885
0.121256
0.202507
0.220092
0.068171
0.0956482
0.217847
0.130635
0.176374
0.1555
0.193958
0.0325527
0.235186
0.0897734
0.0451776
0.0830805
0.0884455
0.10343
0.128029
0.200021
0.242033
0.18512
0.117217
0.174691
0.164789
0.20501
0.155588
0.188348
0.0460998
0.107557
0.0369071
0.149743
0.0485961
0.128064
0.119746
0.108024
0.0648858
0.12635
0.0843457
0.0512135
0.168958
0.14782
0.0566388
0.225223
0.0817589
0.138119
0.0886874
0.0595888
0.0592474
0.080283
0.112354
0.173822
0.204447
0.0926083
0.116978
0.134623
0.0668035
0.174019
0.15913
0.152199
0.106252
0.0727801
0.177399
0.224052
0.179427
0.0556793
0.0880817
0.123855
0.0812239
0.15403
0.148938
0.106148
0.0776864
0.108234
0.244061
0.130907
0.100958
0.12187
0.0450602
0.168042
0.113446
0.214782
0.119971
0.146545
0.123634
0.115898
0.131786
0.120851
0.208091
0.105556
0.167153
0.0895462
0.062346
0.154352
0.144046
0.129681
0.132817
0.102436
0.143974
0.0402067
0.138988
0.0468039
0.105588
0.14291
0.0574357
0.0900018
0.0592709
0.0723657
0.0984572
0.0616364
0.227763
0.0993276
0.0391319
0.140214
0.0540539
0.0681373
0.135576
0.123387
0.0709506
0.0689536
0.088966
0.0906454
0.127356
0.144101
0.215861
0.178404
0.169436
0.0741337
0.0962422
0.0758725
0.137097
0.0518605
0.0836167
0.120522
0.05603
0.0771616
0.0619097
0.0598349
0.234846
0.134913
0.130795
0.188556
0.119667
0.149259
0.101972
0.0920926
0.117645
0.0718901
0.150962
0.100549
0.115027
0.0751828
0.120719
0.0666855
0.119485
0.0974308
0.116923
0.0464377
0.0770078
0.137881
0.0621149
0.0777448
0.0923934
0.108306
0.141074
0.0609581
0.073365
0.124266
0.0453123
0.0668785
0.077259
0.0835466
0.10958
0.138584
0.120031
0.0972766
0.132605
0.09617
0.207978
0.161782
0.0997151
0.0805492
0.122312
0.0850929
0.0640038
0.0537858
0.0647125
0.0773789
0.191552
0.0944606
0.124136
0.158424
0.0689475
0.0970494
0.0775442
0.111464
0.12783
0.111138
0.0373672
0.0792914
0.0923913
0.238129
0.0895808
0.129722
0.0719489
0.138351
0.0667014
0.115032
0.077572
0.0947629
0.114056
0.0880449
0.167838
0.112117
0.0636128
0.0916124
0.141147
0.174917
0.0934265
0.144767
0.0880035
0.143293
0.142658
0.107836
0.105924
0.0385122
0.0983101
0.179859
0.202151
0.081764
0.0723044
0.1244
0.0658033
0.15175
0.0579378
0.148292
0.123343
0.0841042
0.077393
0.0591593
0.156757
0.0508823
0.124486
0.196276
0.057534
0.193143
0.114662
0.128034
0.173631
0.24187
0.152014
0.0957754
0.180957
0.19529
0.0578486
0.106478
0.149908
0.1399
0.0413049
0.1797
0.12244
0.133244
0.0761532
0.081224
0.0636513
0.16303
0.208221
0.050909
0.0853543
0.0711028
0.137661
0.168995
0.14075
0.12723
0.108276
0.0691792
0.200722
0.0932281
0.0808079
0.121441
0.149994
0.137331
0.162299
0.0882025
0.235371
0.0616961
0.0874113
0.183067
0.0847042
0.17182
0.112704
0.118387
0.0376555
0.0306147
0.12168
0.0926861
0.169381
0.174328
0.107102
0.200237
0.082119
0.0535598
0.148232
0.127238
0.0886844
0.173902
0.084886
0.0908072
0.117971
0.0665415
0.117304
0.157225
0.210044
0.149404
0.14592
0.0712731
0.14027
0.155945
0.166367
0.130254
0.142467
0.117873
0.11281
0.143268
0.115564
0.103418
0.150364
0.162366
0.0618394
0.0871518
0.172775
0.108849
0.0556025
0.151513
0.154415
0.101259
0.0719224
0.127541
0.054613
0.121451
0.0530835
0.0962408
0.132829
0.0790517
0.0879529
0.0638698
0.142973
0.117104
0.0653775
0.0225974
0.0786302
0.0989085
0.095672
0.196441
0.0623207
0.064041
0.130211
0.14982
0.220002
0.11057
0.143246
0.128534
0.10684
0.145904
0.155194
0.10303
0.0789789
0.0415233
0.0722723
0.125716
0.0769913
0.066009
0.147676
0.0955732
0.163117
0.133956
0.0918887
0.0930714
0.134056
0.094177
0.166452
0.361252
0.0809288
0.0550188
0.0271311
0.0854158
0.0390293
0.0835552
0.189534
0.102714
0.0579838
0.111444
0.0962157
0.0789826
0.0737823
0.075856
0.0733228
0.134125
0.0253361
0.0685528
0.0540392
0.126775
0.0306275
0.0878766
0.0823979
0.0441098
0.0878538
0.0379193
0.0417646
0.0434129
0.0777096
0.201003
0.109131
0.130523
0.158849
0.0455847
0.0625176
0.0689842
0.0579423
0.0438811
0.0831509
0.137163
0.265388
0.13374
0.0556055
0.149269
0.104289
0.0803008
0.0794008
0.0773579
0.134088
0.093434
0.0324077
0.0652187
0.135416
0.0909989
0.0927351
0.13319
0.0887023
0.0184376
0.165848
0.0731173
0.0486323
0.0884053
0.0261747
0.0917368
0.0953229
0.0384722
0.0734381
0.0699603
0.0556776
0.0933877
0.0349664
0.179143
0.108999
0.0590367
0.137129
0.164154
0.114599
0.0402105
0.125123
0.069651
0.049997
0.0437848
0.0627072
0.184578
0.0769155
0.0829765
0.104982
0.102665
0.0743479
0.20925
0.0754484
0.191794
0.0804948
0.0357868
0.0249211
0.136409
0.0718413
0.0543915
0.0819532
0.075803
0.041087
0.0647814
0.0515024
0.0878209
0.0736152
0.162689
0.0440995
0.0812313
0.108193
0.0899334
0.0518186
0.0814288
0.0830865
0.0828404
0.0598391
0.0593849
0.136903
0.147078
0.0292258
0.0640878
0.0402241
0.072805
0.0516861
0.0305859
0.0454524
0.0413737
0.121696
0.0493831
0.0887352
0.219218
0.0227947
0.0723042
0.0970363
0.0546848
0.226026
0.142124
0.0645032
0.0560689
0.0718398
0.0873727
0.0831083
0.066743
0.0486663
0.0801934
0.0420095
0.0590821
0.0268561
0.0507801
0.0587509
0.118685
0.0621871
0.0500392
0.0488107
0.0385169
0.117597
0.075769
0.11269
0.10409
0.0356242
0.0379939
0.179168
0.12396
0.0337989
0.0808478
0.0686725
0.113991
0.0291806
0.137063
0.163742
0.113501
0.0910902
0.0482167
0.0869313
0.0547671
0.178356
0.0620995
0.128578
0.0603241
0.241992
0.130851
0.0768896
0.038196
0.122302
0.075768
0.118228
0.0886633
0.101472
0.104062
0.085127
0.124482
0.0588551
0.189643
0.032237
0.0663814
0.0293352
0.0767625
0.0764131
0.056463
0.0437324
0.0884248
0.0810818
0.110189
0.0854732
0.156958
0.121269
0.151771
0.0653049
0.0515937
0.151958
0.12163
0.0773693
0.112581
0.0564338
0.0438446
0.200517
0.0820917
0.0763679
0.0859955
0.179078
0.0865588
0.105706
0.0999835
0.0292501
0.0660527
0.120969
0.217845
0.208284
0.0391255
0.0959308
0.0827469
0.0566013
0.174666
0.107196
0.104242
0.0482963
0.102406
0.0421257
0.182808
0.0563226
0.0391726
0.0196548
0.091996
0.0600661
0.104104
0.061144
0.0364951
0.066251
0.135533
0.0581721
0.196155
0.159491
0.04079
0.105328
0.140502
0.0681302
0.0888514
0.0241014
0.0521651
0.0840878
0.0761038
0.0958587
0.0580185
0.0880818
0.073474
0.0546182
0.143439
0.152311
0.14182
0.140351
0.071539
0.0703752
0.0781325
0.0847353
0.0757818
0.0621381
0.171092
0.143242
0.0883044
0.0672392
0.173016
0.0677719
0.161896
0.118997
0.0215674
0.0642779
0.0888047
0.122743
0.049102
0.0332811
0.0496127
0.0374754
0.0828936
0.0743321
0.114212
0.0821013
0.0402982
0.206642
0.022312
0.0714115
0.0972334
0.101615
0.118559
0.0881113
0.11308
0.0525424
0.234767
0.116265
0.0614998
0.102287
0.119354
0.131952
0.0694538
0.0862297
0.0518929
0.0335511
0.248499
0.0613973
0.101053
0.100363
0.0656178
0.0651722
0.0711285
0.11229
0.0463397
0.0361766
0.109593
0.0381496
0.0555337
0.0436437
0.105964
0.0596059
0.25199
0.0723042
0.123363
0.115203
0.0494252
0.164846
0.0642369
0.162641
0.0384512
0.11244
0.0570286
0.0347881
0.0482903
0.0741412
0.0367927
0.0211697
0.0616011
0.0283972
0.124856
0.143352
0.076972
0.0771941
0.0531348
0.113498
0.0296225
0.113291
0.0939367
0.02699
0.0362599
0.0525657
0.112896
0.0685016
0.07113
0.0697419
0.0804928
0.0450962
0.12886
0.0796426
0.0432244
0.0313564
0.0704993
0.0991397
0.130286
0.133756
0.0829556
0.1807
0.0223408
0.0826736
0.0687653
0.0388977
0.236642
0.147881
0.235879
0.0378272
0.0469289
0.0565109
0.0460811
0.107391
0.0303006
0.0698742
0.0398273
0.116232
0.0245863
0.0656091
0.103423
0.112013
0.0520591
0.121308
0.0542437
0.044288
0.0652599
0.0462628
0.0977812
0.0653346
0.101651
0.0545513
0.23778
0.150358
0.135228
0.155963
0.0645358
0.0646119
0.0959177
0.108056
0.142716
0.0354465
0.239141
0.107685
0.0638965
0.0364864
0.0628306
0.0951343
0.0359301
0.205366
0.0831267
0.109833
0.0609288
0.0246804
0.0619995
0.0571474
0.0516905
0.103136
0.0673988
0.0971854
0.0954649
0.0443329
0.129541
0.186055
0.0294521
0.064075
0.0326788
0.053186
0.0564975
0.0668153
0.0193315
0.0228148
0.0528151
0.0360611
0.035568
0.0569176
0.0821271
0.0883769
0.0704413
0.147101
0.017506
0.167804
0.0485064
0.0536722
0.0556331
0.0614585
0.0604627
0.0506204
0.0883278
0.0385236
0.0678748
0.055649
0.0581378
0.158413
0.0990854
0.211073
0.0616541
0.064144
0.0367622
0.0869224
0.133535
0.11477
0.0784606
0.0475388
0.0699422
0.162629
0.108931
0.0908533
0.0878857
0.0969529
0.0478359
0.112552
0.0506259
0.137001
0.040737
0.0357988
0.0752192
0.0637953
0.0609031
0.0641013
0.165619
0.0450564
0.0797274
0.0947301
0.0179194
0.0804292
0.147293
0.0889285
0.05643
0.0734504
0.0453869
0.112777
0.065232
0.0428196
0.163007
0.109739
0.0791532
0.127392
0.0604371
0.0669633
0.0639643
0.0926228
0.0406348
0.092524
0.125859
0.0563315
0.173046
0.0416455
0.115596
0.0498228
0.0997662
0.0196006
0.0467647
0.076647
0.0595011
0.095482
0.0564525
0.111708
0.0688646
0.0302559
0.129652
0.0948695
0.164034
0.0323594
0.0848582
0.0768591
0.159969
0.0528587
0.0478052
0.0690304
0.0854357
0.0270619
0.122513
0.0800337
0.257883
0.0490361
0.197954
0.061152
0.022334
0.0708866
0.0760188
0.0331817
0.0523198
0.110802
0.0924263
0.0849548
0.146542
0.0340782
0.103795
0.104672
0.0742506
0.124895
0.109084
0.0723466
0.0916025
0.155922
0.107562
0.0344545
0.103415
0.05222
0.158307
0.0350928
0.131824
0.116815
0.216021
0.13064
0.0892587
0.134751
0.18648
0.0670849
0.0525183
0.122507
0.208688
0.0881621
0.0793661
0.146922
0.0247128
0.0943857
0.0631052
0.0478645
0.0300609
0.0574112
0.058286
0.058279
0.0579522
0.180859
0.0315496
0.143519
0.0319475
0.0823678
0.128505
0.096301
0.0163773
0.061562
0.0892053
0.0536725
0.108645
0.0434591
0.0340405
0.0429254
0.0953015
0.0594136
0.0972421
0.0884583
0.140988
0.0297699
0.0650525
0.073541
0.0663823
0.068406
0.0706001
0.10214
0.0247176
0.0752952
0.0978863
0.0756898
0.145503
0.0394861
0.048462
0.101689
0.110128
0.114881
0.0283787
0.0695555
0.0863789
0.221855
0.0485028
0.0347531
0.223738
0.0409999
0.108982
0.0663516
0.0523124
0.20546
0.0204336
0.0546997
0.0647891
0.236139
0.0844345
0.106662
0.110926
0.0501205
0.0398859
0.0772626
0.0670435
0.0998888
0.0713114
0.0890134
0.0735574
0.160464
0.270085
0.0444353
0.0757506
0.015055
0.0486476
0.0646203
0.0489241
0.0265328
0.106543
0.0902948
0.0410128
0.462315
0.0536083
0.0673078
0.100007
0.123376
0.189633
0.0496254
0.241884
0.190825
0.141846
0.312578
0.196
0.115306
0.048353
0.0567272
0.0819696
0.152444
0.104562
0.193056
0.102682
0.124043
0.189755
0.0339441
0.144324
0.0673784
0.105443
0.160545
0.0591189
0.0506951
0.0757296
0.231765
0.0894774
0.111654
0.223447
0.125331
0.20019
0.17797
0.0989751
0.181385
0.201284
0.109437
0.197331
0.138544
0.258885
0.168704
0.115468
0.134241
0.0788932
0.0877247
0.0669991
0.0549241
0.126375
0.0795217
0.132095
0.126871
0.0804447
0.0887085
0.100192
0.10043
0.114601
0.0888518
0.149499
0.0704402
0.26176
0.168754
0.133565
0.177484
0.0511345
0.0407486
0.233857
0.238455
0.252076
0.0472597
0.0872339
0.102034
0.0704192
0.182401
0.0880316
0.101101
0.23832
0.0755227
0.147698
0.103313
0.0754437
0.0915566
0.140517
0.281469
0.0616324
0.0782968
0.0962201
0.128781
0.252074
0.0803902
0.0474009
0.102461
0.14411
0.134031
0.19031
0.0801626
0.109321
0.0741424
0.0995527
0.188401
0.155217
0.22994
0.165932
0.235506
0.21825
0.0698244
0.0348919
0.0599742
0.196104
0.105171
0.257
0.0941509
0.229153
0.0476357
0.0995678
0.174945
0.144902
0.131789
0.181009
0.122477
0.0602776
0.182396
0.12253
0.0541438
0.174304
0.0534717
0.0563885
0.120672
0.118626
0.295507
0.0826073
0.085084
0.209126
0.0453894
0.0377126
0.0808318
0.146144
0.247982
0.077241
0.0518802
0.0615297
0.0834825
0.190948
0.146905
0.194254
0.147531
0.21717
0.0639446
0.0851036
0.101197
0.0448354
0.213518
0.031374
0.0487903
0.191328
0.121575
0.151925
0.111628
0.0555041
0.0728334
0.273067
0.19426
0.114108
0.167883
0.120847
0.286725
0.0929674
0.0390665
0.25823
0.0642912
0.0672886
0.12819
0.0515514
0.177542
0.0991779
0.141765
0.178561
0.0548442
0.123478
0.0415773
0.198085
0.144208
0.077912
0.265669
0.108001
0.143333
0.146745
0.351067
0.0545783
0.100116
0.0464123
0.206253
0.146869
0.166663
0.184106
0.148581
0.045279
0.194834
0.0522718
0.205713
0.112816
0.101927
0.165684
0.138463
0.120497
0.0786392
0.0620004
0.113461
0.196325
0.10611
0.0601437
0.220478
0.094311
0.203753
0.116806
0.220821
0.0365831
0.117182
0.171659
0.0864085
0.288793
0.116911
0.170917
0.290475
0.123166
0.0508519
0.0938007
0.0837571
0.0639605
0.132715
0.0249788
0.067152
0.0846312
0.0672828
0.182517
0.104066
0.0421687
0.0828629
0.128417
0.0889958
0.179074
0.247326
0.0918327
0.11648
0.0837083
0.0908894
0.119508
0.156365
0.215214
0.0761242
0.142409
0.0851445
0.212103
0.0850371
0.0619408
0.0544935
0.0503102
0.14107
0.107148
0.238483
0.132334
0.135167
0.0768819
0.138189
0.112205
0.0900058
0.0569868
0.13644
0.0368677
0.185061
0.169297
0.0778925
0.14847
0.0786489
0.117393
0.188588
0.102618
0.0262752
0.172268
0.182062
0.0852652
0.228736
0.0917938
0.135371
0.274893
0.230045
0.106939
0.161113
0.0876689
0.122655
0.121366
0.194802
0.236513
0.0730003
0.0871383
0.0991365
0.227368
0.352404
0.160987
0.0863719
0.121053
0.113477
0.0843419
0.0485154
0.081609
0.223291
0.0639623
0.0406726
0.0553538
0.260946
0.0397463
0.0697215
0.208547
0.135473
0.151475
0.11166
0.175184
0.0578043
0.022838
0.0543689
0.0998295
0.174539
0.169477
0.0509633
0.0385316
0.103647
0.0993064
0.101772
0.0737358
0.11084
0.209523
0.0569245
0.135021
0.039437
0.109672
0.0422605
0.0716259
0.0854549
0.157993
0.135013
0.0480311
0.0972361
0.212198
0.163334
0.202673
0.248814
0.0981633
0.0748489
0.0501009
0.131196
0.0567765
0.122159
0.213247
0.094939
0.052204
0.0943058
0.0258038
0.26932
0.136749
0.260702
0.145019
0.175604
0.187756
0.149652
0.184918
0.115787
0.0788227
0.098605
0.139419
0.324402
0.0779313
0.164892
0.0786288
0.192489
0.129751
0.0928616
0.142665
0.176761
0.0791888
0.173411
0.168981
0.0759377
0.0614962
0.0808884
0.197027
0.284371
0.0629952
0.184836
0.221707
0.103322
0.032933
0.136745
0.126614
0.167421
0.199822
0.278563
0.0956214
0.0833452
0.164569
0.0964602
0.178423
0.117709
0.245469
0.101281
0.0475805
0.134249
0.104842
0.223971
0.206574
0.0909892
0.242877
0.133363
0.0461209
0.0886104
0.0779826
0.26036
0.050964
0.097002
0.215392
0.120819
0.107977
0.0888801
0.149679
0.122786
0.204672
0.1666
0.14891
0.139167
0.0530553
0.0816436
0.149819
0.120779
0.249796
0.289013
0.16272
0.19444
0.156311
0.0564324
0.172059
0.105981
0.0922811
0.0936496
0.142114
0.213501
0.239226
0.126781
0.0806402
0.121864
0.0644099
0.137287
0.126244
0.107542
0.0481287
0.0604813
0.215675
0.134167
0.105773
0.335109
0.107808
0.0516454
0.103373
0.0879097
0.0713175
0.118031
0.139862
0.0515954
0.100342
0.0612935
0.088284
0.0979875
0.0936177
0.0628764
0.211713
0.0424191
0.0785321
0.0576896
0.133472
0.052546
0.121282
0.0497859
0.0277388
0.0395012
0.051585
0.0814719
0.107009
0.16073
0.0841082
0.187496
0.0552587
0.140012
0.0900107
0.0574265
0.0923142
0.116261
0.090566
0.152759
0.133974
0.0898769
0.277107
0.196048
0.202995
0.162441
0.0837488
0.123166
0.0916807
0.077453
0.0502788
0.169221
0.336565
0.129658
0.120265
0.100194
0.0932648
0.0677109
0.108772
0.167486
0.132921
0.180448
0.0591207
0.0484227
0.269236
0.0631959
0.0923046
0.200124
0.145796
0.173142
0.0640635
0.195238
0.0472514
0.150408
0.175183
0.161202
0.222472
0.12378
0.149146
0.0788555
0.0564377
0.0443871
0.11499
0.145216
0.153022
0.0911019
0.0562185
0.059495
0.0486808
0.126126
0.19122
0.106445
0.0679988
0.126119
0.102521
0.167087
0.0781431
0.10204
0.0572474
0.0976935
0.155855
0.13192
0.0725489
0.057033
0.116802
0.116042
0.0727593
0.158461
0.122532
0.315462
0.0739846
0.0477215
0.144191
0.0768708
0.228694
0.1209
0.0935636
0.221192
0.0602437
0.065702
0.156459
0.114482
0.181247
0.131505
0.154476
0.056651
0.149616
0.109994
0.133836
0.169721
0.119002
0.0930148
0.197503
0.114772
0.100391
0.096558
0.181853
0.110737
0.110872
0.277548
0.0848246
0.139952
0.120126
0.169566
0.107316
0.0849886
0.269676
0.154546
0.145924
0.0967717
0.0499391
0.0911801
0.152652
0.0821168
0.0645376
0.0968321
0.158743
0.154132
0.118668
0.207114
0.122975
0.0866102
0.0476441
0.0936539
0.248057
0.112844
0.150785
0.0591757
0.176017
0.156354
0.0404012
0.0770147
0.205224
0.0519376
0.103649
0.0908465
0.119268
0.228712
0.151978
0.182378
0.0753674
0.331249
0.196872
0.156495
0.202252
0.110161
0.0702805
0.115293
0.0479585
0.0778547
0.0921977
0.0382665
0.159572
0.171623
0.108335
0.171502
0.0525475
0.176707
0.111201
0.0836295
0.139313
0.470004
0.0957719
0.276861
0.102822
0.0380482
0.203757
0.0443042
0.109892
0.243898
0.0347501
0.0405971
0.0825853
0.0849156
0.141247
0.20862
0.0852527
0.180436
0.0857067
0.0493363
0.132897
0.114819
0.0750032
0.241646
0.16436
0.0858945
0.0454714
0.077551
0.146543
0.123119
0.110948
0.107163
0.32439
0.17806
0.046545
0.185632
0.185057
0.024677
0.206826
0.12971
0.294866
0.303106
0.177537
0.155578
0.0470909
0.0553657
0.134973
0.208334
0.0494454
0.0982501
0.096299
0.115952
0.154039
0.14395
0.0523425
0.149489
0.0515176
0.0786327
0.0582541
0.235069
0.158205
0.0755274
0.240938
0.305762
0.131099
0.219906
0.0628612
0.172127
0.0714904
0.049402
0.103801
0.0505355
0.169373
0.0158833
0.0820705
0.0955882
0.116343
0.0415605
0.114159
0.133063
0.107493
0.0609825
0.0521354
0.0436796
0.19403
0.103166
0.129511
0.0490031
0.0910437
0.229308
0.0212507
0.116715
0.116976
0.0907084
0.164945
0.156939
0.335253
0.115177
0.0811594
0.152028
0.0595493
0.0767186
0.030013
0.205338
0.0345048
0.0942612
0.0583991
0.124955
0.133602
0.165472
0.0461383
0.12812
0.0843452
0.323919
0.113636
0.0251063
0.104133
0.0397654
0.0890989
0.0614978
0.0858376
0.0787172
0.105374
0.0780512
0.14186
0.126253
0.23461
0.374659
0.172623
0.062704
0.132186
0.0787469
0.123582
0.129797
0.05321
0.227479
0.0587021
0.0355486
0.153089
0.116151
0.146391
0.14558
0.0789619
0.120255
0.130067
0.100529
0.244848
0.232902
0.0823247
0.142974
0.130099
0.0931825
0.288958
0.068693
0.0550131
0.193417
0.14796
0.0584926
0.186055
0.0399383
0.0909704
0.101879
0.0339741
0.0506978
0.233516
0.0553606
0.0560741
0.181883
0.0866086
0.220874
0.0883562
0.154564
0.289882
0.0625822
0.0925794
0.208567
0.199712
0.0586103
0.15964
0.13711
0.0723959
0.105484
0.0873274
0.11375
0.0966737
0.122944
0.0498415
0.133838
0.169408
0.0347972
0.11534
0.15656
0.0836133
0.0929962
0.102721
0.203529
0.0504046
0.0317109
0.0193813
0.173923
0.101014
0.103594
0.24147
0.159557
0.0879082
0.0413008
0.0517173
0.297477
0.0540774
0.0894281
0.137514
0.183954
0.124703
0.0576379
0.119393
0.106049
0.345844
0.0755075
0.0974876
0.0829787
0.0344578
0.0696644
0.087269
0.0635822
0.175788
0.197678
0.121298
0.066804
0.120012
0.126975
0.0479008
0.110299
0.0738992
0.166432
0.0355233
0.144622
0.0921984
0.0997675
0.18486
0.14107
0.0835792
0.0225083
0.124387
0.0715035
0.0749443
0.110812
0.115132
0.0639422
0.220113
0.0603197
0.192305
0.121999
0.0969252
0.180096
0.106958
0.148438
0.0951454
0.198764
0.204143
0.0461603
0.143288
0.190156
0.276468
0.189805
0.0324977
0.102546
0.0707693
0.120748
0.0754559
0.131352
0.0963284
0.0919763
0.102293
0.12133
0.250904
0.10336
0.0635605
0.117984
0.10074
0.0266125
0.117872
0.142168
0.207961
0.248119
0.0628369
0.0806872
0.0771701
0.118119
0.0567741
0.0513223
0.0804041
0.0951148
0.0507885
0.108591
0.0631344
0.0837486
0.144494
0.108976
0.0611988
0.0844447
0.104592
0.144704
0.144231
0.158705
0.0397567
0.0368487
0.0945334
0.130783
0.0797958
0.173899
0.257062
0.231072
0.170858
0.0379161
0.162926
0.236208
0.0829454
0.0776829
0.244129
0.130117
0.0353917
0.118667
0.10667
0.24812
0.202795
0.150989
0.0510736
0.0996071
0.0984921
0.0440449
0.254347
0.124795
0.271015
0.119833
0.0859491
0.119204
0.156847
0.141867
0.126079
0.0442072
0.189781
0.10916
0.0888915
0.0916715
0.0201057
0.0661508
0.0551815
0.0842875
0.154744
0.0674851
0.080935
0.060844
0.090142
0.126944
0.0778513
0.119861
0.168385
0.136351
0.152873
0.111147
0.164314
0.0766084
0.0648815
0.151661
0.118205
0.09572
0.10266
0.0607066
0.150475
0.0382803
0.069844
0.121386
0.120504
0.136334
0.204879
0.160578
0.0408082
0.160935
0.101628
0.0513928
0.216732
0.186521
0.0649604
0.0319069
0.0682275
0.0769956
0.183011
0.0709613
0.081334
0.201947
0.052558
0.0736597
0.0841872
0.113514
0.0799038
0.0864461
0.118243
0.173407
0.0345029
0.0981459
0.0593619
0.0721092
0.185711
0.110757
0.0748973
0.177922
0.0944537
0.0563348
0.114993
0.140517
0.153775
0.189265
0.0568562
0.127249
0.102952
0.0436972
0.103713
0.0666095
0.2375
0.128922
0.111071
0.0715181
0.0559511
0.0662979
0.119371
0.179174
0.100482
0.0632054
0.238341
0.232492
0.0534152
0.0731688
0.114997
0.112318
0.17835
0.115406
0.0453849
0.265155
0.130754
0.0923354
0.103974
0.283723
0.0455013
0.0691079
0.0345882
0.0633166
0.124596
0.0689677
0.149737
0.0290059
0.12547
0.0467549
0.16107
0.048401
0.0673622
0.132269
0.13267
0.118369
0.1963
0.0616038
0.136937
0.17469
0.17582
0.105202
0.0727535
0.145221
0.0913759
0.141445
0.235292
0.253147
0.26604
0.192303
0.0652282
0.0567751
0.108337
0.12225
0.0778502
0.118942
0.186638
0.0328056
0.102275
0.218252
0.0380286
0.105659
0.0952757
0.122663
0.0615468
0.228276
0.156754
0.0792835
0.0381948
0.0427176
0.108503
0.122592
0.0924105
0.10182
0.0685525
0.15249
0.0482852
0.0585165
0.170395
0.146601
0.0620308
0.182036
0.0746187
0.0758027
0.116644
0.105041
0.0769672
0.0664493
0.0806641
0.252231
0.13714
0.0269423
0.108537
0.102723
0.0876231
0.231041
0.310732
0.0368623
0.0815311
0.133974
0.128745
0.0871865
0.0434418
0.128908
0.13902
0.230494
0.062998
0.0645243
0.124564
0.0399287
0.0942568
0.0345232
0.153708
0.260226
0.158217
0.152983
0.0918184
0.278854
0.189023
0.0814878
0.256597
0.069067
0.137324
0.140849
0.0416974
0.134986
0.0829341
0.0485646
0.203677
0.0565147
0.245266
0.136449
0.0846631
0.0355441
0.0956354
0.062803
0.0541541
0.0894252
0.0424947
0.0660362
0.106179
0.0408258
0.136492
0.0442428
0.0877204
0.106581
0.1239
0.0686358
0.127027
0.130295
0.0730138
0.0819482
0.294907
0.033925
0.0498019
0.070455
0.0352971
0.136241
0.315206
0.12761
0.289694
0.254442
0.069099
0.162264
0.160992
0.113812
0.0881288
0.222058
0.203293
0.0961954
0.165705
0.171173
0.177131
0.0669505
0.128136
0.0648867
0.0316288
0.184339
0.0329419
0.100692
0.0939602
0.059374
0.273367
0.153983
0.126181
0.0650231
0.152313
0.101235
0.136563
0.18115
0.22976
0.156703
0.0788851
0.103485
0.15055
0.0434467
0.142425
0.0426909
0.116544
0.113788
0.309893
0.145693
0.0312018
0.0394496
0.049256
0.117446
0.156213
0.0840588
0.144774
