0.430516
0.229316
0.313314
0.270911
0.189361
0.244248
0.28924
0.21715
0.251719
0.214542
0.290907
0.268672
0.237438
0.268664
0.258436
0.254547
0.267808
0.167584
0.245503
0.274834
0.204577
0.311837
0.250382
0.314668
0.266664
0.216338
0.266729
0.249416
0.309435
0.337695
0.223833
0.225352
0.27983
0.321347
0.288397
0.356899
0.288841
0.221261
0.262785
0.174777
0.308803
0.275384
0.280913
0.211704
0.283744
0.331304
0.276094
0.25419
0.194591
0.361898
0.341227
0.260872
0.203407
0.221007
0.204388
0.290172
0.282047
0.331038
0.195911
0.273381
0.34074
0.291238
0.33488
0.31564
0.260809
0.268891
0.259721
0.253153
0.195331
0.28565
0.202138
0.272914
0.138502
0.348098
0.410927
0.241117
0.25942
0.269246
0.254089
0.291605
0.260598
0.310413
0.289866
0.286911
0.28483
0.242129
0.227653
0.25037
0.254388
0.24155
0.244191
0.348108
0.199099
0.250069
0.329529
0.320574
0.385222
0.275035
0.283034
0.307169
0.334819
0.242262
0.254375
0.314265
0.28027
0.277255
0.251296
0.304877
0.197353
0.246968
0.244493
0.248981
0.294546
0.312825
0.303832
0.344437
0.235774
0.26155
0.277277
0.280916
0.278149
0.246071
0.228478
0.332649
0.251607
0.276513
0.239938
0.289073
0.27469
0.254212
0.247007
0.241
0.275515
0.350626
0.273904
0.406299
0.253336
0.304905
0.255917
0.28526
0.210372
0.262611
0.225152
0.306363
0.243423
0.275369
0.24447
0.2916
0.195679
0.285294
0.268649
0.380513
0.216923
0.337336
0.30646
0.216719
0.249421
0.266675
0.358287
0.320173
0.310848
0.313655
0.234215
0.255691
0.286336
0.234629
0.24
0.232442
0.311453
0.296745
0.333326
0.340442
0.248678
0.251983
0.286265
0.229278
0.21385
0.28518
0.306971
0.270575
0.222765
0.232666
0.192699
0.265702
0.329179
0.224369
0.21932
0.24942
0.283077
0.151592
0.261653
0.104525
0.254712
0.24444
0.268428
0.326713
0.365584
0.294249
0.299523
0.250355
0.324373
0.274501
0.226546
0.319267
0.281751
0.311024
0.225366
0.283385
0.292816
0.329459
0.222827
0.258568
0.254086
0.238475
0.252215
0.215668
0.304666
0.3891
0.27791
0.281141
0.267261
0.376715
0.304869
0.362606
0.343802
0.35394
0.271154
0.334261
0.319943
0.26278
0.222325
0.292863
0.257546
0.260519
0.308456
0.31052
0.245959
0.287883
0.263795
0.233972
0.258899
0.268365
0.2575
0.270023
0.299308
0.270863
0.221176
0.269284
0.200627
0.29001
0.234703
0.236666
0.338966
0.228436
0.246383
0.206598
0.276906
0.34398
0.253597
0.297147
0.298906
0.285058
0.260017
0.340676
0.354879
0.195423
0.299678
0.262551
0.282328
0.311673
0.29111
0.28362
0.319703
0.215642
0.170574
0.253981
0.239398
0.358378
0.224565
0.294418
0.186063
0.229604
0.261358
0.311164
0.268917
0.287639
0.226356
0.371567
0.303213
0.228784
0.291945
0.258906
0.266905
0.224345
0.283977
0.295503
0.308623
0.202719
0.291418
0.234607
0.295679
0.217998
0.2111
0.273734
0.343184
0.229249
0.259512
0.28027
0.415651
0.291571
0.32748
0.277637
0.323091
0.227841
0.254344
0.257425
0.309265
0.267436
0.218976
0.293144
0.207595
0.192526
0.307136
0.202968
0.300316
0.224508
0.210428
0.297336
0.251224
0.197254
0.263661
0.307633
0.256947
0.226319
0.321037
0.281459
0.21703
0.214617
0.25011
0.251146
0.246086
0.329237
0.184215
0.25643
0.217584
0.214837
0.393987
0.320888
0.244978
0.263563
0.281585
0.344517
0.198005
0.266173
0.241885
0.244112
0.223708
0.209371
0.269212
0.303399
0.274171
0.232415
0.219979
0.287484
0.279067
0.140964
0.228976
0.241893
0.234545
0.243114
0.232251
0.203714
0.273163
0.298077
0.277748
0.236163
0.190697
0.375428
0.27773
0.284335
0.225983
0.231119
0.197914
0.322842
0.234852
0.296809
0.273073
0.252428
0.334964
0.26606
0.274175
0.2608
0.262464
0.265618
0.194054
0.243993
0.255609
0.277743
0.302656
0.29364
0.190329
0.272914
0.286288
0.253586
0.184189
0.231372
0.203275
0.283957
0.297793
0.277657
0.343065
0.223627
0.296082
0.326848
0.250813
0.21267
0.297522
0.179332
0.379491
0.300515
0.269586
0.296274
0.299159
0.264364
0.352301
0.24875
0.245064
0.246232
0.293721
0.286934
0.261447
0.362832
0.274411
0.258635
0.158951
0.20956
0.259986
0.253643
0.279091
0.31281
0.318843
0.322742
0.236295
0.343979
0.340121
0.320022
0.254695
0.249594
0.16213
0.260939
0.224073
0.266593
0.333218
0.290393
0.247671
0.191332
0.174691
0.213234
0.165435
0.304157
0.355425
0.288873
0.246561
0.36077
0.330293
0.195585
0.307747
0.287258
0.254602
0.204797
0.258996
0.300143
0.289676
0.25061
0.197529
0.280562
0.272522
0.268754
0.268008
0.266581
0.17751
0.284831
0.308611
0.247928
0.245137
0.285032
0.318445
0.257535
0.29539
0.299316
0.278521
0.23143
0.261778
0.250176
0.227748
0.343026
0.332651
0.325418
0.230301
0.315769
0.293004
0.534421
0.242399
0.320039
0.269178
0.291371
0.338101
0.305599
0.282196
0.186279
0.328267
0.224049
0.339596
0.342889
0.3953
0.265281
0.327179
0.332229
0.281963
0.350288
0.414507
0.333956
0.330259
0.268673
0.250925
0.343722
0.296798
0.224944
0.192185
0.259015
0.274677
0.265661
0.298488
0.290626
0.401425
0.331338
0.318781
0.333605
0.271233
0.356822
0.271832
0.36956
0.292561
0.353199
0.332763
0.249407
0.307928
0.357235
0.199144
0.270425
0.366699
0.281533
0.253294
0.224443
0.36205
0.290891
0.262485
0.391112
0.285096
0.369863
0.326359
0.291435
0.345306
0.377725
0.244798
0.367896
0.406561
0.357998
0.252276
0.243113
0.269699
0.27199
0.290461
0.260959
0.32948
0.3289
0.266209
0.356464
0.296706
0.32312
0.209741
0.215971
0.319062
0.338946
0.290946
0.322335
0.178529
0.226931
0.270713
0.370302
0.223717
0.26124
0.312562
0.295074
0.29991
0.250481
0.271143
0.260702
0.355363
0.274322
0.372894
0.269623
0.269978
0.240415
0.304136
0.26168
0.350336
0.215454
0.329696
0.342654
0.331327
0.337629
0.231496
0.286342
0.273674
0.330267
0.271945
0.223071
0.290415
0.240354
0.322029
0.394445
0.344554
0.340124
0.32397
0.290976
0.326871
0.254235
0.260931
0.201814
0.272738
0.240315
0.310856
0.298546
0.30799
0.353871
0.266208
0.226259
0.2581
0.207945
0.338878
0.18506
0.312377
0.286474
0.26238
0.204368
0.224612
0.261111
0.260467
0.183809
0.229567
0.336044
0.344812
0.288826
0.285044
0.31484
0.358772
0.205156
0.3182
0.293768
0.286711
0.254493
0.398776
0.325876
0.318394
0.309834
0.172739
0.314447
0.211332
0.322785
0.347515
0.237017
0.285751
0.221704
0.297639
0.340921
0.189077
0.18823
0.197196
0.284223
0.372502
0.320409
0.237724
0.339674
0.314408
0.281997
0.289426
0.271317
0.321399
0.337289
0.388191
0.247924
0.284539
0.293261
0.345466
0.217044
0.239354
0.25577
0.240979
0.35525
0.294647
0.309508
0.314543
0.257452
0.28951
0.346143
0.354021
0.402845
0.355758
0.374856
0.224164
0.341661
0.175187
0.20308
0.276187
0.325862
0.281447
0.274318
0.313058
0.310728
0.298447
0.290639
0.312635
0.401064
0.276158
0.246776
0.266731
0.348705
0.261479
0.346845
0.204085
0.331061
0.287564
0.253137
0.385902
0.287129
0.234364
0.25375
0.211505
0.242956
0.328422
0.359522
0.329234
0.263887
0.228367
0.26643
0.267464
0.238582
0.276512
0.233269
0.273353
0.314912
0.318687
0.366277
0.305783
0.314902
0.356328
0.21842
0.330012
0.317018
0.177221
0.228813
0.395482
0.26641
0.343931
0.312976
0.338345
0.36293
0.305655
0.239403
0.407178
0.339488
0.294823
0.380199
0.28082
0.275791
0.288891
0.317977
0.300305
0.249062
0.265402
0.1617
0.312604
0.372182
0.234759
0.34683
0.357599
0.318754
0.304058
0.295508
0.26001
0.292493
0.273206
0.249785
0.290229
0.271043
0.340355
0.260215
0.315761
0.295915
0.416814
0.257923
0.297395
0.28222
0.35134
0.324075
0.355172
0.369982
0.355936
0.280315
0.350307
0.301013
0.25675
0.399127
0.285083
0.312499
0.299084
0.313863
0.269559
0.35343
0.344472
0.279638
0.307916
0.228986
0.275055
0.188526
0.33307
0.295612
0.407667
0.232254
0.279916
0.346483
0.381685
0.294679
0.313409
0.215256
0.278286
0.300581
0.236781
0.309547
0.364649
0.319655
0.30049
0.365086
0.228206
0.264032
0.263629
0.228662
0.24311
0.242024
0.328909
0.302903
0.343833
0.337833
0.276576
0.332963
0.22293
0.274028
0.365514
0.285121
0.206717
0.214011
0.255276
0.400328
0.297097
0.357689
0.301019
0.322756
0.264373
0.378046
0.275339
0.297593
0.361856
0.265007
0.30674
0.358469
0.3567
0.316655
0.277906
0.34217
0.2766
0.282389
0.327051
0.207282
0.356121
0.189559
0.301193
0.309577
0.268174
0.34929
0.293396
0.300117
0.277189
0.381552
0.308226
0.254184
0.356885
0.350485
0.288732
0.276292
0.304532
0.260835
0.306735
0.30981
0.39151
0.328158
0.239569
0.314624
0.267904
0.366516
0.286827
0.301986
0.283632
0.283836
0.278914
0.275713
0.226115
0.293184
0.383219
0.345919
0.423093
0.379869
0.304094
0.33511
0.333657
0.323567
0.333824
0.237857
0.369848
0.194742
0.248293
0.323772
0.228915
0.204413
0.266021
0.281972
0.267551
0.274757
0.273487
0.282352
0.308373
0.31448
0.295068
0.373263
0.28648
0.291506
0.390634
0.317275
0.266771
0.25865
0.296984
0.38045
0.322727
0.365051
0.292211
0.240188
0.328867
0.275726
0.269273
0.305509
0.241293
0.381111
0.316016
0.256886
0.35989
0.253337
0.333458
0.287653
0.323827
0.267088
0.24187
0.418297
0.23303
0.295256
0.259741
0.368822
0.314193
0.311342
0.268247
0.343646
0.169573
0.345087
0.433361
0.352525
0.28426
0.430911
0.355642
0.369586
0.279046
0.27783
0.307835
0.306901
0.292589
0.285739
0.236708
0.244075
0.381433
0.27405
0.395527
0.198678
0.382442
0.548574
0.421403
0.418871
0.383533
0.384943
0.350878
0.358752
0.387381
0.423074
0.318329
0.420491
0.404765
0.406718
0.346156
0.401776
0.43128
0.388397
0.353263
0.418818
0.448141
0.418837
0.364511
0.3922
0.396003
0.377617
0.307055
0.379517
0.378584
0.435651
0.411992
0.358142
0.295803
0.365732
0.419938
0.383208
0.405376
0.418516
0.359074
0.394959
0.421973
0.362534
0.412688
0.387442
0.408968
0.39876
0.389131
0.34188
0.431148
0.346881
0.412169
0.4614
0.446344
0.391665
0.409542
0.388826
0.371614
0.33222
0.384817
0.326478
0.381653
0.34603
0.393832
0.403493
0.402743
0.424753
0.409362
0.385541
0.410456
0.372294
0.333067
0.480957
0.327295
0.299356
0.454034
0.393623
0.411947
0.345901
0.33366
0.378338
0.354739
0.425039
0.325219
0.425761
0.366817
0.395028
0.399322
0.358112
0.383989
0.36433
0.286371
0.36363
0.432017
0.357389
0.345608
0.355492
0.366912
0.360917
0.344425
0.341472
0.389066
0.319955
0.353868
0.35343
0.385308
0.372602
0.413008
0.460251
0.33634
0.40783
0.414613
0.431932
0.258198
0.303224
0.280842
0.347224
0.272106
0.326637
0.387298
0.426841
0.380413
0.324875
0.430803
0.335425
0.421008
0.368024
0.289892
0.379426
0.338148
0.353126
0.343502
0.403798
0.319286
0.327479
0.382978
0.478503
0.392601
0.357231
0.351745
0.28797
0.391099
0.241603
0.413119
0.43221
0.318239
0.43132
0.385894
0.300968
0.321636
0.367672
0.348996
0.403087
0.35896
0.286099
0.293128
0.419592
0.476133
0.303321
0.355665
0.344693
0.27357
0.298234
0.379188
0.394649
0.36975
0.302968
0.405076
0.386447
0.33434
0.356713
0.399391
0.34684
0.301091
0.335763
0.410088
0.420592
0.404171
0.422238
0.427102
0.412664
0.390181
0.428899
0.235503
0.358584
0.406786
0.392505
0.456457
0.444785
0.345878
0.365694
0.394439
0.390165
0.330386
0.415162
0.378559
0.369764
0.359241
0.434341
0.420632
0.311813
0.451916
0.36715
0.440892
0.394743
0.381004
0.364805
0.435903
0.312176
0.441163
0.355361
0.376102
0.335337
0.453253
0.346566
0.361734
0.3248
0.344252
0.327394
0.363248
0.418745
0.359008
0.428347
0.420301
0.456125
0.299891
0.405792
0.394148
0.363276
0.189123
0.293718
0.337416
0.41296
0.40304
0.398545
0.36604
0.428225
0.378333
0.390489
0.417418
0.403682
0.353399
0.396207
0.369677
0.397889
0.397875
0.382607
0.388506
0.375001
0.302002
0.459989
0.372605
0.421178
0.276962
0.391219
0.448599
0.367324
0.246333
0.382033
0.262505
0.382941
0.386094
0.41398
0.420417
0.367884
0.390621
0.398345
0.330311
0.343393
0.323007
0.451825
0.322571
0.433832
0.27353
0.333617
0.43834
0.435329
0.454179
0.374989
0.395466
0.289894
0.326115
0.486356
0.36003
0.494288
0.311498
0.409326
0.410383
0.373065
0.342697
0.366005
0.332147
0.287571
0.331047
0.457658
0.427031
0.248418
0.3834
0.367052
0.365213
0.384791
0.443487
0.386937
0.408606
0.33888
0.354323
0.3567
0.446855
0.383292
0.3501
0.468597
0.3969
0.39471
0.368032
0.462055
0.363772
0.260642
0.271205
0.421205
0.409246
0.352457
0.339511
0.405133
0.340358
0.343403
0.309242
0.382983
0.331199
0.398373
0.417689
0.391751
0.32167
0.367997
0.46853
0.42238
0.386297
0.435314
0.444124
0.377379
0.458043
0.319725
0.291065
0.266091
0.426468
0.365453
0.407884
0.406318
0.390222
0.398331
0.361189
0.360065
0.369618
0.434336
0.452856
0.403391
0.376665
0.431567
0.349044
0.350088
0.406694
0.396986
0.309766
0.315716
0.355646
0.392634
0.436586
0.390249
0.357536
0.374337
0.401176
0.409081
0.451315
0.375037
0.396662
0.41077
0.421675
0.419586
0.330668
0.394994
0.370555
0.395242
0.36851
0.330752
0.417841
0.388799
0.411733
0.351915
0.34034
0.359338
0.357267
0.361681
0.431409
0.423568
0.392584
0.39713
0.285321
0.269935
0.408044
0.399058
0.323377
0.312858
0.407871
0.400439
0.393696
0.441726
0.396243
0.376793
0.395542
0.374324
0.371319
0.383062
0.419558
0.367894
0.388143
0.387179
0.454573
0.271943
0.37416
0.366459
0.331748
0.323562
0.360637
0.37695
0.44401
0.320572
0.31336
0.341286
0.351625
0.368747
0.402363
0.360291
0.405259
0.412748
0.326451
0.405478
0.387307
0.348103
0.37572
0.431314
0.383627
0.292287
0.312802
0.310563
0.385531
0.362709
0.352726
0.257001
0.388569
0.334522
0.36921
0.387975
0.229088
0.351964
0.37
0.33806
0.352618
0.429829
0.466787
0.378618
0.313156
0.377453
0.354692
0.32842
0.348374
0.343844
0.442916
0.336887
0.383053
0.32612
0.368966
0.314613
0.374236
0.438135
0.371777
0.420572
0.348699
0.413889
0.388637
0.41402
0.29279
0.402695
0.37376
0.367825
0.43909
0.368177
0.40254
0.33369
0.252742
0.291497
0.342966
0.389664
0.302721
0.340259
0.389828
0.392035
0.352365
0.389475
0.350062
0.402834
0.423946
0.323041
0.404726
0.351822
0.364759
0.425522
0.439526
0.4081
0.436609
0.33954
0.221378
0.429087
0.324295
0.447265
0.430289
0.436581
0.440924
0.437627
0.292167
0.396896
0.454342
0.377303
0.417705
0.397966
0.394423
0.379784
0.43503
0.419155
0.432243
0.33726
0.390972
0.323923
0.441302
0.454868
0.28399
0.475577
0.35544
0.479797
0.453894
0.447374
0.395894
0.413056
0.479534
0.507285
0.362987
0.393183
0.432356
0.380892
0.338868
0.439883
0.482303
0.458501
0.383047
0.449109
0.301236
0.276463
0.469474
0.453092
0.406772
0.463968
0.440243
0.493375
0.397743
0.427502
0.322854
0.454073
0.424441
0.315245
0.430897
0.340431
0.312174
0.351641
0.341249
0.410628
0.336239
0.336866
0.40776
0.282852
0.364039
0.282302
0.406203
0.405656
0.471466
0.35853
0.330202
0.448036
0.419419
0.489489
0.478234
0.466276
0.428912
0.378399
0.322635
0.366083
0.413841
0.402023
0.355118
0.441377
0.383518
0.44904
0.423475
0.4586
0.461493
0.376617
0.270676
0.444101
0.400202
0.428411
0.347216
0.320607
0.265877
0.422297
0.459447
0.475499
0.474646
0.468388
0.403992
0.328767
0.374937
0.40832
0.442288
0.388538
0.243782
0.395179
0.410369
0.378473
0.389635
0.398148
0.466282
0.432493
0.491982
0.411317
0.405515
0.410439
0.300367
0.422006
0.415423
0.362197
0.476677
0.388928
0.428938
0.350618
0.371201
0.452569
0.432986
0.25352
0.40923
0.444418
0.384514
0.425649
0.427559
0.278968
0.335463
0.442193
0.319425
0.455176
0.28203
0.447416
0.446542
0.397644
0.405245
0.491579
0.42055
0.393665
0.421819
0.446815
0.458992
0.405096
0.420835
0.323342
0.417998
0.448503
0.463937
0.343251
0.375739
0.438129
0.425981
0.409553
0.336634
0.452656
0.458846
0.305445
0.461157
0.372151
0.340936
0.36299
0.406984
0.307714
0.391302
0.362591
0.339678
0.457026
0.464098
0.404537
0.37996
0.345825
0.255423
0.446741
0.425871
0.394935
0.266324
0.424796
0.41564
0.462096
0.400213
0.332005
0.421568
0.176703
0.521174
0.373068
0.272365
0.21154
0.358136
0.41804
0.404229
0.394064
0.253883
0.289759
0.297946
0.408351
0.393662
0.319753
0.449134
0.352174
0.238381
0.420791
0.44869
0.414261
0.281373
0.406678
0.364609
0.338092
0.43637
0.408196
0.329406
0.244655
0.47528
0.41481
0.394005
0.412377
0.407217
0.317122
0.338294
0.405611
0.384013
0.382675
0.358018
0.399532
0.406583
0.272146
0.429363
0.490848
0.355311
0.295777
0.421644
0.316607
0.44822
0.45549
0.334474
0.419993
0.330861
0.461554
0.392988
0.35805
0.475357
0.430724
0.272175
0.442095
0.36737
0.469717
0.406217
0.397611
0.435034
0.463291
0.406221
0.452214
0.402813
0.397845
0.301473
0.233382
0.423954
0.383222
0.43793
0.420511
0.321618
0.352448
0.26738
0.425267
0.37754
0.400635
0.357629
0.426241
0.441495
0.428255
0.324495
0.418074
0.436594
0.458953
0.421455
0.4156
0.223511
0.399173
0.497068
0.365036
0.456299
0.402625
0.349251
0.256192
0.371916
0.426993
0.44714
0.306514
0.322624
0.196304
0.432433
0.377625
0.341337
0.355823
0.447241
0.379289
0.264888
0.357024
0.376067
0.455071
0.442799
0.430078
0.500141
0.29548
0.283177
0.430191
0.467206
0.318781
0.406512
0.469164
0.458813
0.371074
0.417369
0.403063
0.432736
0.471686
0.269249
0.410115
0.436523
0.381983
0.387048
0.381874
0.401045
0.209456
0.420777
0.427954
0.389924
0.471872
0.396095
0.320241
0.432871
0.411274
0.437307
0.378237
0.41327
0.388454
0.276648
0.383404
0.415579
0.475685
0.395688
0.443648
0.382536
0.409817
0.424781
0.458487
0.409861
0.328781
0.486597
0.502587
0.451122
0.434996
0.442203
0.432876
0.38378
0.442833
0.367983
0.274332
0.43934
0.439249
0.411376
0.427766
0.379613
0.471697
0.332386
0.434548
0.314159
0.436041
0.328797
0.470279
0.478005
0.200516
0.458059
0.470835
0.440276
0.452706
0.373988
0.437755
0.330242
0.373972
0.264309
0.311809
0.410637
0.511601
0.391816
0.4254
0.450872
0.377045
0.281431
0.388761
0.457949
0.393407
0.422036
0.46701
0.371429
0.388439
0.340475
0.470467
0.43604
0.45457
0.455116
0.396947
0.314375
0.494759
0.464727
0.47287
0.366972
0.369932
0.460397
0.417136
0.360815
0.496509
0.416766
0.393982
0.407073
0.423434
0.42544
0.423693
0.245424
0.434718
0.404104
0.469158
0.304929
0.345387
0.403094
0.382321
0.443471
0.492006
0.346713
0.451242
0.40619
0.432864
0.452075
0.456582
0.466298
0.434039
0.345719
0.422136
0.471474
0.40869
0.457035
0.432855
0.432833
0.376956
0.446361
0.385524
0.48232
0.378078
0.487801
0.458102
0.4365
0.482532
0.466192
0.334812
0.441304
0.466506
0.251612
0.372963
0.353135
0.391298
0.326971
0.25484
0.432174
0.361189
0.421941
0.383844
0.36558
0.425582
0.404882
0.503023
0.312871
0.389498
0.366925
0.429754
0.454888
0.385284
0.52805
0.337794
0.346183
0.423537
0.475573
0.62153
0.512695
0.516975
0.556853
0.358693
0.493114
0.499885
0.419107
0.178784
0.476155
0.284244
0.419822
0.504712
0.471276
0.390289
0.549692
0.518995
0.548596
0.539865
0.505017
0.543155
0.414058
0.446412
0.413106
0.428076
0.483752
0.442168
0.398605
0.445101
0.498759
0.486715
0.503835
0.474531
0.519526
0.150683
0.449494
0.530498
0.409483
0.46634
0.386998
0.440674
0.432528
0.358059
0.546794
0.478952
0.465315
0.454995
0.425944
0.546699
0.365333
0.537447
0.205946
0.518607
0.332357
0.321041
0.462125
0.435241
0.536184
0.510079
0.229331
0.359206
0.336765
0.545402
0.491409
0.510286
0.475649
0.396826
0.451494
0.17895
0.473075
0.447675
0.472827
0.45353
0.466571
0.418507
0.523983
0.378545
0.446314
0.423573
0.326455
0.549186
0.555928
0.483903
0.219546
0.403111
0.489172
0.448027
0.481314
0.44365
0.428801
0.525718
0.412787
0.482438
0.385654
0.453212
0.522609
0.419446
0.480123
0.293071
0.253584
0.221109
0.425079
0.437023
0.45012
0.474449
0.454508
0.34297
0.499921
0.478264
0.472748
0.44479
0.321407
0.442583
0.331266
0.470229
0.452592
0.49517
0.530735
0.522755
0.459201
0.386964
0.524448
0.448588
0.388359
0.509605
0.35173
0.428549
0.494697
0.384226
0.593252
0.423346
0.483381
0.464336
0.370421
0.479631
0.397237
0.52785
0.480899
0.460949
0.467036
0.355339
0.500255
0.376213
0.420666
0.398074
0.31317
0.490097
0.396878
0.435499
0.374798
0.34764
0.426586
0.477785
0.306085
0.447236
0.460137
0.412462
0.509589
0.426708
0.256057
0.540663
0.421933
0.392696
0.379163
0.467844
0.423206
0.474125
0.481575
0.275964
0.452982
0.408912
0.53007
0.479211
0.454687
0.515081
0.493882
0.250193
0.428941
0.393333
0.252177
0.491565
0.548402
0.387362
0.494428
0.395018
0.551331
0.444705
0.48713
0.440536
0.389458
0.486751
0.47593
0.417375
0.372265
0.491562
0.383364
0.53583
0.456331
0.376268
0.460042
0.471443
0.396587
0.493306
0.335018
0.432159
0.447899
0.477143
0.337384
0.24213
0.367336
0.495386
0.464254
0.489536
0.441647
0.478097
0.307813
0.331275
0.477468
0.33874
0.506306
0.314363
0.428336
0.416261
0.444947
0.445915
0.533573
0.425805
0.464164
0.504168
0.460077
0.408906
0.245371
0.398491
0.310842
0.566357
0.501966
0.554007
0.486793
0.490356
0.444783
0.465681
0.456843
0.500053
0.248705
0.476707
0.408631
0.341917
0.49543
0.37098
0.427943
0.331042
0.374003
0.454749
0.401305
0.503955
0.395917
0.555668
0.4408
0.434479
0.436237
0.458757
0.49664
0.37586
0.47895
0.47039
0.43611
0.461605
0.546427
0.338286
0.552703
0.379106
0.434973
0.472815
0.373463
0.356931
0.533754
0.453614
0.414742
0.530063
0.448977
0.536506
0.533691
0.491367
0.500348
0.503198
0.522552
0.207133
0.451988
0.400704
0.44177
0.506731
0.376391
0.457117
0.449542
0.476501
0.480244
0.493211
0.359099
0.381735
0.530901
0.576938
0.520001
0.392958
0.398449
0.40642
0.459093
0.439174
0.32278
0.34024
0.382036
0.249859
0.269227
0.554703
0.382018
0.426415
0.369327
0.402484
0.316505
0.541129
0.413556
0.385851
0.404582
0.359204
0.300657
0.451799
0.450295
0.372503
0.387424
0.353317
0.384211
0.419621
0.364535
0.378961
0.316625
0.360232
0.375317
0.387577
0.337741
0.342217
0.387807
0.301127
0.417837
0.392862
0.415531
0.355461
0.28587
0.376947
0.422179
0.189532
0.328509
0.402601
0.460808
0.331153
0.364787
0.470618
0.4202
0.403598
0.22416
0.362419
0.428533
0.258545
0.411806
0.349065
0.22835
0.0772522
0.359941
0.419555
0.412312
0.406406
0.329938
0.36881
0.538983
0.526421
0.367356
0.362221
0.37504
0.450091
0.395924
0.520535
0.38643
0.330807
0.408059
0.33305
0.37563
0.410232
0.412749
0.434204
0.375547
0.385713
0.419138
0.459717
0.347031
0.127466
0.519649
0.349475
0.493043
0.435881
0.351666
0.337795
0.393402
0.411648
0.292991
0.126105
0.36111
0.531798
0.35437
0.38918
0.400164
0.302653
0.426399
0.508741
0.427259
0.44843
0.398859
0.403098
0.416867
0.540159
0.400917
0.379706
0.50713
0.267518
0.516028
0.414776
0.533146
0.394996
0.351886
0.377879
0.412295
0.366801
0.339508
0.338275
0.431279
0.25149
0.41239
0.317127
0.393461
0.4005
0.271121
0.308248
0.393993
0.328382
0.362025
0.362573
0.504324
0.329705
0.219356
0.174595
0.52219
0.520847
0.377536
0.341166
0.456981
0.474732
0.420673
0.412255
0.517059
0.517352
0.427914
0.526623
0.32028
0.325471
0.156827
0.414738
0.258616
0.386893
0.378849
0.380856
0.464657
0.40968
0.389387
0.219325
0.368341
0.391926
0.250658
0.332977
0.333492
0.415965
0.337675
0.397254
0.31826
0.421971
0.399889
0.174107
0.31569
0.453723
0.435621
0.400206
0.418359
0.518735
0.391555
0.383708
0.391714
0.152861
0.225262
0.38804
0.368537
0.300081
0.222853
0.461387
0.359559
0.367394
0.511211
0.493714
0.420376
0.325335
0.425956
0.449528
0.374889
0.365305
0.27362
0.108836
0.475714
0.333863
0.462794
0.323983
0.507176
0.171052
0.503186
0.428711
0.540425
0.239415
0.354762
0.415427
0.312078
0.397205
0.52416
0.356158
0.383526
0.397826
0.507904
0.337812
0.24535
0.402703
0.428061
0.38023
0.395474
0.323099
0.386335
0.32752
0.410845
0.503606
0.539772
0.337701
0.300647
0.404194
0.27931
0.527769
0.181231
0.347744
0.371961
0.537098
0.391188
0.344691
0.404046
0.356975
0.346298
0.375304
0.437579
0.514378
0.30815
0.322661
0.523822
0.287407
0.252627
0.406052
0.474783
0.34362
0.31343
0.375379
0.405685
0.347172
0.41642
0.470903
0.409737
0.375593
0.353557
0.308859
0.422114
0.42456
0.33502
0.499982
0.394363
0.381649
0.500381
0.396721
0.418495
0.441118
0.449924
0.439217
0.191559
0.362835
0.444224
0.372551
0.434083
0.373453
0.359931
0.397558
0.36996
0.43436
0.337771
0.416591
0.445755
0.479008
0.212824
0.105047
0.112544
0.268754
0.313504
0.0996772
0.208722
0.15616
0.110862
0.388304
0.255663
0.245779
0.171002
0.332512
0.335641
0.103
0.0534487
0.334038
0.105712
0.289101
0.232513
0.380794
0.387633
0.407536
0.311916
0.179408
0.344074
0.113297
0.287763
0.168306
0.22451
0.0935889
0.386351
0.166733
0.406754
0.32417
0.316266
0.205038
0.280011
0.208969
0.138668
0.203479
0.218076
0.415994
0.415105
0.383377
0.135709
0.205273
0.262197
0.252213
0.221303
0.209109
0.0981727
0.132756
0.294919
0.212321
0.0624913
0.402834
0.0747953
0.390596
0.127464
0.412396
0.270743
0.123904
0.379641
0.349403
0.301966
0.300975
0.343098
0.12056
0.172328
0.170728
0.273061
0.300106
0.217727
0.285735
0.237453
0.398029
0.249712
0.258335
0.428714
0.26359
0.216674
0.190543
0.412482
0.302256
0.306219
0.0780068
0.392295
0.144281
0.18598
0.301213
0.396735
0.259753
0.262009
0.185426
0.273921
0.118312
0.269407
0.126757
0.110277
0.152644
0.294798
0.195814
0.307777
0.184544
0.0773618
0.338574
0.142843
0.253449
0.287687
0.236216
0.296438
0.195524
0.260126
0.194318
0.228892
0.296576
0.103307
0.255173
0.124406
0.13841
0.329958
0.18425
0.296189
0.190305
0.105877
0.247334
0.21861
0.119355
0.285333
0.261811
0.317476
0.371728
0.0854028
0.334428
0.205837
0.306592
0.293995
0.223635
0.289585
0.0664604
0.162982
0.158463
0.276531
0.250774
0.307613
0.0774751
0.304426
0.290237
0.261046
0.199947
0.10349
0.0884197
0.266167
0.191659
0.0632081
0.240402
0.0844408
0.177159
0.314403
0.190001
0.318421
0.227719
0.295621
0.177514
0.203746
0.203718
0.336721
0.353637
0.191228
0.287071
0.0670156
0.114019
0.222792
0.164126
0.171309
0.316498
0.173469
0.234698
0.299439
0.188457
0.376429
0.295909
0.291581
0.153938
0.141283
0.355904
0.102679
0.0646476
0.232412
0.128678
0.0895914
0.135373
0.301697
0.144148
0.0939651
0.246526
0.288045
0.179876
0.275181
0.308662
0.408606
0.183063
0.2099
0.259199
0.235766
0.281643
0.0570859
0.395498
0.262825
0.406076
0.345304
0.264283
0.277752
0.273703
0.253264
0.147863
0.162068
0.355605
0.179665
0.157671
0.0784711
0.344056
0.408066
0.231692
0.338197
0.24007
0.287128
0.219803
0.247172
0.375828
0.0721742
0.141714
0.400706
0.131398
0.293616
0.282761
0.201004
0.348717
0.235663
0.0902157
0.120723
0.330843
0.240522
0.234291
0.235956
0.27877
0.407365
0.209481
0.279522
0.129816
0.149433
0.241624
0.206756
0.286622
0.188647
0.338798
0.130896
0.270913
0.328609
0.265042
0.408992
0.19822
0.0707439
0.177016
0.250655
0.275223
0.283086
0.243922
0.234227
0.188595
0.18037
0.266582
0.239203
0.208916
0.220152
0.397076
0.262747
0.301027
0.169145
0.28509
0.398715
0.246068
0.389235
0.354337
0.198238
0.18483
0.103522
0.190009
0.171855
0.244948
0.321744
0.181206
0.101294
0.254747
0.178745
0.251534
0.0858835
0.0744291
0.541568
0.487832
0.509822
0.430198
0.365031
0.432582
0.488268
0.447941
0.466049
0.481406
0.469917
0.111427
0.446964
0.345583
0.470288
0.429363
0.456499
0.373228
0.466226
0.434351
0.139117
0.422767
0.349929
0.510735
0.423997
0.410662
0.339808
0.466161
0.358177
0.49369
0.536903
0.501127
0.510132
0.310195
0.423088
0.450234
0.516959
0.469035
0.492442
0.48268
0.40564
0.40564
0.463574
0.426872
0.169599
0.445657
0.406683
0.441829
0.463954
0.339846
0.427963
0.44676
0.468437
0.331343
0.442937
0.349781
0.448673
0.455804
0.349744
0.463954
0.0661169
0.364395
0.338337
0.32414
0.342407
0.147652
0.353694
0.353057
0.373054
0.452891
0.474365
0.458433
0.343006
0.481164
0.44952
0.475923
0.44952
0.397733
0.345906
0.463917
0.448566
0.392317
0.43629
0.433848
0.357327
0.440069
0.37134
0.469817
0.248081
0.372857
0.425332
0.332385
0.412396
0.442475
0.389438
0.424654
0.46518
0.394607
0.12255
0.37247
0.516312
0.343278
0.470072
0.384958
0.461522
0.447164
0.466435
0.539971
0.394102
0.257559
0.448556
0.445887
0.353475
0.470123
0.448566
0.466553
0.364249
0.473236
0.397978
0.506528
0.451704
0.183156
0.369544
0.454125
0.244681
0.165063
0.202619
0.404032
0.369253
0.426016
0.427504
0.512586
0.416683
0.377619
0.521106
0.417362
0.410827
0.47727
0.44997
0.454125
0.422767
0.4384
0.442937
0.493415
0.436517
0.443745
0.349514
0.440069
0.495192
0.533628
0.456499
0.495685
0.467462
0.253438
0.127895
0.41979
0.465486
0.373143
0.471327
0.344764
0.519789
0.365572
0.452263
0.461522
0.506048
0.429563
0.463574
0.396308
0.452645
0.127895
0.500931
0.356308
0.465043
0.482262
0.310581
0.366154
0.417376
0.439299
0.549701
0.248081
0.537192
0.470072
0.53025
0.232565
0.453568
0.437375
0.493902
0.448317
0.462315
0.422074
0.43808
0.463067
0.459438
0.465704
0.47537
0.438907
0.427794
0.35574
0.365273
0.484042
0.403673
0.501492
0.18297
0.368328
0.142995
0.373381
0.405128
0.49669
0.40497
0.380717
0.449547
0.368979
0.503408
0.374475
0.429812
0.46367
0.507953
0.414781
0.411433
0.24959
0.470802
0.464889
0.452263
0.367795
0.484887
0.480915
0.412396
0.490815
0.451301
0.37134
0.553826
0.444273
0.446195
0.370764
0.145858
0.238111
0.176599
0.378257
0.357054
0.451301
0.320182
0.469817
0.462168
0.492137
0.368123
0.453558
0.490647
0.357172
0.259458
0.140508
0.474686
0.438739
0.3489
0.463608
0.481164
0.421684
0.360462
0.463608
0.439687
0.454893
0.464342
0.491565
0.374564
0.498639
0.448639
0.378411
0.476293
0.470479
0.353057
0.406454
0.443777
0.434495
0.393266
0.443281
0.481406
0.394278
0.535053
0.389098
0.463917
0.496868
0.443745
0.323653
0.462168
0.453122
0.511716
0.343496
0.516079
0.464342
0.373036
0.491874
0.376984
0.12255
0.499778
0.413188
0.425864
0.454893
0.555004
0.336426
0.358895
0.142995
0.341251
0.348415
0.0977666
0.102498
0.119036
0.114989
0.0422368
0.0870676
0.110801
0.120114
0.0542484
0.103386
0.178517
0.134507
0.0435058
0.0863814
0.0952696
0.087958
0.187784
0.0572532
0.154337
0.0801011
0.129363
0.0502167
0.147996
0.142821
0.0930286
0.0889402
0.0919935
0.124545
0.114118
0.12695
0.0409326
0.0709919
0.115674
0.0533873
0.047721
0.0812449
0.181287
0.0715334
0.151281
0.0197658
0.0273069
0.0748038
0.0565121
0.0815808
0.0832424
0.0517042
0.100993
0.13658
0.0886978
0.120959
0.0934256
0.141264
0.0807701
0.128547
0.0269664
0.0538445
0.0693436
0.108103
0.0967328
0.0933735
0.0624781
0.121137
0.0656575
0.0739724
0.0672581
0.126376
0.161699
0.0942848
0.186386
0.0926122
0.107661
0.13463
0.126839
0.170397
0.08678
0.236402
0.154159
0.110603
0.0880908
0.131968
0.0634777
0.179303
0.11142
0.0849506
0.182851
0.144774
0.0664339
0.166958
0.106985
0.122974
0.106659
0.0556424
0.086585
0.117088
0.114149
0.0545854
0.122361
0.0967536
0.06695
0.0778969
0.0936492
0.0848332
0.1345
0.116315
0.0386371
0.10214
0.129711
0.0612385
0.151064
0.0687288
0.111705
0.104543
0.0995503
0.0932467
0.0314397
0.0360813
0.102683
0.0848118
0.153948
0.137473
0.0799295
0.149963
0.061478
0.0331807
0.0495484
0.0238714
0.309474
0.0828952
0.15953
0.0744332
0.0464891
0.134878
0.138709
0.101665
0.101465
0.11912
0.0987416
0.133274
0.118189
0.155412
0.054387
0.0880563
0.144897
0.0681409
0.1018
0.0691155
0.122349
0.0627364
0.0738152
0.0462178
0.0557736
0.0610165
0.0987309
0.210301
0.0603038
0.091173
0.121527
0.0782863
0.112729
0.124957
0.114012
0.161186
0.119538
0.0417505
0.0641701
0.117876
0.121655
0.144396
0.04567
0.147766
0.0276964
0.0983674
0.211089
0.128272
0.146524
0.0975977
0.0514056
0.048253
0.112146
0.0764379
0.0312796
0.119424
0.0685934
0.0509714
0.129641
0.104084
0.0717954
0.0705908
0.0973562
0.0830849
0.14563
0.0804823
0.162675
0.14776
0.0796864
0.0651826
0.0568419
0.146128
0.0395376
0.0900595
0.0891055
0.0615307
0.140881
0.032452
0.118035
0.0537797
0.0138295
0.0701404
0.0582244
0.128345
0.0305658
0.147068
0.0950986
0.140393
0.227029
0.0769376
0.0290863
0.162459
0.106208
0.0843508
0.0540576
0.117129
0.0332399
0.0657908
0.121364
0.0874443
0.14246
0.150446
0.028327
0.135124
0.152147
0.13838
0.119132
0.100733
0.0852693
0.158125
0.129707
0.169355
0.110491
0.113157
0.0429073
0.0585596
0.0588683
0.190246
0.103294
0.0628525
0.0933622
0.132489
0.126323
0.117814
0.104893
0.053016
0.124245
0.0446929
0.0782215
0.144625
0.187044
0.160323
0.0826784
0.156234
0.162507
0.0421255
0.2246
0.149387
0.122209
0.0195867
0.170774
0.089266
0.134189
0.0957667
0.0664357
0.100133
0.0836066
0.149309
0.0774289
0.093198
0.0503126
0.0625104
0.111815
0.0434461
0.199317
0.0284827
0.0594102
0.090054
0.107084
0.0861482
0.0667351
0.121799
0.100299
0.110577
0.106704
0.0678604
0.0979279
0.137298
0.134104
0.0829431
0.116534
0.0679527
0.122009
0.115539
0.0471227
0.100318
0.092652
0.0925401
0.0238054
0.0684663
0.0765101
0.0665892
0.107097
0.120415
0.0973016
0.0549693
0.108884
0.0252618
0.194642
0.121196
0.169246
0.105324
0.118559
0.0858932
0.0624304
0.0845389
0.126683
0.0943441
0.0718019
0.0890117
0.0835964
0.0696443
0.0952193
0.0910265
0.0298909
0.0539109
0.0358509
0.0461697
0.030296
0.131799
0.104794
0.164501
0.0865125
0.0484309
0.116226
0.0677842
0.147716
0.11203
0.165493
0.0296879
0.119645
0.147543
0.122301
0.0998301
0.0869987
0.113861
0.132854
0.140768
0.0833771
0.235003
0.043296
0.167675
0.106886
0.0409602
0.0361872
0.100752
0.135066
0.0264489
0.0968869
0.0579827
0.186722
0.026998
0.0535546
0.0916183
0.124908
0.141288
0.0320739
0.110416
0.0713268
0.0935027
0.0763594
0.0344741
0.0395551
0.145755
0.104784
0.0551277
0.0773233
0.205449
0.128169
0.0939507
0.11187
0.117366
0.0990303
0.0868429
0.176913
0.106877
0.192016
0.0775236
0.0830175
0.152235
0.0593485
0.0689082
0.0292269
0.0786345
0.0706332
0.0882417
0.0462129
0.147069
0.0993086
0.0820095
0.117645
0.10241
0.0910067
0.0803794
0.0744497
0.0551548
0.109354
0.127361
0.016584
0.108414
0.0814139
0.143383
0.0869874
0.108116
0.0613403
0.0304995
0.100751
0.0857393
0.0284528
0.127728
0.0893613
0.235884
0.0856663
0.0638922
0.133705
0.193371
0.0316144
0.125045
0.0780335
0.113733
0.0348288
0.136573
0.0332089
0.103743
0.0908799
0.0883198
0.0800552
0.0519797
0.0266897
0.100919
0.0677092
0.0289249
0.0981408
0.119997
0.0954207
0.0674238
0.0594054
0.153409
0.128102
0.111886
0.196284
0.0214611
0.0903909
0.0459218
0.101636
0.104468
0.0278575
0.121957
0.0738397
0.0465058
0.173757
0.135936
0.136559
0.0939758
0.07256
0.108978
0.0790345
0.0730782
0.190725
0.0979916
0.0679413
0.133956
0.138269
0.130867
0.103567
0.0507231
0.0363874
0.137019
0.108423
0.0313075
0.15151
0.0512681
0.141715
0.120243
0.114092
0.182068
0.187045
0.0776631
0.14369
0.101219
0.0975356
0.0456428
0.128676
0.110314
0.0889731
0.138805
0.0628389
0.0889356
0.0916711
0.14051
0.0635135
0.178975
0.0931262
0.230001
0.141642
0.159718
0.105815
0.0927841
0.0597472
0.0593709
0.106777
0.0721005
0.0449573
0.106095
0.0831259
0.114818
0.133569
0.0962005
0.197264
0.104688
0.0536986
0.12544
0.139854
0.217199
0.0980843
0.120529
0.0745303
0.0773341
0.181481
0.069043
0.156803
0.0757395
0.114862
0.0962349
0.0813845
0.0604337
0.0831086
0.104225
0.0952378
0.0385146
0.087895
0.0446237
0.153675
0.126285
0.0786878
0.118223
0.0388925
0.106304
0.136329
0.158368
0.0511107
0.0522096
0.0789524
0.0834795
0.0455193
0.0891257
0.078883
0.0401819
0.119979
0.13639
0.123267
0.138514
0.101239
0.0777675
0.118536
0.113135
0.0314738
0.137467
0.208498
0.101282
0.039857
0.122074
0.0667752
0.133362
0.0839829
0.152403
0.0863298
0.0819361
0.0955021
0.0849103
0.0685628
0.0991589
0.112224
0.124433
0.110971
0.0900789
0.067382
0.0927919
0.175005
0.0584531
0.145965
0.124522
0.0434823
0.108603
0.0621554
0.0670395
0.0809862
0.130211
0.0484827
0.123995
0.0766736
0.142445
0.179782
0.106681
0.115757
0.0594169
0.0372047
0.0682553
0.0464421
0.0853965
0.183721
0.117016
0.0923217
0.107072
0.136327
0.208055
0.0287353
0.153217
0.0764933
0.0711118
0.122703
0.0967625
0.0578303
0.152341
0.123886
0.0193407
0.0962959
0.0711206
0.0413217
0.170336
0.0604232
0.0289859
0.0890657
0.0718682
0.0165706
0.0422879
0.0725857
0.0663378
0.0377872
0.0814758
0.150305
0.058578
0.188071
0.11158
0.111399
0.0759103
0.118853
0.0887398
0.0296498
0.0838573
0.115117
0.0513817
0.0278334
0.130205
0.125836
0.150441
0.0801667
0.0551361
0.125911
0.0626003
0.0347453
0.121214
0.0760303
0.02746
0.0880025
0.0690988
0.24811
0.0742889
0.204597
0.0720058
0.101448
0.0403547
0.0477196
0.0315971
0.0862069
0.07285
0.0895222
0.175479
0.141474
0.523545
0.0928229
0.409909
0.136676
0.340626
0.164162
0.129207
0.449782
0.166842
0.250143
0.381827
0.0749709
0.214012
0.101747
0.319053
0.316745
0.163021
0.151851
0.112995
0.158137
0.0893965
0.427469
0.063881
0.108345
0.15759
0.0353516
0.155269
0.0836371
0.319767
0.434736
0.0626271
0.291137
0.400556
0.350405
0.127147
0.284115
0.296991
0.317357
0.211669
0.252932
0.0538558
0.065787
0.208017
0.167262
0.204795
0.435715
0.333375
0.193005
0.365855
0.262067
0.11687
0.215984
0.121907
0.326085
0.159399
0.180751
0.225375
0.241015
0.228675
0.168863
0.199029
0.159136
0.181427
0.119064
0.0893362
0.205204
0.42877
0.322286
0.30253
0.104274
0.142038
0.158051
0.129747
0.281892
0.217856
0.3066
0.104565
0.275432
0.273771
0.10329
0.158211
0.17625
0.102498
0.41227
0.162621
0.0651169
0.193102
0.14809
0.417039
0.397929
0.139926
0.116217
0.270335
0.0514085
0.200508
0.417851
0.176805
0.217553
0.23407
0.0617685
0.0715958
0.268557
0.211059
0.181199
0.0351582
0.280051
0.128721
0.226925
0.405986
0.180892
0.116774
0.0897324
0.296113
0.364461
0.15899
0.20816
0.232322
0.172485
0.354192
0.193233
0.0702457
0.0390086
0.332623
0.378691
0.163646
0.179847
0.145085
0.121652
0.462115
0.236961
0.0751241
0.0809977
0.166923
0.22469
0.202578
0.068937
0.10693
0.394668
0.216471
0.413022
0.0834835
0.484259
0.297725
0.376356
0.16589
0.249431
0.339934
0.268095
0.173613
0.176565
0.423806
0.154261
0.381764
0.234652
0.206768
0.299768
0.0831197
0.457827
0.372707
0.110579
0.108176
0.132532
0.182139
0.0416121
0.104657
0.168989
0.462326
0.204627
0.136475
0.0909648
0.205062
0.128612
0.149615
0.403142
0.083841
0.160872
0.336261
0.0248231
0.0804788
0.132198
0.255944
0.0546502
0.221656
0.334176
0.267378
0.333682
0.253609
0.351001
0.250064
0.16274
0.369203
0.0772375
0.0662052
0.0967026
0.212581
0.278765
0.201367
0.392475
0.0946952
0.207281
0.223683
0.290371
0.075034
0.281251
0.189785
0.0303162
0.334364
0.188306
0.164817
0.0702562
0.482143
0.113
0.148415
0.317942
0.180319
0.133884
0.108858
0.104052
0.196617
0.131127
0.0994441
0.383636
0.176721
0.449591
0.202494
0.225728
0.187215
0.126904
0.209134
0.107542
0.12033
0.0718914
0.186412
0.380881
0.064995
0.459318
0.0821218
0.121281
0.337201
0.364786
0.156552
0.254575
0.289541
0.14662
0.320576
0.284393
0.386782
0.175047
0.340313
0.260748
0.465387
0.450841
0.112496
0.119257
0.233957
0.462278
0.347934
0.418203
0.234942
0.0504965
0.287473
0.0713424
0.160869
0.435899
0.148399
0.27501
0.273574
0.0549942
0.363942
0.311718
0.132292
0.17971
0.298967
0.345787
0.131277
0.176977
0.3852
0.137646
0.246015
0.34287
0.162059
0.444162
0.178625
0.366745
0.199657
0.22316
0.0869516
0.262814
0.326993
0.113743
0.250234
0.0384225
0.139393
0.0317468
0.0473005
0.0616866
0.13557
0.124075
0.139594
0.427082
0.0935408
0.107844
0.180816
0.100421
0.0493934
0.0573652
0.321636
0.0611546
0.239348
0.144205
0.175263
0.0954904
0.166799
0.144205
0.430391
0.0538356
0.301754
0.216304
0.356655
0.0780436
0.0374587
0.209993
0.093912
0.113277
0.169062
0.202225
0.298628
0.0444983
0.192283
0.159648
0.209371
0.263473
0.226764
0.166305
0.231341
0.377153
0.469241
0.136383
0.118386
0.22821
0.420241
0.391922
0.113521
0.263633
0.0507049
0.0479611
0.161188
0.295747
0.441292
0.430296
0.139654
0.152832
0.0634365
0.119111
0.343766
0.267323
0.490673
0.0842749
0.255832
0.227099
0.166511
0.0677673
0.192575
0.0513083
0.460077
0.4321
0.259467
0.369612
0.121423
0.28001
0.226198
0.163075
0.265828
0.436815
0.419333
0.098045
0.199651
0.274025
0.381061
0.186442
0.0697628
0.0488747
0.143243
0.418835
0.09367
0.360927
0.221307
0.0563737
0.149966
0.163961
0.281974
0.0852978
0.185075
0.21216
0.211874
0.228568
0.0678557
0.147507
0.181353
0.0331056
0.261125
0.234138
0.168054
0.0946573
0.193901
0.140338
0.276482
0.0816463
0.191599
0.123773
0.0688972
0.0703535
0.25981
0.0486669
0.0703543
0.372043
0.182775
0.220881
0.38621
0.105469
0.226854
0.139518
0.316525
0.120593
0.304398
0.433362
0.0765565
0.063058
0.300967
0.134737
0.146097
0.259032
0.43987
0.0191547
0.249211
0.423384
0.21072
0.262657
0.307079
0.0673482
0.144789
0.498991
0.378951
0.135327
0.16944
0.438496
0.122553
0.366985
0.154813
0.0444208
0.406617
0.0795604
0.0767451
0.0866496
0.298472
0.131491
0.198539
0.233116
0.11338
0.0817796
0.0719105
0.30814
0.273934
0.114068
0.216174
0.257527
0.233275
0.346645
0.244676
0.0360315
0.185143
0.157639
0.155363
0.201772
0.315732
0.0535738
0.11883
0.0817013
0.115435
0.156361
0.243148
0.153422
0.417355
0.36119
0.220426
0.0329967
0.12331
0.313249
0.35805
0.100881
0.207906
0.368398
0.249881
0.183503
0.0632937
0.104269
0.20613
0.164612
0.128811
0.373908
0.0694718
0.293196
0.274884
0.0801214
0.122469
0.260351
0.178365
0.0908633
0.153807
0.369868
0.0583613
0.212169
0.1331
0.250583
0.225683
0.143492
0.311425
0.205071
0.292789
0.163169
0.120202
0.431838
0.208638
0.0930713
0.133895
0.170219
0.113564
0.421436
0.1799
0.317315
0.123286
0.300635
0.171729
0.0917481
0.238494
0.216888
0.224886
0.131978
0.122172
0.385758
0.205491
0.164655
0.0645128
0.194937
0.124003
0.239587
0.367401
0.086372
0.0415707
0.360577
0.35442
0.177073
0.227735
0.0504062
0.137817
0.107562
0.174022
0.306475
0.403209
0.222334
0.0947288
0.246181
0.104211
0.201917
0.220686
0.205748
0.434418
0.0375697
0.365621
0.0919398
0.0995374
0.1663
0.109485
0.441987
0.483921
0.127811
0.395104
0.0613957
0.426699
0.0908809
0.279808
0.161973
0.422032
0.363889
0.19792
0.141548
0.132558
0.212536
0.2115
0.340196
0.15478
0.257894
0.172681
0.145156
0.288867
0.132823
0.164421
0.420826
0.440098
0.408476
0.296721
0.403813
0.424836
0.142633
0.177226
0.155916
0.0945591
0.0476559
0.262599
0.0332666
0.295446
0.471404
0.214588
0.199735
0.438504
0.398074
0.094974
0.209234
0.309415
0.094611
0.394108
0.309097
0.210624
0.217053
0.197062
0.142656
0.117968
0.17669
0.183204
0.366363
0.291414
0.196572
0.109871
0.172269
0.146884
0.142933
0.172432
0.0964191
0.108711
0.25993
0.329885
0.126732
0.422268
0.187618
0.123869
0.0699585
0.145329
0.410458
0.0652928
0.189842
0.236611
0.133789
0.419481
0.323558
0.538562
0.193943
0.387407
0.181391
0.129207
0.271672
0.161106
0.142397
0.104881
0.0969705
0.375543
0.065369
0.0803031
0.274135
0.185077
0.201053
0.129242
0.0978128
0.0689257
0.0297606
0.224366
0.204191
0.163776
0.0725737
0.210983
0.314945
0.240404
0.08465
0.366172
0.14169
0.222417
0.0598372
0.180494
0.148757
0.0936012
0.0747729
0.173575
0.230157
0.227129
0.0949675
0.278898
0.29369
0.10604
0.0860779
0.142402
0.268923
0.383661
0.185648
0.0591683
0.120407
0.204902
0.141622
0.073077
0.241011
0.0996805
0.298785
0.0923504
0.0865995
0.190427
0.235241
0.0829728
0.250181
0.0902084
0.215006
0.286693
0.273983
0.171563
0.120856
0.264757
0.229746
0.191036
0.240958
0.0711775
0.105676
0.362254
0.266727
0.205143
0.107837
0.141333
0.162453
0.0904092
0.149133
0.121193
0.18691
0.160999
0.186442
0.163455
0.266697
0.157488
0.198492
0.112406
0.268168
0.0296614
0.175594
0.331359
0.283795
0.25984
0.146179
0.240394
0.114304
0.111491
0.0625273
0.10166
0.271373
0.253581
0.208358
0.118237
0.210075
0.118977
0.142033
0.141893
0.123314
0.0614506
0.384743
0.397536
0.173436
0.093403
0.199021
0.118736
0.267427
0.218883
0.226301
0.11637
0.117231
0.166279
0.187141
0.411083
0.12708
0.0935396
0.0591479
0.365636
0.134394
0.215376
0.132393
0.0808582
0.0544109
0.243731
0.0440741
0.160851
0.267439
0.17759
0.212709
0.189521
0.0679037
0.197093
0.154523
0.202037
0.246952
0.19468
0.297062
0.178742
0.207459
0.243516
0.350881
0.127918
0.150342
0.0739072
0.074503
0.11366
0.0619703
0.142888
0.106504
0.0646366
0.213548
0.0337355
0.240496
0.211136
0.0646594
0.163354
0.0937207
0.257523
0.0825089
0.21209
0.173364
0.183498
0.362424
0.235806
0.221836
0.197671
0.135684
0.171115
0.158077
0.159156
0.0793758
0.0955334
0.364885
0.124576
0.163519
0.126118
0.35188
0.320702
0.144906
0.11057
0.256036
0.0950688
0.124302
0.0999358
0.0450494
0.263767
0.19244
0.208953
0.235615
0.214895
0.108178
0.094698
0.138516
0.134635
0.271127
0.337083
0.282689
0.0801855
0.0736776
0.0923884
0.142545
0.133274
0.115611
0.086034
0.262718
0.040796
0.208526
0.321261
0.102881
0.256672
0.099254
0.115463
0.268804
0.190909
0.0279114
0.0829375
0.327929
0.205528
0.0749832
0.116077
0.29936
0.231538
0.0904889
0.17646
0.148842
0.225953
0.160364
0.341028
0.210573
0.284671
0.1484
0.090704
0.0555147
0.200863
0.118571
0.158196
0.128339
0.190254
0.0809047
0.095892
0.0704141
0.296246
0.318509
0.112696
0.121577
0.0980621
0.234373
0.193268
0.34074
0.0514475
0.0634739
0.0920124
0.241696
0.238821
0.23983
0.193817
0.0712189
0.241758
0.171674
0.223858
0.0348132
0.151189
0.299015
0.0805877
0.0834675
0.38486
0.0634206
0.232468
0.091595
0.0951423
0.0817095
0.160527
0.0932955
0.142394
0.114526
0.246165
0.236823
0.233046
0.181078
0.0687214
0.201076
0.0519288
0.135849
0.364123
0.234718
0.207417
0.0811548
0.333626
0.07586
0.144161
0.110424
0.134044
0.234364
0.25336
0.0839611
0.120916
0.22268
0.066294
0.0532456
0.148291
0.14044
0.113529
0.137429
0.12969
0.368173
0.0870351
0.0573991
0.264547
0.145895
0.254125
0.272321
0.383729
0.0378146
0.425258
0.268738
0.0295895
0.0974827
0.0775858
0.179917
0.212576
0.336603
0.0957901
0.0729676
0.139011
0.324331
0.150005
0.18367
0.0178879
0.11522
0.0874175
0.0835042
0.137228
0.0702335
0.185349
0.192658
0.316488
0.218723
0.181772
0.0395656
0.134176
0.0874083
0.231652
0.168077
0.167165
0.370696
0.21251
0.225465
0.361909
0.0996208
0.269272
0.102727
0.174286
0.21617
0.0385396
0.0912429
0.148431
0.180696
0.230102
0.108769
0.199529
0.0460631
0.191687
0.196842
0.191694
0.134281
0.278299
0.125224
0.0870522
0.258395
0.203855
0.0589629
0.234188
0.201108
0.129239
0.318139
0.33049
0.190729
0.217712
0.223691
0.298369
0.350655
0.234668
0.0709708
0.238381
0.0508687
0.119331
0.150892
0.110854
0.170132
0.170551
0.0801493
0.052311
0.235088
0.240636
0.307371
0.0611141
0.160549
0.152132
0.0690942
0.257553
0.166709
0.238454
0.0639067
0.109947
0.163714
0.13878
0.0566154
0.194896
0.220769
0.325248
0.170683
0.0642628
0.0980856
0.0643448
0.124218
0.399612
0.262799
0.0754464
0.227717
0.10845
0.0824453
0.300287
0.215457
0.284995
0.38097
0.130189
0.0572667
0.0934472
0.0593783
0.0981208
0.175894
0.108817
0.196891
0.125137
0.168856
0.299016
0.240999
0.121544
0.279941
0.135709
0.0347188
0.130544
0.361194
0.279729
0.111456
0.113529
0.164186
0.255651
0.154535
0.114916
0.114666
0.219643
0.35016
0.215936
0.210087
0.149693
0.287086
0.130168
0.0789019
0.222906
0.10818
0.220324
0.0607224
0.146773
0.189836
0.262192
0.159852
0.130037
0.0651065
0.18974
0.0804233
0.143708
0.187358
0.219924
0.0938985
0.148575
0.0494957
0.13972
0.14427
0.209896
0.188275
0.41521
0.195885
0.228549
0.24981
0.164944
0.125205
0.0792408
0.337378
0.0916727
0.16065
0.240615
0.175253
0.276572
0.0774512
0.281798
0.210932
0.109267
0.103133
0.160406
0.0819936
0.268975
0.0915065
0.233713
0.0913
0.0746769
0.106429
0.21886
0.102545
0.147308
0.179313
0.239976
0.194586
0.310535
0.356795
0.124251
0.18348
0.256337
0.270328
0.11063
0.208266
0.317172
0.150582
0.1907
0.138989
0.1631
0.126802
0.226933
0.163533
0.11679
0.227706
0.148876
0.203669
0.121111
0.0897395
0.405922
0.128241
0.155996
0.0579835
0.333058
0.202177
0.298514
0.31518
0.0456325
0.114588
0.190558
0.316205
0.0932034
0.106673
0.232182
0.206591
0.043134
0.187938
0.0568293
0.0828956
0.216317
0.361849
0.11869
0.31655
0.0769803
0.105162
0.0997691
0.300683
0.069661
0.134439
0.115615
0.100494
0.239394
0.142735
0.0319314
0.0678241
0.100972
0.197513
0.266435
0.181907
0.220356
0.124175
0.0789853
0.0911391
0.064472
0.122801
0.217974
0.152318
0.146744
0.139034
0.154941
0.24123
0.0913097
0.200013
0.233463
0.270208
0.0753988
0.148078
0.228501
0.143402
0.16054
0.228636
0.163181
0.218257
0.152368
0.318508
0.124396
0.115937
0.087182
0.369049
0.247112
0.16185
0.210942
0.263382
0.0958094
0.237562
0.0831734
0.175298
0.173914
0.147421
0.11606
0.122083
0.170958
0.177682
0.303435
0.220345
0.0587296
0.16469
0.205352
0.0856775
0.242916
0.17439
0.201339
0.303677
0.127929
0.202108
0.116349
0.0988793
0.317487
0.290871
0.0367798
0.0603588
0.213979
0.0458253
0.152144
0.119871
0.113912
0.312047
0.239992
0.239323
0.315666
0.156878
0.301352
0.200794
0.0737663
0.100294
0.087857
0.153948
0.39259
0.0380859
0.0890498
0.0724979
0.32091
0.135483
0.158547
0.171093
0.0374203
0.297771
0.430516
0.144345
0.172054
0.121027
0.0706679
0.0314027
0.314129
0.250475
0.0700684
0.0729802
0.0954285
0.14621
0.293548
0.229646
0.173054
0.119657
0.252468
0.249947
0.0891103
0.0695753
0.162978
0.160539
0.0945842
0.137946
0.103195
0.196389
0.0643616
0.106121
0.108221
0.167086
0.0919478
0.113721
0.128007
0.124678
0.213089
0.1732
0.13202
0.125221
0.0979599
0.165336
0.22084
0.229314
0.199535
0.193127
0.100316
0.158293
0.138926
0.238841
0.0767085
0.241638
0.213585
0.14148
0.216596
0.0788248
0.108672
0.081269
0.0874256
0.107608
0.0618147
0.162892
0.0959785
0.0947397
0.149131
0.116567
0.151396
0.15439
0.23441
0.0838914
0.0437353
0.0355688
0.0310901
0.234633
0.0741702
0.198842
0.205532
0.15147
0.152665
0.1799
0.34949
0.346433
0.0491047
0.124187
0.151959
0.106197
0.0773389
0.0388277
0.256759
0.279077
0.131223
0.176235
0.163533
0.17661
0.109234
0.205025
0.0811448
0.162836
0.0306034
0.230345
0.127763
0.219121
0.0945315
0.129681
0.0762979
0.219328
0.118038
0.267602
0.108203
0.368051
0.116372
0.228404
0.108058
0.121735
0.0595497
0.08346
0.0540424
0.102282
0.202726
0.107667
0.162648
0.121194
0.17082
0.195775
0.0856472
0.097352
0.128175
0.0635589
0.0812982
0.179632
0.125103
0.255952
0.171446
0.0678431
0.172237
0.22414
0.166443
0.0736777
0.202865
0.037565
0.244794
0.13331
0.109644
0.0350698
0.185685
0.201651
0.193502
0.132492
0.0829021
0.0573635
0.173103
0.20263
0.165679
0.117862
0.0561591
0.133779
0.127227
0.175137
0.124244
0.139775
0.232077
0.198247
0.134005
0.0868195
0.0918904
0.132756
0.0557679
0.194359
0.138386
0.159176
0.201681
0.0678823
0.210598
0.181192
0.157302
0.100431
0.0785572
0.20278
0.0970542
0.153427
0.0288168
0.178553
0.24028
0.114401
0.134766
0.274403
0.16308
0.183958
0.150415
0.0901143
0.171585
0.091731
0.166109
0.0786665
0.15829
0.178832
0.112189
0.0641164
0.0673665
0.17753
0.274291
0.192206
0.0734017
0.0912933
0.0933853
0.10826
0.17832
0.276712
0.179953
0.303393
0.167726
0.172775
0.143523
0.154928
0.253457
0.131739
0.240837
0.165046
0.269097
0.042757
0.27471
0.228395
0.207258
0.162817
0.153926
0.232673
0.19625
0.18016
0.125749
0.0678926
0.171899
0.28448
0.125943
0.0833241
0.0860619
0.122022
0.252722
0.0570796
0.2825
0.0855045
0.0542241
0.112475
0.214687
0.140768
0.114418
0.194528
0.338886
0.236006
0.182035
0.137021
0.0823858
0.0679229
0.0940027
0.0798721
0.317682
0.148563
0.217914
0.224575
0.0528861
0.147855
0.218626
0.127029
0.238732
0.211939
0.0803784
0.0707274
0.241196
0.0855409
0.0599852
0.315411
0.151892
0.130987
0.234359
0.0857966
0.223961
0.156187
0.108025
0.226538
0.0681045
0.132176
0.270265
0.0671068
0.221965
0.185517
0.129127
0.0462376
0.230689
0.118905
0.0782195
0.171784
0.198521
0.102787
0.124677
0.105602
0.096586
0.115618
0.261383
0.298263
0.104435
0.0981721
0.290553
0.164555
0.207261
0.237171
0.266988
0.0281234
0.291126
0.0860637
0.0435824
0.074848
0.14837
0.183098
0.185674
0.26508
0.288479
0.25384
0.183551
0.199473
0.197755
0.32012
0.253253
0.287244
0.0700868
0.145785
0.0324095
0.215681
0.0390358
0.147429
0.143151
0.113439
0.0708226
0.202066
0.0911357
0.0706434
0.214184
0.225658
0.0733644
0.29929
0.064354
0.171355
0.16637
0.103928
0.0713453
0.106046
0.198822
0.274269
0.270357
0.123891
0.129734
0.182973
0.117992
0.229402
0.309912
0.317925
0.108859
0.118322
0.265933
0.285485
0.294683
0.0552814
0.120424
0.159565
0.105114
0.221085
0.315251
0.160747
0.0710797
0.135625
0.34467
0.14942
0.226214
0.127898
0.0764347
0.168574
0.139363
0.281885
0.116222
0.243238
0.125725
0.192465
0.184945
0.102931
0.253552
0.118374
0.191557
0.100365
0.129392
0.218723
0.264358
0.130166
0.179052
0.0776692
0.179883
0.0608895
0.12375
0.0446083
0.147971
0.172965
0.0922333
0.111836
0.0510685
0.0592799
0.161612
0.0445833
0.322989
0.139805
0.0678747
0.153055
0.0523977
0.0445454
0.113046
0.180181
0.0571605
0.0661108
0.0857342
0.106443
0.167616
0.125491
0.332937
0.233181
0.210793
0.152584
0.107691
0.0409291
0.240254
0.0400018
0.164035
0.178033
0.0325299
0.110888
0.0656311
0.0737105
0.266887
0.154581
0.113048
0.292781
0.16122
0.236656
0.157617
0.137164
0.153046
0.106231
0.244831
0.133436
0.0858131
0.175881
0.198043
0.0894972
0.201294
0.0796896
0.118684
0.0370891
0.141548
0.176936
0.0747542
0.104117
0.16973
0.135789
0.168395
0.0848566
0.109461
0.138105
0.0559362
0.0780457
0.122779
0.0909965
0.163196
0.182989
0.159175
0.0661354
0.171827
0.0865684
0.262492
0.244129
0.10778
0.0676836
0.117208
0.079243
0.0867403
0.080493
0.13483
0.0913781
0.2489
0.125232
0.125111
0.256006
0.0576988
0.136693
0.0580071
0.123901
0.111563
0.131775
0.0462324
0.0641495
0.0917904
0.279577
0.0745779
0.124814
0.0930063
0.214036
0.0755501
0.138862
0.0753087
0.139986
0.148231
0.139895
0.212929
0.130319
0.0402795
0.118506
0.131308
0.297233
0.179449
0.222731
0.104684
0.1746
0.215671
0.195417
0.108186
0.0659365
0.198606
0.317423
0.26257
0.14429
0.063549
0.21205
0.10132
0.220783
0.0481911
0.229655
0.147678
0.0925632
0.118275
0.06513
0.234657
0.0615975
0.167491
0.175665
0.0434175
0.318253
0.120129
0.126247
0.256491
0.246991
0.191885
0.0995882
0.199783
0.228218
0.0825071
0.134978
0.206063
0.247532
0.046244
0.282959
0.186494
0.154738
0.0388956
0.0937069
0.0830906
0.232986
0.255101
0.0586463
0.0995717
0.175085
0.173059
0.2054
0.1473
0.162073
0.0981549
0.0530909
0.297932
0.136655
0.118684
0.153522
0.154627
0.117565
0.234397
0.123799
0.264335
0.0662397
0.0575504
0.263534
0.0753798
0.226951
0.0992028
0.204425
0.0346845
0.0440691
0.177698
0.125563
0.212212
0.141948
0.178916
0.238861
0.184159
0.0669939
0.135843
0.211624
0.0999305
0.225606
0.058007
0.0618467
0.15964
0.0717148
0.178833
0.179221
0.301538
0.180499
0.203959
0.0938022
0.145504
0.259496
0.260448
0.200007
0.17201
0.144825
0.107428
0.269972
0.142163
0.116906
0.211523
0.266464
0.0420894
0.0949099
0.214154
0.101315
0.0507321
0.255021
0.130922
0.183834
0.0510741
0.193479
0.0578514
0.182759
0.047205
0.0848981
0.160507
0.0938031
0.155842
0.118994
0.170662
0.221103
0.0529368
0.0186527
0.104398
0.106555
0.15538
0.251388
0.13216
0.0585297
0.22416
0.240095
0.256058
0.219718
0.234672
0.165266
0.127936
0.165794
0.21835
0.13983
0.0759063
0.0416521
0.0607067
0.160854
0.0586349
0.0952083
0.160546
0.0692035
0.154053
0.184083
0.0641096
0.0680618
0.251888
0.155466
0.203228
0.305091
0.0530261
0.0308678
0.020662
0.0597241
0.0303449
0.0860598
0.15697
0.0657697
0.0353528
0.0946033
0.0555334
0.0548646
0.0462058
0.0392399
0.0723068
0.0934155
0.01265
0.0368505
0.0312535
0.0866335
0.0288115
0.0355663
0.0479682
0.0337636
0.0553882
0.0224384
0.0299498
0.0166863
0.0443107
0.173349
0.0762271
0.0905899
0.105174
0.0279311
0.0355125
0.0549792
0.0650984
0.0347236
0.0415438
0.124042
0.19797
0.101926
0.0712521
0.118187
0.0786351
0.0536873
0.0554996
0.0429003
0.0912384
0.122691
0.0237993
0.0452987
0.100189
0.0673269
0.0746999
0.198203
0.0770719
0.0166165
0.136913
0.0316395
0.0322138
0.0568234
0.0126932
0.0879932
0.0684008
0.0210746
0.0352929
0.0444189
0.0254648
0.0581252
0.066201
0.163618
0.100008
0.0359523
0.0905708
0.110606
0.0742363
0.0263046
0.0701369
0.0468291
0.0273988
0.0326393
0.0364652
0.146036
0.0508009
0.0521781
0.0617042
0.113164
0.042963
0.176517
0.0629664
0.131612
0.0712031
0.0305211
0.0207723
0.129475
0.0280406
0.0436312
0.121521
0.0810249
0.0271228
0.0524562
0.036778
0.113623
0.0590732
0.144686
0.0274195
0.0450672
0.111252
0.0530511
0.0308467
0.0521675
0.0708514
0.0644294
0.0413352
0.0364587
0.101075
0.137488
0.0167063
0.0464655
0.0321417
0.0522825
0.0301299
0.0155227
0.0239111
0.0297183
0.0692378
0.0254423
0.0700343
0.139345
0.0140026
0.0400746
0.0618728
0.0330902
0.188567
0.0786333
0.0470452
0.0501546
0.0490314
0.0488734
0.0658716
0.0443151
0.0294122
0.0585731
0.0212271
0.0362655
0.0310609
0.0211815
0.0374063
0.0555254
0.0597133
0.0260735
0.0388851
0.0222369
0.131759
0.039267
0.0778758
0.0472404
0.0242899
0.0359293
0.136347
0.0587478
0.0610718
0.0540517
0.0604936
0.083315
0.0180832
0.083209
0.10812
0.0588114
0.0725387
0.031743
0.105399
0.0407643
0.158782
0.0345941
0.139387
0.0970843
0.172161
0.0862997
0.0449305
0.0331578
0.101439
0.0449808
0.100301
0.0963048
0.0566326
0.0695288
0.050399
0.0948895
0.0437753
0.158077
0.0178332
0.0340185
0.0149456
0.0585706
0.0619661
0.025515
0.0318376
0.0510659
0.0538854
0.0715295
0.05133
0.103833
0.0744847
0.15197
0.0509641
0.0328451
0.160605
0.0803253
0.0514751
0.0964138
0.0250655
0.0216105
0.143406
0.0495336
0.0416588
0.0503715
0.100651
0.0752939
0.0783366
0.0794255
0.0160058
0.0495709
0.0743145
0.170581
0.181786
0.0320042
0.0736573
0.0369087
0.0302302
0.192501
0.106171
0.0492493
0.0262441
0.0624052
0.0545087
0.107427
0.0302158
0.021876
0.0129701
0.0589272
0.0283878
0.0704221
0.0404268
0.0198993
0.0310712
0.0985893
0.0752878
0.176761
0.116907
0.0330921
0.0618827
0.0925969
0.0749177
0.069784
0.0159898
0.0213414
0.0616405
0.0487926
0.0782004
0.0701496
0.045391
0.0540462
0.0381878
0.0958472
0.0858774
0.0830173
0.0750207
0.0572112
0.0633866
0.0775405
0.0760827
0.057608
0.0404652
0.146519
0.0996762
0.0870728
0.0362087
0.160273
0.0431311
0.136906
0.077476
0.0201212
0.0327638
0.0518819
0.0752669
0.0193634
0.0386793
0.043641
0.0448557
0.0722594
0.0494488
0.0922188
0.0579036
0.0222651
0.166688
0.0108111
0.0527821
0.0756852
0.0941927
0.081717
0.0811056
0.0551513
0.122462
0.1753
0.0677623
0.0309413
0.0620965
0.0736412
0.109281
0.0399866
0.0479719
0.0380801
0.021029
0.218001
0.0276905
0.0681985
0.0582157
0.0440522
0.0752053
0.0389523
0.0868638
0.0312939
0.021655
0.0686645
0.0228045
0.041342
0.02576
0.0591971
0.0372522
0.164303
0.0434682
0.121282
0.0801569
0.0699552
0.126764
0.0377771
0.0947913
0.0404297
0.0783398
0.0422707
0.0217817
0.0291834
0.0357126
0.0387623
0.0202352
0.0398269
0.0209203
0.0879251
0.0970679
0.0468119
0.0333576
0.0330925
0.0445195
0.0139075
0.0896363
0.174074
0.0159952
0.022497
0.0275359
0.0818352
0.0359883
0.0445171
0.0710639
0.0574698
0.0272344
0.0717708
0.0422719
0.0265047
0.0184606
0.0369398
0.0881597
0.0896799
0.0807572
0.0998251
0.208223
0.0136651
0.031931
0.0277334
0.0215587
0.149041
0.0863644
0.143625
0.0500242
0.0703217
0.0734249
0.0390505
0.0609315
0.0143349
0.0398649
0.0233991
0.0776096
0.0188661
0.0347067
0.0769122
0.0866684
0.0329247
0.0740885
0.0320625
0.0416647
0.0349206
0.0291651
0.0480773
0.0461189
0.0622744
0.0269642
0.202077
0.0970893
0.108909
0.079319
0.0327461
0.111957
0.0670168
0.0771967
0.0816913
0.0256147
0.207054
0.0855465
0.0360545
0.0235466
0.0447678
0.0494115
0.0253177
0.162818
0.0475302
0.092003
0.0412432
0.0104187
0.0436339
0.0542162
0.0347907
0.078589
0.0360373
0.0499608
0.0666893
0.0182364
0.0978681
0.139956
0.0142838
0.0387064
0.0127948
0.0384774
0.0376002
0.0402769
0.00979747
0.0102962
0.0449681
0.0278454
0.0254699
0.0614358
0.0542179
0.0582457
0.0660471
0.0967866
0.0094891
0.124485
0.0221919
0.026314
0.0372807
0.0374064
0.0368901
0.0299976
0.11228
0.0255178
0.0336911
0.0234619
0.0486205
0.100505
0.0543376
0.150926
0.0298026
0.0504544
0.0214864
0.0624887
0.0873829
0.0855216
0.0688689
0.0539083
0.0517488
0.12287
0.0698167
0.0730069
0.0620481
0.083051
0.0257128
0.0868176
0.0314672
0.157138
0.0241882
0.057433
0.0415386
0.0384308
0.0332526
0.0322582
0.118881
0.0227781
0.0474398
0.0956925
0.011006
0.0544803
0.09342
0.0586368
0.0392144
0.063226
0.0623959
0.0854665
0.0389777
0.0196933
0.078455
0.0793747
0.0449514
0.0696805
0.0303358
0.0381577
0.0545134
0.047485
0.0145187
0.0593849
0.0690844
0.100425
0.12005
0.0257257
0.0783941
0.0603449
0.0777614
0.0101164
0.0282499
0.0539361
0.0510794
0.0698913
0.0370609
0.0779429
0.0497807
0.0204601
0.10748
0.0891275
0.138648
0.022493
0.0504543
0.0440702
0.103952
0.0408374
0.0289604
0.071064
0.0562789
0.0126774
0.0951637
0.0874912
0.183947
0.0289726
0.138943
0.0365245
0.016187
0.0617928
0.0537193
0.0327792
0.0304919
0.120613
0.0787634
0.0551552
0.121936
0.0215399
0.0730709
0.0696257
0.0398146
0.085234
0.0629785
0.0438763
0.0406995
0.151612
0.0690482
0.0221227
0.0721267
0.0284468
0.130354
0.0697211
0.0967794
0.0686443
0.197433
0.074443
0.0675053
0.116788
0.15869
0.0377488
0.0571481
0.0682274
0.160819
0.0563073
0.046901
0.115516
0.0135304
0.0601649
0.0508669
0.0420986
0.0303714
0.0314808
0.0291486
0.0340262
0.0265153
0.169751
0.0268735
0.093688
0.0297204
0.0575997
0.0678114
0.100004
0.00860213
0.0294685
0.0605984
0.0275564
0.0749906
0.0304793
0.0188459
0.0228198
0.139714
0.0446605
0.0667144
0.0561248
0.118151
0.0184895
0.0409876
0.0354526
0.0421453
0.0534212
0.0685191
0.0951519
0.0179461
0.0523638
0.0649997
0.0531953
0.0737365
0.0371049
0.0283969
0.0746678
0.0661108
0.0713806
0.0145527
0.0406898
0.0351881
0.188616
0.038737
0.0235947
0.14467
0.0206368
0.057202
0.114541
0.0361395
0.227867
0.00958212
0.0385355
0.0515159
0.22115
0.0501724
0.0900199
0.0841119
0.0311989
0.0320051
0.0453443
0.0382841
0.111308
0.0487424
0.0538067
0.0325659
0.130355
0.165874
0.0509961
0.0442088
0.00901535
0.0304476
0.0510995
0.0292855
0.0156333
0.0764357
0.0834695
0.0216527
0.407592
0.0730402
0.070985
0.106932
0.0737589
0.170236
0.0335312
0.187864
0.118764
0.123283
0.232764
0.118973
0.153133
0.0483036
0.0318778
0.0589696
0.0850351
0.0603105
0.144756
0.0707827
0.0765358
0.143116
0.0374455
0.100793
0.0583562
0.0616661
0.116035
0.0467007
0.044293
0.0387699
0.130371
0.0661275
0.0575834
0.188947
0.0857892
0.143394
0.124918
0.0666377
0.09376
0.142692
0.0773063
0.123458
0.0983073
0.213374
0.127806
0.126723
0.135966
0.0395609
0.0502934
0.0344631
0.036325
0.107849
0.043565
0.100872
0.140392
0.0623935
0.0627984
0.0467813
0.111514
0.0994405
0.0548043
0.111658
0.0419977
0.169568
0.121868
0.0647183
0.0956621
0.028219
0.022226
0.123197
0.191539
0.205072
0.0397338
0.0383854
0.0766105
0.0718328
0.146913
0.0602805
0.0581309
0.201259
0.0469339
0.0696217
0.0785754
0.0380195
0.0598189
0.0897728
0.199713
0.0673503
0.0485506
0.0730106
0.0922936
0.22363
0.0581707
0.0440542
0.0660728
0.112264
0.0819746
0.153268
0.049988
0.0670141
0.056924
0.0853788
0.128121
0.115497
0.175491
0.130224
0.157893
0.179062
0.0874344
0.0336182
0.0443128
0.182011
0.0711005
0.193944
0.100841
0.185934
0.0479116
0.0585824
0.116187
0.0933841
0.0977771
0.138593
0.0548102
0.0443711
0.128132
0.0725497
0.0312354
0.104334
0.0530238
0.0318132
0.121265
0.130479
0.266334
0.0597432
0.0393082
0.159435
0.039128
0.0291002
0.0938537
0.0905338
0.179167
0.0503662
0.0273313
0.0338358
0.0574331
0.106667
0.0798428
0.158087
0.0868345
0.158229
0.0571298
0.0878868
0.0728325
0.0523664
0.140728
0.0454762
0.0303953
0.154616
0.092237
0.117428
0.0686228
0.0562055
0.0741468
0.196205
0.1256
0.0767023
0.112207
0.0946919
0.244924
0.0444003
0.0207211
0.184524
0.0443134
0.0378141
0.092909
0.0530054
0.141786
0.0685197
0.119735
0.103247
0.0408922
0.080969
0.0306367
0.155558
0.0675048
0.0525477
0.187036
0.084148
0.0943247
0.1041
0.247139
0.059032
0.0767892
0.0226061
0.175743
0.108471
0.142963
0.136869
0.113787
0.0513015
0.115226
0.0326682
0.135208
0.0701661
0.0679633
0.102784
0.07675
0.0809275
0.0393023
0.0309815
0.134101
0.133551
0.0906956
0.0460273
0.230189
0.0450596
0.128376
0.0733663
0.14396
0.0278002
0.0683689
0.101731
0.0774738
0.228895
0.0733092
0.111301
0.221542
0.0893038
0.0333681
0.0446813
0.0457024
0.0274842
0.0693652
0.0165669
0.103654
0.0438203
0.046729
0.1364
0.115293
0.034355
0.0551431
0.0799921
0.0515163
0.153429
0.213629
0.0476088
0.0885492
0.0680313
0.072144
0.142743
0.107071
0.17106
0.115767
0.0882714
0.0951433
0.133332
0.135533
0.0296593
0.0259136
0.0320031
0.107542
0.158058
0.197746
0.0999728
0.17734
0.0576042
0.12007
0.0708987
0.0418729
0.0701358
0.117378
0.035018
0.122856
0.134891
0.0436889
0.103686
0.125604
0.0713705
0.145816
0.11
0.0322158
0.099813
0.173481
0.0869297
0.150829
0.0526246
0.118194
0.225379
0.211015
0.0617646
0.0920897
0.0483918
0.0912631
0.0900018
0.126382
0.19314
0.102056
0.0613734
0.0915591
0.186873
0.287042
0.110204
0.0888209
0.0975811
0.0663215
0.0746203
0.0343197
0.0521582
0.156054
0.0359863
0.0208842
0.0370213
0.209537
0.045108
0.0467573
0.112713
0.105054
0.0979539
0.0753361
0.108895
0.0524898
0.0102623
0.104552
0.0476162
0.113636
0.111758
0.0298783
0.0286729
0.0510876
0.0661335
0.0548525
0.0454335
0.0953755
0.164986
0.0687949
0.105609
0.050241
0.0665478
0.0206873
0.040466
0.0610429
0.110677
0.0848534
0.0395321
0.0483728
0.132344
0.10596
0.146285
0.192807
0.0643286
0.0515687
0.0371389
0.0881508
0.0352705
0.0930212
0.179006
0.0551658
0.0315938
0.0586917
0.0125969
0.19651
0.0750184
0.166904
0.125788
0.148485
0.127712
0.116556
0.157694
0.0811612
0.0546884
0.0749131
0.11476
0.260873
0.0335204
0.130696
0.0455776
0.121208
0.0759589
0.061501
0.0946136
0.148223
0.041558
0.123741
0.134016
0.0465596
0.0404213
0.0494027
0.0819334
0.213085
0.0542576
0.0909549
0.183099
0.0433702
0.0209645
0.0892262
0.12066
0.0955812
0.139452
0.208756
0.109026
0.0525186
0.135713
0.0571048
0.108583
0.104224
0.205531
0.146373
0.0269091
0.0997056
0.0829793
0.193397
0.135116
0.0542692
0.203965
0.104697
0.0280577
0.165083
0.0446641
0.192007
0.0458233
0.053276
0.121098
0.0690361
0.0919234
0.0574838
0.126445
0.102512
0.166
0.118652
0.115014
0.0983687
0.0503516
0.0762282
0.119634
0.0573297
0.196593
0.252542
0.122562
0.123336
0.103794
0.0430979
0.119617
0.102842
0.0533979
0.0498095
0.10682
0.143301
0.16845
0.0778343
0.0835495
0.0638945
0.0407707
0.101424
0.118064
0.0849138
0.0356818
0.0367913
0.166463
0.163621
0.0735038
0.245027
0.060338
0.0354899
0.0538508
0.0483571
0.0326749
0.0788085
0.135584
0.0381805
0.0687051
0.0644031
0.0794566
0.0579295
0.100094
0.0398491
0.125807
0.0361549
0.0408638
0.046495
0.088775
0.0455549
0.0723009
0.0352501
0.0245472
0.0388356
0.0275555
0.0496959
0.0541327
0.158186
0.05098
0.118
0.026938
0.114574
0.0492747
0.0385012
0.0731624
0.0654835
0.0801898
0.0934217
0.0798456
0.136662
0.211137
0.147246
0.137976
0.105848
0.0474632
0.131946
0.0488697
0.0442026
0.0301957
0.130496
0.288672
0.0567461
0.0855991
0.0977026
0.107883
0.0618388
0.0545997
0.124917
0.123988
0.166332
0.0455596
0.033846
0.230531
0.0418119
0.0515564
0.117579
0.120205
0.195069
0.0412168
0.184791
0.0278476
0.177649
0.154227
0.101487
0.138613
0.0749773
0.096035
0.0369071
0.0540567
0.03609
0.0675486
0.101459
0.101303
0.0864536
0.0424027
0.046281
0.0173364
0.114582
0.19069
0.0769878
0.0612803
0.0687513
0.0556894
0.111124
0.0661124
0.0482427
0.0461799
0.0552594
0.117552
0.0667093
0.0338619
0.0319169
0.106619
0.124344
0.0370237
0.109551
0.0611612
0.255847
0.0457573
0.0206745
0.163956
0.0564359
0.167089
0.0806691
0.0590516
0.155417
0.0392482
0.0563021
0.13143
0.154814
0.149836
0.0931251
0.164206
0.0364475
0.0985361
0.0744461
0.11004
0.115531
0.0791834
0.071413
0.142643
0.0730949
0.107023
0.082473
0.171107
0.0775786
0.0591451
0.167168
0.040037
0.0977586
0.0616878
0.104517
0.0593379
0.0508191
0.214529
0.0902507
0.106017
0.0564171
0.0311636
0.0623111
0.0954369
0.045024
0.0538603
0.0571709
0.0997658
0.131732
0.055535
0.144433
0.106582
0.0480743
0.0307398
0.097966
0.194866
0.0684749
0.11604
0.081921
0.119236
0.122537
0.0237214
0.0622491
0.124983
0.0376363
0.0504574
0.0522966
0.0779466
0.165023
0.122882
0.118431
0.0551617
0.28678
0.203256
0.0796299
0.144769
0.064001
0.0533958
0.0723744
0.0448036
0.0371295
0.0550145
0.0258195
0.0862847
0.152126
0.0568422
0.112823
0.0245049
0.139346
0.0521546
0.0583008
0.0977446
0.565229
0.0870809
0.357999
0.186947
0.0653203
0.328181
0.0434978
0.101189
0.286198
0.0219218
0.0745006
0.0970729
0.170341
0.222809
0.361213
0.0980572
0.288156
0.100891
0.0695224
0.274881
0.164347
0.104506
0.245037
0.249926
0.168028
0.0327295
0.115299
0.173597
0.152937
0.212126
0.134539
0.373435
0.258552
0.0819045
0.334683
0.207577
0.0142579
0.31877
0.267222
0.37897
0.332482
0.253173
0.190791
0.0469627
0.0833765
0.184699
0.288096
0.0361603
0.13692
0.175058
0.193178
0.31201
0.139593
0.121882
0.22558
0.0363799
0.150192
0.0722383
0.35434
0.304632
0.169681
0.338231
0.398316
0.211165
0.352991
0.157687
0.199921
0.0978296
0.0819057
0.112492
0.0776601
0.293992
0.030179
0.0714355
0.124288
0.220006
0.0519126
0.193856
0.148409
0.117286
0.122008
0.0506619
0.0904123
0.307396
0.198675
0.237883
0.129815
0.118968
0.373391
0.0539076
0.130969
0.177567
0.141236
0.308198
0.180019
0.365479
0.15837
0.0443093
0.294581
0.0542709
0.0923322
0.0546328
0.351368
0.0491778
0.147116
0.0825892
0.194746
0.174466
0.204246
0.0555264
0.144053
0.152703
0.409688
0.173575
0.0275064
0.130041
0.081677
0.133543
0.105924
0.202765
0.0910627
0.08778
0.15302
0.204713
0.249658
0.351103
0.376287
0.350964
0.125366
0.183879
0.131236
0.157835
0.147556
0.0184236
0.253449
0.126852
0.0505939
0.234675
0.0690449
0.281258
0.215018
0.182562
0.159817
0.162707
0.122716
0.328878
0.241108
0.123553
0.167483
0.148367
0.20499
0.344726
0.103356
0.062732
0.298959
0.222468
0.119582
0.247859
0.0487218
0.100561
0.109335
0.0998203
0.0655417
0.251456
0.0827811
0.0725048
0.309352
0.13981
0.316436
0.138288
0.154186
0.339895
0.0565908
0.101161
0.338038
0.219937
0.146395
0.279997
0.149866
0.0883604
0.114211
0.116666
0.23932
0.159959
0.162199
0.129268
0.188069
0.238551
0.0213324
0.170417
0.260162
0.140466
0.122981
0.204449
0.348945
0.0551732
0.0469709
0.0137118
0.274483
0.118114
0.231098
0.308387
0.235571
0.161795
0.0304073
0.0524593
0.296777
0.0379262
0.0915526
0.275375
0.321714
0.171668
0.136866
0.285698
0.128731
0.368633
0.101525
0.152336
0.161035
0.0508122
0.188922
0.150998
0.0803421
0.211333
0.313198
0.289622
0.0856141
0.183241
0.157941
0.0386174
0.247848
0.145625
0.28275
0.0708195
0.227873
0.117656
0.0997829
0.286416
0.145431
0.140009
0.0142226
0.157662
0.0541744
0.059939
0.261756
0.18902
0.0956902
0.310441
0.140386
0.326509
0.260904
0.205264
0.325314
0.104299
0.12734
0.0818433
0.21678
0.34457
0.0914922
0.218601
0.278281
0.366031
0.263244
0.0305286
0.154946
0.0987566
0.165509
0.107088
0.165046
0.106763
0.185781
0.128291
0.175105
0.361847
0.167718
0.073341
0.193918
0.122169
0.0170129
0.229273
0.175459
0.272866
0.304381
0.0750194
0.158146
0.078537
0.130357
0.113443
0.0472885
0.154369
0.180942
0.0763668
0.154701
0.0473019
0.135668
0.280324
0.117444
0.142108
0.176775
0.198601
0.103203
0.230928
0.293701
0.0708766
0.103357
0.101406
0.239202
0.139282
0.231832
0.352488
0.359674
0.287728
0.0354403
0.285226
0.243785
0.152288
0.0577738
0.37113
0.222721
0.0250459
0.191463
0.0987935
0.321859
0.282678
0.15622
0.0546084
0.166678
0.17741
0.0276158
0.350297
0.101948
0.306135
0.186687
0.0896126
0.236111
0.288263
0.220077
0.221825
0.0727656
0.321364
0.235631
0.12968
0.220597
0.00881344
0.120133
0.135015
0.0998778
0.299146
0.0530353
0.142004
0.108626
0.160593
0.226822
0.205055
0.11462
0.187306
0.163583
0.274913
0.165453
0.183811
0.120635
0.0937746
0.260621
0.165854
0.0979783
0.124989
0.0678529
0.220784
0.0542585
0.0911082
0.156482
0.208778
0.130104
0.2047
0.277614
0.045821
0.276249
0.174224
0.0507871
0.278231
0.216506
0.108087
0.0249208
0.104204
0.0901681
0.285803
0.107921
0.1459
0.306971
0.0541701
0.0362398
0.102238
0.169022
0.15928
0.0894181
0.242353
0.215704
0.0483292
0.0850167
0.04748
0.089821
0.28173
0.237458
0.108839
0.293856
0.165648
0.126505
0.155455
0.25804
0.227347
0.222989
0.126105
0.224257
0.174741
0.0285735
0.186465
0.0776287
0.309119
0.193429
0.206068
0.119497
0.0702134
0.085639
0.180305
0.226035
0.203271
0.16288
0.298713
0.308499
0.116735
0.0737364
0.114923
0.192363
0.31259
0.10796
0.0497857
0.314131
0.277648
0.146097
0.100543
0.371525
0.0748228
0.12496
0.06144
0.0669031
0.204215
0.0959515
0.196497
0.0399707
0.167672
0.048312
0.300214
0.119062
0.192945
0.259388
0.149662
0.134939
0.252251
0.10212
0.192205
0.222977
0.273163
0.193658
0.0860734
0.196407
0.158951
0.180381
0.238742
0.329255
0.361241
0.26253
0.134556
0.100767
0.18708
0.179088
0.0861647
0.158209
0.276902
0.0305889
0.139886
0.302991
0.0539827
0.112632
0.176565
0.16938
0.0964984
0.236771
0.279249
0.157413
0.0394424
0.0243428
0.203832
0.263928
0.176372
0.148497
0.133396
0.176887
0.0383822
0.20706
0.230154
0.290437
0.0886448
0.277603
0.106966
0.103252
0.240847
0.116538
0.124143
0.139066
0.0830461
0.293855
0.234354
0.02617
0.112355
0.096066
0.0601199
0.205638
0.40015
0.0844338
0.151244
0.166977
0.267087
0.0807301
0.091171
0.134221
0.189669
0.283257
0.0945784
0.0948506
0.136478
0.0360427
0.145589
0.0591369
0.296634
0.374762
0.249147
0.226475
0.136627
0.365142
0.270161
0.104307
0.300176
0.125605
0.169721
0.269948
0.0407759
0.207202
0.121705
0.14561
0.207097
0.0527255
0.295237
0.24741
0.0900001
0.0207837
0.161272
0.146712
0.089465
0.143972
0.0440015
0.0823756
0.114794
0.0461694
0.276442
0.0559471
0.186451
0.234224
0.215619
0.083092
0.242749
0.100514
0.0401366
0.103258
0.278157
0.0506739
0.103259
0.131584
0.0606936
0.269284
0.340548
0.22135
0.347678
0.347404
0.135501
0.198943
0.195713
0.133027
0.143373
0.374242
0.254067
0.0973698
0.27946
0.276162
0.297421
0.131056
0.233913
0.069716
0.0337556
0.281772
0.0539408
0.115879
0.0947139
0.040001
0.358102
0.225469
0.18154
0.0686578
0.174313
0.203023
0.184003
0.333229
0.363204
0.212022
0.12001
0.165793
0.199415
0.0290959
0.19772
0.0901122
0.183682
0.159714
0.402327
0.167999
0.0532057
0.0484191
0.0647334
0.217205
0.174003
0.119512
0.271261
