0.424846
0.220083
0.299715
0.255928
0.177506
0.233616
0.269119
0.203811
0.23994
0.193402
0.275531
0.249215
0.22415
0.259248
0.237882
0.249827
0.259773
0.157535
0.21235
0.263125
0.200846
0.296834
0.237313
0.293933
0.247179
0.204786
0.253555
0.228298
0.30187
0.327665
0.204798
0.212209
0.269497
0.290017
0.273695
0.341068
0.280935
0.201344
0.246152
0.166048
0.300929
0.254392
0.269492
0.193946
0.274233
0.320237
0.266116
0.248064
0.17488
0.346942
0.32283
0.25139
0.196351
0.210109
0.180452
0.275879
0.272378
0.316208
0.188892
0.259458
0.322137
0.267096
0.323063
0.294282
0.250952
0.256835
0.247772
0.238362
0.187055
0.277715
0.194189
0.266831
0.120512
0.336604
0.408423
0.220166
0.248611
0.254061
0.242688
0.278647
0.235402
0.288104
0.278189
0.27207
0.269771
0.22224
0.211311
0.238117
0.242432
0.228384
0.229766
0.327966
0.176817
0.239033
0.317197
0.306107
0.359502
0.262941
0.272301
0.296232
0.322804
0.22243
0.2412
0.294904
0.266539
0.266118
0.239102
0.291
0.190093
0.228621
0.222739
0.231686
0.282926
0.306614
0.292199
0.322428
0.218534
0.249191
0.261628
0.263565
0.251306
0.239479
0.215778
0.317542
0.23346
0.26727
0.222592
0.277407
0.25924
0.241547
0.23542
0.229394
0.265138
0.334818
0.260406
0.391929
0.236782
0.293363
0.243399
0.265757
0.195523
0.234834
0.21516
0.292602
0.230722
0.268019
0.223939
0.280449
0.17343
0.274248
0.253432
0.371913
0.201824
0.32401
0.292385
0.202245
0.229586
0.246315
0.351445
0.302957
0.294738
0.311273
0.228128
0.244815
0.268897
0.225889
0.226521
0.2162
0.300413
0.286436
0.312096
0.328125
0.242137
0.24048
0.273738
0.211639
0.202382
0.265654
0.289492
0.25943
0.20344
0.216462
0.176845
0.248224
0.308287
0.20789
0.205284
0.237026
0.267143
0.134677
0.245593
0.0923244
0.237674
0.218558
0.25348
0.312567
0.352129
0.279494
0.288043
0.23659
0.306234
0.266584
0.214637
0.299753
0.271409
0.289163
0.212779
0.264031
0.271082
0.325457
0.20656
0.242433
0.233231
0.227885
0.233258
0.196368
0.288579
0.380873
0.258819
0.264897
0.25732
0.36128
0.297458
0.358882
0.333159
0.345182
0.258792
0.319345
0.312371
0.250927
0.201589
0.281852
0.243715
0.242304
0.295128
0.29926
0.221534
0.267339
0.250454
0.22165
0.242924
0.253858
0.242918
0.259517
0.277717
0.259313
0.203636
0.252226
0.193787
0.278336
0.22493
0.224559
0.330607
0.210981
0.235758
0.200467
0.253646
0.328479
0.236986
0.283244
0.275802
0.274502
0.243005
0.326773
0.344831
0.17964
0.292376
0.248057
0.267097
0.2879
0.27616
0.263711
0.305059
0.203945
0.152114
0.235521
0.213122
0.349952
0.207206
0.277338
0.161435
0.213924
0.247094
0.297456
0.244918
0.281754
0.203526
0.351332
0.290563
0.222101
0.277094
0.243011
0.260046
0.219655
0.274712
0.282284
0.299516
0.18651
0.285336
0.22132
0.277064
0.206504
0.203556
0.264923
0.32948
0.219398
0.236829
0.276725
0.40109
0.279173
0.317345
0.265528
0.302175
0.199921
0.23858
0.246885
0.295621
0.252028
0.208377
0.279178
0.200239
0.188088
0.294353
0.192759
0.278019
0.214311
0.191311
0.279164
0.241496
0.187863
0.249636
0.294085
0.24701
0.216327
0.304495
0.26364
0.211977
0.204719
0.24118
0.237635
0.239016
0.312225
0.175276
0.234146
0.200311
0.201985
0.381494
0.30452
0.243236
0.248241
0.275791
0.334914
0.184813
0.253376
0.23216
0.228394
0.214022
0.196084
0.255638
0.278502
0.261156
0.216774
0.208879
0.274203
0.263066
0.12429
0.221717
0.224979
0.216344
0.214932
0.224865
0.187986
0.264255
0.281477
0.245133
0.222642
0.175399
0.357578
0.26801
0.270962
0.218047
0.217233
0.184126
0.313023
0.224116
0.26762
0.260441
0.238449
0.324302
0.250006
0.257832
0.251289
0.258669
0.256849
0.179651
0.227019
0.237138
0.265591
0.295558
0.282017
0.175818
0.260563
0.270702
0.240476
0.165352
0.212447
0.171117
0.271168
0.290538
0.265139
0.326023
0.209899
0.287037
0.312512
0.235967
0.19787
0.278814
0.168658
0.370979
0.291714
0.261707
0.280108
0.280101
0.244574
0.346942
0.237241
0.23255
0.232726
0.276679
0.27837
0.247593
0.351571
0.257998
0.249218
0.140144
0.19036
0.243595
0.242054
0.270912
0.302924
0.298973
0.315316
0.221284
0.333676
0.325709
0.309759
0.243851
0.235317
0.151259
0.250801
0.206218
0.251372
0.321361
0.274412
0.233909
0.176357
0.157052
0.19953
0.151951
0.28642
0.337081
0.272457
0.239926
0.344904
0.319077
0.183905
0.281478
0.273541
0.241897
0.198737
0.254932
0.293635
0.282401
0.22985
0.176804
0.264239
0.255668
0.250154
0.25582
0.259839
0.165482
0.270986
0.293318
0.231032
0.231654
0.273634
0.306326
0.256875
0.286198
0.275407
0.260421
0.226898
0.251217
0.242018
0.216208
0.337427
0.326059
0.311178
0.21778
0.298008
0.285427
0.555536
0.231386
0.314157
0.265783
0.289074
0.332323
0.298577
0.281088
0.180463
0.324034
0.225071
0.335391
0.339849
0.388611
0.256705
0.327129
0.325133
0.278169
0.351348
0.407766
0.329534
0.31899
0.264882
0.244794
0.333079
0.296858
0.220362
0.191225
0.243554
0.266072
0.263277
0.294301
0.278131
0.412287
0.324003
0.318578
0.331944
0.264042
0.348829
0.261569
0.362961
0.284691
0.354405
0.333384
0.242964
0.296548
0.353578
0.196053
0.265172
0.367441
0.26552
0.25034
0.226283
0.357489
0.283074
0.253191
0.389844
0.261424
0.352742
0.319908
0.290336
0.341358
0.377742
0.23381
0.366875
0.403308
0.353982
0.235826
0.241145
0.270484
0.262476
0.287208
0.260903
0.322484
0.31334
0.261223
0.340605
0.293932
0.320925
0.206959
0.221507
0.313597
0.339681
0.289619
0.322504
0.172021
0.219616
0.258974
0.358581
0.21473
0.248407
0.309889
0.288538
0.28588
0.247361
0.273086
0.256752
0.350412
0.27185
0.363009
0.264718
0.266595
0.238322
0.300503
0.251573
0.343558
0.208662
0.323454
0.350986
0.332392
0.34119
0.220358
0.278877
0.262879
0.329346
0.267224
0.218431
0.286415
0.237958
0.323826
0.394396
0.34503
0.32485
0.312402
0.28694
0.319323
0.259459
0.253019
0.202469
0.267471
0.237227
0.312501
0.288729
0.299352
0.345319
0.26152
0.228645
0.263681
0.203729
0.33834
0.179076
0.30177
0.289247
0.261943
0.192011
0.209304
0.252715
0.254809
0.179015
0.220569
0.331102
0.33709
0.285994
0.272127
0.313984
0.361936
0.202576
0.311756
0.285958
0.269137
0.240143
0.39385
0.315101
0.31415
0.297872
0.168225
0.305912
0.20882
0.313328
0.343604
0.224691
0.272965
0.217538
0.289844
0.336456
0.182191
0.182524
0.194173
0.278918
0.370318
0.31685
0.236763
0.330199
0.314369
0.278636
0.272904
0.272079
0.324095
0.335405
0.389495
0.243015
0.279864
0.289288
0.342373
0.21632
0.228699
0.249247
0.233938
0.363718
0.292992
0.306419
0.309196
0.242791
0.283714
0.348185
0.351998
0.397044
0.358348
0.369918
0.224382
0.338422
0.170996
0.193954
0.261909
0.318953
0.271989
0.273507
0.313538
0.306028
0.292084
0.280929
0.305178
0.393559
0.271614
0.239238
0.267669
0.344729
0.254397
0.328004
0.205687
0.330517
0.281576
0.244556
0.385398
0.283478
0.223216
0.252749
0.204805
0.23162
0.323219
0.356467
0.31118
0.25731
0.224357
0.257801
0.264078
0.235947
0.271653
0.231722
0.272784
0.308872
0.317452
0.360489
0.29958
0.314488
0.353822
0.211243
0.331623
0.318499
0.171899
0.224344
0.387642
0.258488
0.342532
0.307769
0.325785
0.359728
0.295426
0.233769
0.400202
0.335259
0.286358
0.37328
0.266805
0.272536
0.281358
0.318593
0.296966
0.242934
0.263447
0.160542
0.302974
0.372237
0.23349
0.34354
0.344443
0.313706
0.300513
0.297129
0.258465
0.284981
0.272661
0.242831
0.281164
0.258267
0.345339
0.246473
0.312298
0.294947
0.411905
0.257014
0.29174
0.27559
0.349287
0.32272
0.351658
0.368695
0.342755
0.264162
0.34987
0.292296
0.248811
0.38239
0.281555
0.309089
0.280187
0.307344
0.264439
0.352289
0.334757
0.280818
0.302658
0.223499
0.2712
0.180984
0.325022
0.279082
0.40403
0.228352
0.275035
0.346779
0.380758
0.288469
0.308322
0.210399
0.275918
0.296012
0.231761
0.299575
0.355742
0.317427
0.30062
0.358703
0.215913
0.252666
0.255272
0.218008
0.238723
0.23051
0.313618
0.297746
0.337804
0.336724
0.270257
0.336638
0.219278
0.26194
0.355744
0.287551
0.198008
0.20749
0.24713
0.39731
0.28519
0.355471
0.297779
0.320021
0.263181
0.373055
0.272453
0.286954
0.359336
0.254572
0.300894
0.362758
0.349287
0.298525
0.273211
0.338369
0.277792
0.281024
0.318959
0.19226
0.357959
0.173408
0.290243
0.300207
0.260549
0.338903
0.294198
0.289974
0.275099
0.372232
0.306626
0.245473
0.35329
0.347967
0.284865
0.277098
0.306493
0.258458
0.293882
0.30505
0.387244
0.319049
0.237255
0.307364
0.271233
0.364897
0.281266
0.29978
0.27925
0.284799
0.267751
0.274037
0.216734
0.295051
0.392282
0.333419
0.421232
0.379454
0.290704
0.326524
0.331517
0.317714
0.323815
0.234958
0.354874
0.183752
0.245529
0.320306
0.221414
0.200781
0.2717
0.270993
0.263134
0.269539
0.263036
0.276729
0.29393
0.317978
0.29408
0.368173
0.280475
0.279753
0.385442
0.309712
0.262585
0.245391
0.294415
0.384384
0.318403
0.366083
0.289258
0.23132
0.326298
0.264794
0.261747
0.291175
0.240913
0.384743
0.318924
0.249192
0.352523
0.250906
0.332211
0.27406
0.322728
0.256693
0.237109
0.413788
0.22721
0.291739
0.24701
0.375225
0.303136
0.308761
0.264849
0.330907
0.160666
0.3376
0.428242
0.342544
0.276617
0.43036
0.360909
0.371708
0.277781
0.274447
0.294781
0.304528
0.298522
0.281913
0.230257
0.240211
0.381382
0.2776
0.400917
0.199709
0.378899
0.543208
0.406844
0.401487
0.378981
0.376006
0.337379
0.348036
0.372364
0.42243
0.303385
0.403513
0.387544
0.390657
0.329852
0.381908
0.421052
0.37612
0.342728
0.411218
0.43863
0.402745
0.35772
0.376007
0.39286
0.367386
0.295953
0.370288
0.367024
0.428522
0.405728
0.347551
0.283332
0.359919
0.411699
0.364226
0.399294
0.411588
0.349378
0.380165
0.410028
0.34665
0.406608
0.372075
0.394897
0.388615
0.363728
0.334441
0.421539
0.335855
0.399817
0.450829
0.432736
0.373937
0.39649
0.382587
0.359018
0.316088
0.379857
0.30864
0.370423
0.339809
0.381103
0.39873
0.390983
0.418352
0.402915
0.377911
0.397034
0.36315
0.321117
0.468357
0.322555
0.290856
0.450282
0.377536
0.405261
0.33097
0.325361
0.36005
0.33828
0.418644
0.307774
0.412479
0.357389
0.38965
0.395952
0.351542
0.371553
0.356985
0.276655
0.355567
0.418328
0.343683
0.331214
0.346931
0.350958
0.350183
0.338011
0.329111
0.380681
0.311048
0.345769
0.343672
0.380306
0.368192
0.407451
0.454544
0.326691
0.394917
0.399994
0.423342
0.237158
0.298366
0.255239
0.340806
0.260059
0.314984
0.374314
0.419172
0.373063
0.307336
0.418176
0.332396
0.41028
0.356852
0.276206
0.366337
0.328588
0.337382
0.328104
0.392931
0.310613
0.311584
0.372945
0.471053
0.37823
0.33926
0.337326
0.2784
0.380531
0.236817
0.403567
0.430596
0.309492
0.421489
0.371597
0.289091
0.316951
0.356556
0.33822
0.394314
0.347759
0.279595
0.279026
0.415653
0.468261
0.293992
0.345074
0.339858
0.250833
0.297822
0.370063
0.38284
0.361809
0.29252
0.397116
0.380062
0.323798
0.341379
0.384974
0.329885
0.293616
0.322747
0.400035
0.403795
0.397854
0.415752
0.416061
0.409889
0.37351
0.415898
0.219585
0.347649
0.393635
0.377254
0.440399
0.431833
0.328446
0.35416
0.38491
0.378499
0.317426
0.393783
0.365907
0.365558
0.344113
0.427008
0.417557
0.299299
0.442023
0.359207
0.427868
0.3788
0.367645
0.351891
0.424466
0.304493
0.432775
0.347903
0.36707
0.327477
0.446923
0.335859
0.353
0.312735
0.327644
0.311598
0.355378
0.413195
0.347284
0.411543
0.407514
0.446266
0.293307
0.394409
0.381809
0.354543
0.179857
0.279998
0.333137
0.411024
0.385984
0.390517
0.351108
0.421249
0.368338
0.38553
0.405878
0.39106
0.341677
0.3903
0.361882
0.390633
0.384992
0.369353
0.38608
0.362684
0.291768
0.450907
0.355878
0.411455
0.267075
0.377943
0.435924
0.363375
0.234816
0.37611
0.255807
0.372213
0.375298
0.399843
0.41591
0.356167
0.37988
0.401728
0.318269
0.337805
0.307557
0.439134
0.309274
0.428499
0.26059
0.320481
0.429099
0.425501
0.443641
0.365805
0.387072
0.276161
0.315872
0.475901
0.352496
0.487095
0.299721
0.40033
0.400552
0.361569
0.325423
0.355216
0.322376
0.283572
0.322181
0.444433
0.414951
0.234842
0.37078
0.3506
0.352635
0.376329
0.435971
0.382635
0.403038
0.324468
0.342827
0.348611
0.43584
0.367645
0.344127
0.455442
0.379343
0.378431
0.353595
0.457683
0.352733
0.243934
0.260302
0.403839
0.391978
0.34438
0.336879
0.398058
0.333447
0.334351
0.30885
0.378074
0.326278
0.387723
0.410478
0.37834
0.317858
0.356484
0.456196
0.410069
0.379211
0.419549
0.43598
0.364658
0.449374
0.307219
0.284741
0.250951
0.416158
0.36231
0.396951
0.39207
0.379021
0.385641
0.337198
0.342739
0.361116
0.428205
0.446499
0.393842
0.367907
0.417892
0.344306
0.331774
0.388271
0.389037
0.304736
0.303538
0.350232
0.38049
0.425605
0.385315
0.347685
0.361565
0.394204
0.401709
0.436541
0.362828
0.390327
0.404507
0.411514
0.418596
0.32324
0.379518
0.357058
0.389666
0.358181
0.329094
0.411063
0.385165
0.40734
0.346153
0.328152
0.348286
0.34984
0.346673
0.429117
0.41788
0.376796
0.392288
0.272179
0.251183
0.3976
0.383764
0.314598
0.304401
0.386673
0.390265
0.38525
0.42785
0.376352
0.359364
0.390773
0.356504
0.362603
0.377831
0.402232
0.362427
0.372668
0.380554
0.4385
0.25334
0.37044
0.350974
0.316296
0.311408
0.349618
0.369988
0.43008
0.30756
0.29838
0.326521
0.339766
0.353755
0.393681
0.350846
0.390862
0.402193
0.306016
0.396006
0.38365
0.335665
0.363189
0.42066
0.374944
0.279058
0.301751
0.298877
0.375051
0.353712
0.333636
0.24336
0.376879
0.32349
0.353482
0.382272
0.222417
0.33613
0.360898
0.328265
0.343847
0.426043
0.455334
0.37291
0.296704
0.376765
0.346632
0.321862
0.334238
0.332408
0.437278
0.323467
0.368772
0.31511
0.356777
0.304486
0.358421
0.42717
0.360659
0.406578
0.3304
0.400406
0.384725
0.404057
0.279191
0.3911
0.361711
0.35232
0.430203
0.364124
0.397428
0.321126
0.247594
0.28786
0.333464
0.375012
0.286646
0.330191
0.380735
0.383344
0.343596
0.378542
0.342728
0.391618
0.41577
0.312966
0.393688
0.338715
0.351917
0.416846
0.43266
0.39559
0.428685
0.331886
0.197649
0.422102
0.318395
0.43996
0.426089
0.422726
0.443573
0.43082
0.274445
0.392756
0.447308
0.368017
0.412417
0.38768
0.390733
0.373606
0.421075
0.40805
0.419999
0.334666
0.388256
0.312355
0.433949
0.453266
0.270437
0.46945
0.347484
0.475583
0.44314
0.436552
0.389874
0.407315
0.485397
0.503218
0.351754
0.395821
0.425251
0.370917
0.319361
0.433655
0.475904
0.447329
0.361955
0.444567
0.295208
0.266135
0.465886
0.446185
0.407278
0.460643
0.434976
0.496302
0.395121
0.425962
0.313682
0.447283
0.423768
0.316899
0.423642
0.335821
0.312457
0.33106
0.343006
0.40062
0.330832
0.328148
0.405022
0.272946
0.356566
0.277662
0.399232
0.393209
0.466353
0.341552
0.312826
0.441635
0.410463
0.482465
0.477536
0.461569
0.407793
0.378672
0.317006
0.354028
0.40562
0.3907
0.338435
0.433125
0.381998
0.443479
0.410435
0.454449
0.454999
0.375542
0.265736
0.434638
0.395747
0.420943
0.338497
0.310327
0.246893
0.412794
0.454649
0.46771
0.475092
0.464403
0.398164
0.318816
0.375719
0.398641
0.432768
0.38823
0.240759
0.383054
0.398917
0.374096
0.38902
0.392952
0.463048
0.415167
0.486914
0.399484
0.401118
0.405509
0.272481
0.415039
0.41447
0.353244
0.469933
0.387015
0.412632
0.339632
0.375542
0.44607
0.427135
0.254905
0.380666
0.436813
0.380802
0.416819
0.413689
0.2735
0.316354
0.434623
0.314832
0.439384
0.276929
0.436166
0.443796
0.380097
0.400804
0.504046
0.409198
0.398853
0.413615
0.430626
0.454979
0.397614
0.411905
0.318278
0.405325
0.4368
0.451639
0.338775
0.356792
0.430589
0.414292
0.398206
0.336522
0.447438
0.450545
0.294542
0.443512
0.363287
0.335714
0.364981
0.395694
0.292393
0.381094
0.358657
0.343252
0.452313
0.462286
0.39603
0.367306
0.338802
0.248324
0.445551
0.424928
0.388427
0.2385
0.41229
0.414464
0.457133
0.389341
0.327744
0.415673
0.161569
0.519883
0.363436
0.249263
0.191251
0.358916
0.403283
0.396311
0.385619
0.251523
0.277555
0.290948
0.391811
0.38973
0.302686
0.435277
0.331979
0.227775
0.410171
0.439422
0.410291
0.261471
0.392
0.355077
0.326135
0.429969
0.398792
0.316162
0.223112
0.476883
0.411233
0.385651
0.413908
0.396914
0.29714
0.319591
0.400714
0.382308
0.3626
0.341385
0.387077
0.401003
0.264524
0.419397
0.482017
0.34887
0.280998
0.41424
0.305286
0.445119
0.447943
0.319137
0.408054
0.32645
0.455824
0.384149
0.358882
0.464935
0.420068
0.274094
0.43361
0.366904
0.459909
0.398182
0.394768
0.425488
0.452731
0.40089
0.455762
0.387846
0.386166
0.296944
0.228485
0.415107
0.378693
0.428387
0.4083
0.30211
0.34139
0.258008
0.421809
0.363598
0.398272
0.345333
0.420341
0.427587
0.426131
0.320153
0.408919
0.429535
0.452182
0.423274
0.407789
0.218305
0.403616
0.487299
0.358609
0.445356
0.391414
0.330461
0.250425
0.364535
0.420424
0.445479
0.292913
0.310077
0.192113
0.432159
0.362995
0.336441
0.334498
0.450631
0.364542
0.245121
0.346002
0.368478
0.438544
0.444954
0.424698
0.492689
0.269611
0.277856
0.419281
0.4588
0.305947
0.395813
0.459907
0.448232
0.370296
0.410544
0.39924
0.427462
0.467404
0.24541
0.399719
0.427688
0.374003
0.39133
0.357101
0.394055
0.20032
0.421611
0.416029
0.380275
0.463946
0.390899
0.310264
0.422686
0.397373
0.435961
0.371986
0.403459
0.379225
0.267395
0.361171
0.40879
0.465712
0.389216
0.43377
0.375888
0.398751
0.418196
0.451411
0.394715
0.312188
0.47784
0.495143
0.438009
0.42563
0.435493
0.42468
0.379026
0.436386
0.354149
0.265295
0.440608
0.43256
0.400575
0.419366
0.367653
0.463311
0.329639
0.428586
0.307212
0.431651
0.325408
0.467378
0.47203
0.195937
0.451226
0.465019
0.426614
0.446785
0.362569
0.434355
0.32509
0.369376
0.250685
0.296822
0.386851
0.505587
0.375665
0.415042
0.430348
0.375271
0.26602
0.372634
0.455778
0.394126
0.397429
0.45884
0.359933
0.38254
0.329843
0.464359
0.434503
0.45291
0.447359
0.387533
0.294311
0.491508
0.467372
0.468124
0.358862
0.359476
0.447318
0.41617
0.363403
0.485511
0.40726
0.387375
0.392956
0.411674
0.417725
0.417149
0.236687
0.425087
0.397788
0.470862
0.28789
0.325
0.397683
0.375067
0.436298
0.487078
0.324686
0.443988
0.397932
0.434464
0.451516
0.447878
0.457236
0.42617
0.328868
0.412826
0.465147
0.403115
0.447135
0.423353
0.435191
0.351946
0.43324
0.371668
0.474426
0.372415
0.478829
0.452107
0.430227
0.476507
0.46203
0.31655
0.429931
0.456612
0.231394
0.362296
0.355531
0.377768
0.322472
0.247189
0.426088
0.351871
0.414428
0.375163
0.355577
0.418345
0.396027
0.493294
0.295692
0.375699
0.357548
0.420005
0.441871
0.381534
0.522309
0.320804
0.339431
0.413032
0.466903
0.626952
0.506482
0.511647
0.543433
0.335073
0.48514
0.482729
0.399587
0.134997
0.453888
0.24549
0.412641
0.499147
0.454714
0.370649
0.53954
0.513603
0.534746
0.531687
0.501709
0.532918
0.407563
0.423665
0.40307
0.405202
0.493327
0.418468
0.39202
0.440498
0.493289
0.47291
0.501989
0.467734
0.509354
0.12492
0.442027
0.517882
0.397765
0.4392
0.376212
0.429697
0.396887
0.336249
0.534587
0.46205
0.453274
0.445391
0.420417
0.538039
0.339957
0.528467
0.189196
0.502923
0.311727
0.297382
0.436271
0.430301
0.531781
0.50343
0.220471
0.336341
0.303204
0.533804
0.481894
0.500907
0.477273
0.390216
0.424397
0.162462
0.458486
0.442809
0.447807
0.452865
0.45593
0.378657
0.499118
0.358595
0.425244
0.415375
0.303635
0.54026
0.550122
0.463991
0.20757
0.399539
0.483288
0.438858
0.473886
0.429652
0.408751
0.513105
0.400164
0.483678
0.361439
0.430452
0.510234
0.414296
0.473149
0.277457
0.220014
0.21267
0.399307
0.411918
0.436907
0.448581
0.443686
0.330874
0.491164
0.481705
0.461252
0.435513
0.2998
0.424879
0.316166
0.467294
0.443088
0.4829
0.519532
0.515764
0.446593
0.349387
0.515313
0.447283
0.380404
0.509555
0.309952
0.42374
0.490673
0.375279
0.600882
0.408423
0.456121
0.459314
0.346146
0.457596
0.376557
0.512244
0.452334
0.438693
0.451016
0.335196
0.484377
0.355246
0.414459
0.386352
0.292778
0.480886
0.384896
0.37687
0.35669
0.339353
0.423769
0.471489
0.288701
0.425484
0.430029
0.385814
0.500889
0.406308
0.226114
0.533726
0.402429
0.347612
0.352968
0.451024
0.417108
0.446763
0.457051
0.266861
0.423482
0.403659
0.523086
0.473428
0.446578
0.506732
0.488269
0.207659
0.408916
0.371557
0.234476
0.47872
0.545574
0.382529
0.481449
0.358027
0.539881
0.433404
0.479565
0.434628
0.386254
0.449079
0.462642
0.408369
0.350497
0.471983
0.364968
0.526929
0.44716
0.367209
0.444498
0.451523
0.382207
0.488278
0.310827
0.424691
0.430794
0.465906
0.318822
0.209252
0.351392
0.4789
0.457308
0.47848
0.406121
0.471408
0.279233
0.314673
0.464731
0.318402
0.50454
0.304272
0.42221
0.361682
0.407245
0.440129
0.524282
0.408131
0.457415
0.505005
0.452676
0.395055
0.228787
0.384567
0.276894
0.553779
0.485479
0.546804
0.470068
0.47709
0.428848
0.449658
0.446944
0.476854
0.224699
0.457609
0.398872
0.310784
0.481378
0.360255
0.417213
0.312133
0.349396
0.436197
0.370862
0.499313
0.363901
0.544399
0.433085
0.419307
0.429
0.443704
0.491786
0.358516
0.469935
0.465043
0.429555
0.464288
0.534899
0.322505
0.550061
0.346107
0.424396
0.469002
0.34514
0.337345
0.530424
0.438156
0.407459
0.52806
0.442422
0.530672
0.527664
0.489926
0.487238
0.476179
0.513586
0.186874
0.428657
0.358291
0.426444
0.498052
0.345804
0.456787
0.417643
0.463396
0.454936
0.484721
0.342846
0.37543
0.527357
0.56082
0.521223
0.38698
0.390189
0.394755
0.465565
0.429061
0.302143
0.332735
0.380947
0.2301
0.260506
0.549132
0.372457
0.411322
0.350282
0.384459
0.308089
0.536069
0.407243
0.376159
0.403736
0.343708
0.291388
0.43647
0.43977
0.368733
0.379769
0.357389
0.375702
0.407825
0.351125
0.372235
0.302597
0.356561
0.36043
0.377908
0.323803
0.328298
0.371981
0.288606
0.400421
0.385294
0.409695
0.345677
0.261139
0.36813
0.407653
0.17344
0.314562
0.395076
0.458902
0.326556
0.356029
0.465775
0.41184
0.39258
0.197145
0.355782
0.420779
0.237514
0.402625
0.343078
0.195958
0.0649865
0.339774
0.405901
0.402936
0.404166
0.310181
0.365332
0.540796
0.517439
0.362793
0.345111
0.362594
0.435614
0.390727
0.515343
0.377415
0.32091
0.394893
0.323465
0.367426
0.405514
0.404433
0.428372
0.368696
0.375512
0.411594
0.453001
0.337202
0.0999794
0.515415
0.33712
0.487583
0.426306
0.339725
0.321839
0.386174
0.403667
0.286714
0.0939797
0.350758
0.522994
0.349019
0.376275
0.390021
0.288961
0.428456
0.502122
0.415878
0.438178
0.389215
0.396779
0.407941
0.530258
0.398385
0.372034
0.50219
0.25351
0.525179
0.407182
0.531553
0.387687
0.33637
0.358954
0.404274
0.357171
0.322489
0.324522
0.412788
0.241973
0.40298
0.312042
0.386487
0.395404
0.271224
0.293862
0.386109
0.32138
0.351944
0.348989
0.497293
0.32104
0.192174
0.145828
0.522299
0.511192
0.372718
0.330402
0.447778
0.473568
0.414801
0.402744
0.513216
0.515511
0.412115
0.521715
0.308326
0.297084
0.139332
0.407278
0.232308
0.374068
0.360872
0.365957
0.462232
0.402185
0.377395
0.198895
0.347475
0.390248
0.240915
0.325607
0.309076
0.408004
0.330653
0.386499
0.303906
0.423552
0.398255
0.149074
0.30598
0.44154
0.427174
0.378582
0.405583
0.511581
0.387383
0.370148
0.38797
0.13059
0.217019
0.376832
0.35499
0.282905
0.198747
0.447497
0.349098
0.357565
0.506785
0.497821
0.408193
0.315377
0.418791
0.448682
0.367069
0.354553
0.252979
0.0836061
0.46872
0.326788
0.45394
0.304536
0.498813
0.15645
0.499265
0.426747
0.534064
0.217275
0.332473
0.41226
0.306281
0.376794
0.522618
0.339178
0.370261
0.384665
0.501348
0.33068
0.214469
0.386951
0.424102
0.374286
0.3861
0.317781
0.375908
0.323753
0.404409
0.49145
0.53679
0.315216
0.287204
0.397334
0.272408
0.521815
0.164039
0.337383
0.363289
0.534104
0.38191
0.334008
0.393726
0.350345
0.334314
0.344407
0.427155
0.507295
0.279754
0.309587
0.514683
0.276171
0.241437
0.394481
0.468801
0.326509
0.284816
0.362233
0.402543
0.332471
0.411839
0.460063
0.404573
0.363516
0.344449
0.294453
0.417729
0.421445
0.319254
0.491945
0.372894
0.373255
0.484469
0.377449
0.409338
0.436043
0.439587
0.437336
0.17147
0.350987
0.452286
0.365282
0.429903
0.365973
0.348594
0.382131
0.345882
0.425244
0.324039
0.405978
0.435579
0.488454
0.210179
0.0872815
0.0934944
0.233316
0.307853
0.0847049
0.20349
0.139461
0.0944942
0.377025
0.23353
0.227613
0.162312
0.297638
0.317905
0.103207
0.0435444
0.323661
0.0962006
0.282479
0.206292
0.371195
0.379067
0.397899
0.310218
0.163288
0.315391
0.0975621
0.273719
0.155722
0.209068
0.0836482
0.362891
0.154016
0.397391
0.287725
0.296541
0.1825
0.268609
0.195064
0.134289
0.191245
0.200648
0.411879
0.395439
0.381343
0.119601
0.189429
0.239937
0.245133
0.211708
0.189642
0.0850968
0.117912
0.275113
0.194554
0.057056
0.387116
0.062711
0.376325
0.10038
0.406554
0.256231
0.108007
0.366081
0.336438
0.276267
0.272199
0.319821
0.101913
0.155722
0.148279
0.245325
0.281676
0.198498
0.273127
0.220706
0.390973
0.226399
0.248274
0.423868
0.235237
0.19985
0.168495
0.40727
0.281727
0.279287
0.065277
0.374861
0.128941
0.177804
0.286284
0.390469
0.229039
0.243412
0.170085
0.255629
0.101369
0.263898
0.106747
0.0941753
0.129651
0.288189
0.18271
0.298329
0.174438
0.0611475
0.323007
0.114219
0.220645
0.268893
0.214844
0.289373
0.178997
0.240373
0.181711
0.197773
0.286757
0.0832985
0.216113
0.107472
0.121595
0.311456
0.16355
0.266164
0.168854
0.0964108
0.228244
0.204335
0.109221
0.278111
0.258545
0.284315
0.361935
0.073467
0.312564
0.18681
0.275647
0.283559
0.201721
0.278976
0.0595146
0.147052
0.145214
0.250184
0.228228
0.300211
0.0596544
0.302901
0.282769
0.235277
0.186139
0.0942886
0.0786805
0.237639
0.171802
0.0533033
0.212831
0.0735992
0.16637
0.283755
0.163315
0.308424
0.211668
0.289753
0.172115
0.20187
0.186311
0.315115
0.340844
0.178809
0.259223
0.0620583
0.109551
0.208873
0.153403
0.152163
0.312982
0.15826
0.224837
0.291102
0.168505
0.36654
0.280344
0.285839
0.152774
0.125593
0.350468
0.0856022
0.0548743
0.219579
0.111339
0.0754714
0.12508
0.286702
0.131897
0.0839619
0.218171
0.263626
0.169023
0.257491
0.278853
0.399812
0.182102
0.193403
0.238517
0.211006
0.276684
0.0460008
0.386226
0.25106
0.376878
0.311255
0.232132
0.271251
0.266813
0.248733
0.126524
0.139497
0.343204
0.162006
0.132864
0.0600292
0.334811
0.384058
0.226115
0.319792
0.218466
0.2608
0.205098
0.235809
0.369424
0.0574819
0.126001
0.391176
0.102343
0.26554
0.256656
0.183854
0.341975
0.21246
0.0827442
0.102846
0.295497
0.227675
0.229481
0.224566
0.275334
0.394316
0.189172
0.250939
0.107037
0.136384
0.21424
0.192614
0.255755
0.164306
0.330896
0.116926
0.240141
0.319751
0.266222
0.397501
0.169831
0.0576261
0.167911
0.235513
0.257773
0.268973
0.234841
0.211768
0.174098
0.154869
0.262889
0.212641
0.182378
0.200081
0.382558
0.234031
0.27634
0.150632
0.279926
0.393402
0.239292
0.370379
0.340317
0.184316
0.179352
0.0906099
0.17714
0.158253
0.218636
0.316972
0.164403
0.0868308
0.225388
0.158057
0.24552
0.0773685
0.0613142
0.549248
0.482051
0.50865
0.424462
0.341727
0.415517
0.488574
0.444467
0.466645
0.486479
0.480254
0.0946142
0.453454
0.320408
0.461064
0.425163
0.458592
0.363436
0.463295
0.430445
0.113268
0.418668
0.319954
0.506508
0.406578
0.387967
0.327052
0.458578
0.328819
0.489995
0.525033
0.499194
0.510687
0.305093
0.425224
0.445959
0.518523
0.471086
0.484554
0.480157
0.398064
0.398064
0.455613
0.413322
0.140683
0.457351
0.399579
0.45297
0.451982
0.331921
0.413505
0.449601
0.45586
0.319586
0.445265
0.34674
0.427396
0.43988
0.346938
0.451982
0.0534486
0.34733
0.311135
0.319823
0.326204
0.130407
0.33063
0.32874
0.365727
0.456504
0.47579
0.446093
0.331986
0.468633
0.454982
0.463649
0.454982
0.393189
0.331368
0.4648
0.436433
0.376051
0.430484
0.42606
0.324187
0.428601
0.363974
0.472471
0.23658
0.362426
0.411996
0.30377
0.408467
0.433079
0.38327
0.41159
0.464779
0.391147
0.0886239
0.362251
0.505817
0.332112
0.484088
0.376238
0.449633
0.435943
0.467115
0.542365
0.390891
0.233973
0.434644
0.434871
0.358568
0.464736
0.436433
0.455546
0.3356
0.476179
0.391682
0.487446
0.431367
0.153071
0.358878
0.443189
0.218119
0.143945
0.183175
0.397337
0.365939
0.430179
0.42123
0.508898
0.412327
0.379595
0.52023
0.40146
0.400782
0.47496
0.449217
0.443189
0.418668
0.436994
0.445265
0.480921
0.429621
0.433706
0.344032
0.428601
0.495834
0.538614
0.458592
0.482158
0.466649
0.230221
0.107582
0.405527
0.452905
0.35187
0.455908
0.320721
0.521163
0.352125
0.447169
0.449633
0.501749
0.423546
0.455613
0.399442
0.427017
0.107582
0.497509
0.326372
0.452177
0.473172
0.292953
0.357564
0.402184
0.441856
0.543096
0.23658
0.535094
0.484088
0.536923
0.210249
0.443821
0.432262
0.484224
0.442646
0.455901
0.414343
0.43303
0.450132
0.4541
0.469442
0.471783
0.437394
0.41499
0.338012
0.341242
0.473318
0.402694
0.511533
0.165437
0.352266
0.116092
0.364552
0.389999
0.484652
0.392435
0.370854
0.445697
0.364872
0.500402
0.346196
0.418916
0.453646
0.513394
0.392585
0.411554
0.207234
0.454531
0.458412
0.447169
0.3674
0.476929
0.468887
0.408467
0.48717
0.457787
0.363974
0.550664
0.430798
0.441107
0.368261
0.117514
0.201176
0.140848
0.347798
0.353125
0.457787
0.305704
0.472471
0.457772
0.487352
0.357843
0.44877
0.478676
0.330122
0.226415
0.118576
0.466173
0.436401
0.316942
0.45867
0.468633
0.406359
0.335553
0.45867
0.427471
0.452657
0.468201
0.488333
0.371175
0.492895
0.441488
0.368033
0.484727
0.460689
0.32874
0.404777
0.442827
0.425496
0.379098
0.446327
0.486479
0.381261
0.540205
0.377983
0.4648
0.502804
0.433706
0.306233
0.457772
0.448993
0.511139
0.32266
0.511462
0.468201
0.34882
0.487037
0.346911
0.0886239
0.496901
0.409409
0.421051
0.452657
0.55443
0.329128
0.353727
0.116092
0.331977
0.341728
0.0809233
0.0972195
0.109229
0.115936
0.0408787
0.0833547
0.110114
0.114246
0.0517584
0.0955511
0.172084
0.127161
0.0370643
0.080436
0.0970594
0.083898
0.177048
0.0505781
0.137493
0.0746719
0.110249
0.0427034
0.142123
0.136004
0.0810269
0.0816593
0.0857733
0.128284
0.102804
0.120688
0.03771
0.0661428
0.108116
0.0493271
0.0442873
0.0760207
0.159051
0.0712328
0.141913
0.0199847
0.0247236
0.0674726
0.045791
0.0764462
0.0759235
0.0455655
0.0997096
0.139672
0.0895947
0.113088
0.0933366
0.126231
0.0790908
0.12395
0.0205447
0.0573189
0.0584098
0.102253
0.0907897
0.0850715
0.0626819
0.114186
0.0623703
0.0676273
0.0568862
0.122061
0.146488
0.0861172
0.185396
0.0844085
0.0912273
0.122499
0.109069
0.162069
0.083293
0.224997
0.141914
0.104378
0.0722882
0.127939
0.0603129
0.165382
0.109284
0.0796928
0.172587
0.142184
0.0639362
0.166309
0.0991081
0.115494
0.101509
0.0486456
0.081969
0.114783
0.110034
0.043872
0.110425
0.0951269
0.0627839
0.0693735
0.0957007
0.0826753
0.12984
0.114455
0.0319332
0.0960531
0.133766
0.0572328
0.147398
0.0646851
0.116707
0.103913
0.091201
0.0845552
0.0234679
0.0276867
0.0895352
0.0738368
0.143696
0.117348
0.07776
0.141466
0.0609816
0.0331134
0.0415017
0.020717
0.306998
0.0762775
0.146866
0.0683083
0.0390343
0.138831
0.137484
0.0973001
0.0958478
0.107592
0.0919021
0.12715
0.109453
0.14455
0.0538364
0.0853954
0.135216
0.0633225
0.100526
0.067579
0.111252
0.0620482
0.0752655
0.039894
0.0523207
0.056437
0.0847076
0.211507
0.0586641
0.0841189
0.113038
0.0699276
0.101431
0.123093
0.107413
0.16397
0.107392
0.0381442
0.0568194
0.112302
0.109841
0.137693
0.0441532
0.133802
0.0285376
0.0948258
0.192667
0.119407
0.138346
0.0915663
0.0458068
0.0427404
0.103338
0.0742346
0.0243707
0.123994
0.0661835
0.0472912
0.122738
0.0931541
0.0623426
0.0657315
0.0974042
0.0700366
0.131206
0.079997
0.162064
0.137416
0.0784775
0.0603392
0.0420086
0.139826
0.0358582
0.0824884
0.0793505
0.0549729
0.133204
0.0324229
0.105091
0.0452077
0.0118347
0.0554027
0.0542334
0.121214
0.0278193
0.150323
0.0871006
0.127068
0.212614
0.0596685
0.0229478
0.154284
0.0987308
0.0791796
0.0500447
0.104675
0.0249704
0.0613985
0.11795
0.0792129
0.136665
0.134241
0.0273138
0.126105
0.1471
0.129701
0.103035
0.0980322
0.0779862
0.146655
0.114214
0.161459
0.105856
0.104665
0.0372663
0.0549223
0.0513048
0.162466
0.093266
0.0558055
0.0813216
0.139188
0.117587
0.114925
0.0987137
0.0422967
0.115635
0.0376411
0.0643316
0.141444
0.165826
0.145902
0.0768453
0.136628
0.166347
0.0453988
0.206546
0.143137
0.123709
0.0181461
0.153655
0.0857757
0.123491
0.0877823
0.0556322
0.0924212
0.0740934
0.140397
0.0625941
0.0885523
0.0396063
0.0484481
0.0999006
0.0356528
0.190914
0.0238697
0.0479475
0.0922916
0.0996268
0.0841216
0.0644713
0.110727
0.0944613
0.10495
0.0854504
0.0602409
0.0895739
0.130107
0.123786
0.0659959
0.106028
0.064474
0.119843
0.104119
0.0424977
0.100277
0.0900248
0.0896618
0.0186202
0.0659801
0.0727025
0.0653194
0.104593
0.111299
0.0968434
0.0463301
0.10017
0.0227665
0.189986
0.120764
0.166714
0.0972518
0.115962
0.0805409
0.061157
0.0854152
0.124988
0.0895716
0.0734242
0.083004
0.0789383
0.0639955
0.0833388
0.0855092
0.0256536
0.0530163
0.0301623
0.043605
0.0248149
0.119342
0.100358
0.161999
0.0732846
0.0393502
0.113701
0.0577041
0.139123
0.10589
0.160935
0.0283012
0.119288
0.143539
0.110046
0.0922712
0.0856394
0.118222
0.118619
0.127219
0.0823328
0.221773
0.0410023
0.170583
0.0963911
0.0376475
0.0291815
0.102995
0.134932
0.0228876
0.0935617
0.0520013
0.169321
0.0212363
0.0384994
0.0828316
0.123061
0.137755
0.0288846
0.100205
0.066404
0.0801945
0.0648917
0.0324333
0.0301008
0.123699
0.105548
0.0467583
0.0773666
0.196628
0.119143
0.0892488
0.110252
0.111691
0.0941436
0.0829056
0.164196
0.0889535
0.184173
0.0750259
0.0836105
0.153761
0.0534537
0.0548376
0.02804
0.0730741
0.0701196
0.085524
0.0376256
0.13431
0.0940692
0.0791559
0.107762
0.0825919
0.0776006
0.0730996
0.0656892
0.0524773
0.107701
0.112497
0.0164696
0.101291
0.0747188
0.127989
0.0808958
0.10428
0.054742
0.027612
0.0904705
0.0777518
0.0254824
0.109951
0.0846897
0.220586
0.0783955
0.0594304
0.127478
0.189453
0.0296595
0.126121
0.0726876
0.110052
0.0245674
0.129323
0.0287048
0.100773
0.0888363
0.0879035
0.0676759
0.0461859
0.0240991
0.0883821
0.0607249
0.029011
0.0924828
0.106835
0.0873458
0.0571491
0.0558231
0.143223
0.114455
0.100494
0.190874
0.0201292
0.0757977
0.0391466
0.0923867
0.0934233
0.0214484
0.112988
0.0679655
0.0380657
0.163959
0.126434
0.134568
0.083981
0.0778689
0.0950573
0.0747736
0.0675703
0.175684
0.087074
0.0650071
0.127392
0.128944
0.122658
0.100625
0.041134
0.0331975
0.128676
0.0987086
0.0267671
0.138427
0.0511851
0.126747
0.107607
0.102943
0.167827
0.184484
0.071713
0.136467
0.0971088
0.0917488
0.0436594
0.116471
0.106357
0.0863622
0.130598
0.0522767
0.0772723
0.0739468
0.133478
0.0611938
0.158287
0.0944935
0.219587
0.131502
0.14954
0.0983018
0.0960016
0.0574966
0.0557103
0.0857774
0.0701758
0.0372432
0.104929
0.0671241
0.106985
0.119954
0.0827089
0.19107
0.102718
0.04397
0.132686
0.126101
0.212778
0.0888013
0.113387
0.0628012
0.0809571
0.160401
0.0709816
0.145665
0.0651812
0.107581
0.0892873
0.0761544
0.0550306
0.075137
0.102195
0.0927967
0.0347149
0.0817436
0.0430779
0.148033
0.119567
0.0672054
0.118311
0.0312666
0.103902
0.131339
0.147239
0.0389061
0.0417619
0.065048
0.082274
0.0370219
0.0856843
0.0771834
0.0387723
0.114429
0.136955
0.116201
0.138411
0.0942982
0.0656721
0.115056
0.104749
0.0292975
0.13592
0.199672
0.0872965
0.0339184
0.120959
0.0625838
0.133316
0.0726554
0.152854
0.0752386
0.0774031
0.0907119
0.0741676
0.070797
0.0895351
0.104848
0.115069
0.0950709
0.0831718
0.0564416
0.0844104
0.16761
0.0498625
0.140268
0.111976
0.0377651
0.101028
0.0618335
0.0599803
0.0761873
0.116761
0.0407761
0.122145
0.0778876
0.139375
0.174037
0.109081
0.109647
0.0582496
0.030333
0.0650943
0.038011
0.0779745
0.168971
0.117292
0.0859858
0.0929064
0.142027
0.195964
0.028951
0.149334
0.0688635
0.0554021
0.118599
0.0981019
0.0474034
0.14017
0.117162
0.0177337
0.0993937
0.0644656
0.0385308
0.155707
0.0504833
0.0260169
0.0829254
0.0705512
0.0169777
0.0350388
0.0593356
0.0596192
0.0342864
0.080402
0.144425
0.0601523
0.174655
0.105899
0.106154
0.0715276
0.10697
0.0861823
0.0242185
0.0780393
0.106717
0.0439314
0.0185108
0.108211
0.115362
0.141247
0.0712534
0.0498322
0.116848
0.0514315
0.0326425
0.120984
0.0659623
0.023467
0.0784595
0.0738715
0.225932
0.0655056
0.20524
0.0682654
0.103809
0.0365208
0.0320973
0.0297499
0.0815501
0.0761828
0.087699
0.162393
0.121211
0.538131
0.0914718
0.413472
0.140389
0.350238
0.160561
0.126526
0.461299
0.159404
0.25805
0.384822
0.0674777
0.214518
0.0964281
0.324522
0.333364
0.162542
0.151162
0.111502
0.153575
0.090996
0.438219
0.0612832
0.103701
0.153609
0.0316131
0.152694
0.0803244
0.322894
0.431149
0.0621098
0.294839
0.409847
0.357437
0.128164
0.300875
0.300012
0.32112
0.218498
0.260232
0.0498619
0.0632341
0.211645
0.156193
0.207861
0.448487
0.344507
0.196036
0.377578
0.269727
0.115315
0.217681
0.113785
0.32768
0.158106
0.183505
0.228678
0.247857
0.225594
0.162994
0.202206
0.150908
0.180511
0.114945
0.0840358
0.209211
0.435572
0.334234
0.324436
0.108122
0.14253
0.15907
0.126096
0.278735
0.228707
0.320963
0.0993326
0.291336
0.282099
0.0897068
0.160776
0.17946
0.0987468
0.434913
0.160432
0.0597254
0.212934
0.14369
0.430431
0.408175
0.149806
0.120131
0.277012
0.048505
0.194601
0.431565
0.174275
0.225676
0.247779
0.058689
0.0698063
0.265981
0.213651
0.184022
0.0349653
0.29389
0.126688
0.223215
0.426985
0.188022
0.109994
0.089266
0.303945
0.376107
0.162459
0.206067
0.23294
0.172711
0.360661
0.192638
0.0633276
0.0362648
0.323221
0.382044
0.153474
0.180891
0.140703
0.117476
0.478289
0.247747
0.0706802
0.0791157
0.166905
0.225077
0.197683
0.066776
0.108494
0.405265
0.223355
0.427986
0.0817964
0.492316
0.299338
0.389702
0.156424
0.254119
0.347524
0.270925
0.168646
0.189233
0.43743
0.15549
0.384246
0.237366
0.212509
0.309386
0.0879212
0.47722
0.376366
0.106101
0.10523
0.124144
0.180069
0.0373178
0.103401
0.166272
0.475772
0.214242
0.134463
0.0809924
0.215157
0.122641
0.137938
0.422091
0.0972156
0.158447
0.344896
0.023435
0.0723185
0.135299
0.253024
0.0468281
0.227093
0.334317
0.270007
0.334292
0.269857
0.358854
0.240485
0.161772
0.380273
0.0778903
0.0600674
0.0911389
0.206478
0.279796
0.207279
0.407688
0.097013
0.203905
0.231876
0.285677
0.0764474
0.287165
0.184679
0.0267005
0.339635
0.179345
0.163961
0.0653821
0.491801
0.108967
0.14848
0.31547
0.17851
0.130534
0.10131
0.10289
0.193973
0.130096
0.0963319
0.394273
0.165658
0.465155
0.20138
0.235291
0.179473
0.130069
0.208547
0.106512
0.117229
0.0751377
0.192034
0.395531
0.0627199
0.474071
0.0760845
0.125484
0.330488
0.375494
0.159817
0.255115
0.299913
0.139099
0.332347
0.291123
0.405121
0.172578
0.348742
0.25829
0.467567
0.466568
0.109154
0.121351
0.238663
0.468825
0.361767
0.43582
0.240595
0.045875
0.296397
0.0701142
0.167379
0.452715
0.141173
0.281257
0.282338
0.0498181
0.371324
0.317927
0.12767
0.181723
0.316078
0.353996
0.128455
0.177355
0.402274
0.140343
0.248064
0.345946
0.158755
0.454577
0.173158
0.370993
0.204898
0.237907
0.0930498
0.266057
0.332056
0.116361
0.25854
0.0384813
0.148108
0.0335546
0.0407992
0.0564801
0.135186
0.125928
0.143643
0.425403
0.0901762
0.100872
0.183866
0.0912513
0.0436943
0.0519663
0.322045
0.0602057
0.243418
0.141299
0.18159
0.0858529
0.177249
0.150826
0.438611
0.0490725
0.31244
0.221847
0.370574
0.0757998
0.0416606
0.208016
0.0898595
0.118551
0.162362
0.207785
0.304467
0.0426194
0.189606
0.15561
0.20902
0.271735
0.223917
0.169421
0.234618
0.380705
0.474743
0.136179
0.114947
0.241621
0.436261
0.41131
0.108931
0.260028
0.0448786
0.0464339
0.171644
0.310729
0.455041
0.439244
0.142555
0.139774
0.0580398
0.123245
0.339079
0.276095
0.501635
0.076221
0.256973
0.232949
0.167083
0.0613114
0.198887
0.0441778
0.480073
0.449093
0.277673
0.379044
0.120212
0.277614
0.232062
0.162261
0.274234
0.440158
0.435987
0.0987047
0.204198
0.276237
0.392824
0.187352
0.0594322
0.0426655
0.143739
0.433799
0.0950647
0.368898
0.221148
0.045011
0.14782
0.158313
0.291292
0.0810882
0.187413
0.212474
0.219694
0.233843
0.0661643
0.142244
0.170487
0.0304574
0.25967
0.233695
0.165263
0.0940978
0.211595
0.136529
0.282845
0.0779885
0.200013
0.115461
0.0640415
0.0693946
0.265163
0.0411349
0.065967
0.382127
0.178239
0.223562
0.398363
0.103781
0.224014
0.138502
0.326716
0.113807
0.306205
0.443594
0.0777742
0.0650147
0.310065
0.131116
0.14375
0.26284
0.453762
0.02105
0.243191
0.438692
0.212374
0.26881
0.314571
0.0661614
0.146291
0.518016
0.395528
0.132851
0.173197
0.448999
0.120354
0.379038
0.156014
0.0419377
0.410177
0.0764823
0.0720374
0.0830455
0.299601
0.129094
0.199341
0.234876
0.110494
0.0808871
0.0690863
0.31487
0.27952
0.11511
0.218734
0.260364
0.240637
0.356779
0.253804
0.0324392
0.184271
0.15569
0.15382
0.2012
0.310535
0.046888
0.118539
0.0788328
0.11358
0.153601
0.236726
0.151627
0.423151
0.369045
0.222479
0.0331237
0.121037
0.320373
0.356301
0.101346
0.216163
0.38613
0.247515
0.179476
0.0635199
0.102682
0.224153
0.161416
0.12448
0.377444
0.0657316
0.298219
0.28851
0.0837575
0.108174
0.25709
0.176905
0.0895101
0.156097
0.384009
0.0509967
0.209074
0.126872
0.254027
0.237533
0.139346
0.313102
0.214277
0.306593
0.154568
0.116166
0.430076
0.207622
0.0985442
0.136306
0.17269
0.109579
0.432947
0.171236
0.325586
0.12054
0.309759
0.172302
0.0938844
0.234483
0.225325
0.219834
0.126224
0.118642
0.396287
0.207179
0.16648
0.0558387
0.189261
0.130447
0.251634
0.369982
0.0840837
0.0377737
0.370228
0.354148
0.173402
0.230449
0.0468601
0.131157
0.109702
0.174903
0.308511
0.417692
0.231862
0.0898507
0.261806
0.0998879
0.211848
0.220726
0.211222
0.444959
0.0333156
0.379549
0.0863261
0.0922401
0.170533
0.10338
0.450689
0.494025
0.129393
0.409503
0.0564327
0.439299
0.0919667
0.286204
0.159156
0.433393
0.365876
0.197566
0.135506
0.132477
0.210549
0.21316
0.332256
0.149671
0.252354
0.166618
0.141666
0.28519
0.126062
0.164291
0.435274
0.444737
0.430847
0.303762
0.40682
0.442852
0.136435
0.182735
0.149124
0.0957725
0.0433139
0.272671
0.0278119
0.299683
0.485915
0.215362
0.203831
0.455125
0.40766
0.0954929
0.218326
0.3078
0.0823396
0.401917
0.311001
0.212807
0.23172
0.19726
0.138352
0.0995473
0.181349
0.187954
0.376706
0.300361
0.200075
0.101503
0.170482
0.156047
0.140784
0.171843
0.0897706
0.107321
0.250151
0.340189
0.123197
0.425509
0.192189
0.118992
0.0593588
0.148154
0.416232
0.0648522
0.182452
0.237485
0.137273
0.426587
0.329494
0.537443
0.196358
0.373287
0.193672
0.129478
0.254956
0.156968
0.143561
0.112608
0.0876958
0.362025
0.0645712
0.0717945
0.276728
0.182319
0.19919
0.11649
0.0901785
0.0694039
0.0257719
0.221056
0.200464
0.164495
0.0699802
0.203223
0.318761
0.245958
0.0716369
0.369652
0.143164
0.208898
0.0548244
0.171291
0.142545
0.0915408
0.0664619
0.163068
0.211207
0.21762
0.0875585
0.283207
0.297545
0.0989999
0.0833683
0.131389
0.272135
0.389654
0.179874
0.0580567
0.121801
0.209559
0.131541
0.0665705
0.242267
0.0900908
0.303456
0.0867753
0.0852448
0.191258
0.225321
0.077069
0.243994
0.0865541
0.213559
0.2861
0.273764
0.172387
0.111449
0.257908
0.21734
0.191734
0.229743
0.0729837
0.0950967
0.360977
0.267576
0.205737
0.101599
0.129422
0.151466
0.0915584
0.143417
0.115176
0.186307
0.148163
0.17838
0.178306
0.264057
0.155845
0.191819
0.109171
0.259373
0.0266436
0.164944
0.324362
0.283848
0.245148
0.137814
0.229847
0.0988718
0.105629
0.061103
0.0910424
0.288317
0.254236
0.192589
0.104883
0.21112
0.102993
0.135315
0.145314
0.120021
0.0532428
0.395631
0.396618
0.168508
0.0856403
0.19174
0.113046
0.264582
0.215915
0.219033
0.114329
0.106986
0.161273
0.183931
0.415697
0.114522
0.0824258
0.0516376
0.359714
0.127739
0.208034
0.126265
0.0807974
0.0499991
0.240638
0.0379983
0.159395
0.255782
0.167441
0.209757
0.187585
0.0602035
0.20385
0.15671
0.176075
0.257614
0.197259
0.291274
0.170137
0.20201
0.234876
0.348633
0.122015
0.137278
0.0664947
0.0664307
0.113615
0.0539638
0.135344
0.106033
0.0598721
0.200749
0.0317472
0.247272
0.195786
0.0665354
0.159529
0.0879659
0.259222
0.0770665
0.204508
0.166729
0.169783
0.372099
0.239399
0.224451
0.193428
0.145262
0.165095
0.157046
0.162127
0.0789421
0.0887724
0.35752
0.122613
0.162607
0.126133
0.354643
0.324236
0.139233
0.110829
0.250661
0.0921564
0.121347
0.0944841
0.0374606
0.249992
0.199133
0.199608
0.231915
0.223716
0.101411
0.0853717
0.131801
0.135205
0.278788
0.345606
0.283567
0.0747913
0.0719144
0.0845012
0.138345
0.134027
0.112085
0.0798685
0.258395
0.0328598
0.19409
0.321296
0.102254
0.249705
0.0980865
0.11802
0.25878
0.193865
0.0218914
0.0762183
0.332607
0.205534
0.0706749
0.112929
0.292514
0.236138
0.0887115
0.17276
0.141424
0.220911
0.165582
0.338515
0.200832
0.279645
0.151374
0.081515
0.0563253
0.198922
0.103179
0.158049
0.130199
0.19545
0.0705259
0.0923165
0.0739849
0.296653
0.314138
0.104813
0.107627
0.10018
0.236693
0.187693
0.341276
0.0455121
0.0708143
0.0861628
0.231815
0.230675
0.240004
0.178893
0.0709313
0.238969
0.167453
0.208911
0.028172
0.13692
0.28893
0.0782129
0.0811662
0.379467
0.064228
0.229935
0.091386
0.0858062
0.0771058
0.156544
0.0960922
0.133127
0.117055
0.252691
0.237095
0.242981
0.179042
0.0654366
0.20234
0.0466663
0.130885
0.349928
0.224744
0.209664
0.0771552
0.33528
0.074719
0.138081
0.106435
0.125161
0.233919
0.257285
0.073117
0.119346
0.223387
0.0643192
0.0508861
0.147427
0.147942
0.112697
0.139169
0.129143
0.364423
0.0824457
0.059626
0.264977
0.13419
0.233476
0.276213
0.381745
0.0302482
0.424909
0.276886
0.0271804
0.0879713
0.0674899
0.178998
0.215736
0.336138
0.0912703
0.0663208
0.13706
0.324967
0.153674
0.186363
0.0119233
0.115553
0.0829963
0.0772437
0.147958
0.0713001
0.178366
0.193478
0.31123
0.209983
0.181686
0.0370802
0.137586
0.0770664
0.23335
0.167967
0.16297
0.385786
0.217152
0.217152
0.363213
0.0909067
0.286295
0.0932772
0.17356
0.213096
0.0340336
0.0893149
0.141325
0.156793
0.235915
0.109312
0.197313
0.0450002
0.205823
0.186645
0.190184
0.140679
0.274407
0.119212
0.0898217
0.243802
0.204976
0.049471
0.224529
0.192805
0.121523
0.306417
0.336389
0.187479
0.214541
0.220629
0.293916
0.354838
0.230686
0.0725289
0.244568
0.0435224
0.11954
0.139072
0.110575
0.168232
0.16534
0.0760848
0.048104
0.236391
0.241808
0.305981
0.0574298
0.156447
0.151544
0.0644012
0.258011
0.167798
0.237982
0.0516953
0.10729
0.155663
0.141021
0.0535669
0.194062
0.223704
0.313997
0.166478
0.0583719
0.0949792
0.0590438
0.121609
0.39649
0.257808
0.0685597
0.23309
0.1182
0.0756957
0.29617
0.215457
0.276939
0.381907
0.124639
0.0488716
0.0919623
0.0571832
0.0847168
0.188139
0.103052
0.195606
0.116296
0.158226
0.302603
0.223908
0.11951
0.27412
0.125754
0.0338188
0.116672
0.356347
0.27962
0.104321
0.105676
0.145621
0.252477
0.141162
0.118565
0.111327
0.222035
0.355752
0.206807
0.194261
0.138173
0.272209
0.138889
0.0768529
0.212637
0.106709
0.233297
0.0468922
0.138745
0.182599
0.253843
0.169121
0.123988
0.061082
0.184829
0.0750851
0.151134
0.186943
0.213552
0.091731
0.143253
0.0396407
0.137946
0.132101
0.209241
0.185395
0.40678
0.198742
0.222051
0.236657
0.166943
0.118651
0.0750334
0.344592
0.0820608
0.154175
0.241166
0.169193
0.273605
0.0703701
0.282819
0.209592
0.104071
0.105109
0.172106
0.0817633
0.265425
0.0902164
0.232509
0.086734
0.0676909
0.10001
0.224832
0.105515
0.13767
0.171744
0.234574
0.191646
0.308542
0.348786
0.113283
0.184083
0.248046
0.265204
0.110577
0.198095
0.325042
0.163304
0.18877
0.125649
0.157922
0.114707
0.215076
0.158309
0.1104
0.230752
0.143111
0.20302
0.126062
0.0788895
0.413023
0.139245
0.149018
0.0544266
0.334431
0.193773
0.305949
0.320283
0.0422484
0.113451
0.178044
0.316223
0.0923505
0.100963
0.222876
0.205605
0.0398491
0.175246
0.0567343
0.0772021
0.213445
0.367608
0.117169
0.310364
0.0736744
0.100131
0.0918593
0.293468
0.0689588
0.133623
0.103876
0.0965178
0.238945
0.141906
0.0250547
0.0694868
0.0979751
0.200875
0.26398
0.176287
0.219402
0.116212
0.0756298
0.0837523
0.0628603
0.119955
0.21357
0.135753
0.140977
0.136856
0.143821
0.233847
0.082704
0.199214
0.22203
0.273054
0.0719735
0.156981
0.227911
0.14464
0.152189
0.217234
0.163303
0.220751
0.144992
0.327213
0.119771
0.118468
0.0803332
0.372595
0.237828
0.159085
0.203726
0.257954
0.0951568
0.220268
0.0725699
0.17708
0.170184
0.141007
0.112053
0.118243
0.163269
0.17651
0.304367
0.20429
0.059434
0.163119
0.215269
0.0935144
0.244872
0.175238
0.197929
0.306572
0.123191
0.203282
0.110581
0.098987
0.312197
0.289495
0.0324672
0.050979
0.21697
0.0440125
0.153235
0.112197
0.115493
0.317591
0.241574
0.232219
0.328914
0.147303
0.307787
0.192843
0.0694794
0.0956918
0.0813372
0.15756
0.38656
0.0373401
0.0869588
0.0657129
0.331912
0.120932
0.155571
0.161078
0.0342343
0.302811
0.424846
0.132801
0.164781
0.103266
0.0588032
0.0275488
0.30028
0.249361
0.0650042
0.0634687
0.0920732
0.137184
0.277253
0.223725
0.160187
0.110116
0.244765
0.235233
0.0836088
0.0636002
0.152013
0.155546
0.0865397
0.122839
0.0961051
0.185349
0.0578987
0.0940287
0.103353
0.148232
0.0839424
0.104689
0.113134
0.117145
0.195694
0.161939
0.117089
0.127211
0.0813949
0.158539
0.218367
0.222701
0.185282
0.172955
0.0905857
0.142869
0.134286
0.229279
0.0711153
0.223678
0.204186
0.128387
0.211374
0.0747648
0.0998756
0.0734268
0.0782784
0.102259
0.0548916
0.15874
0.0894837
0.0823932
0.136753
0.102594
0.137568
0.148488
0.230105
0.0711914
0.0348873
0.0302779
0.0256609
0.233069
0.0619825
0.192563
0.190632
0.138935
0.145545
0.168315
0.340456
0.329003
0.0439258
0.114205
0.13838
0.0967734
0.0670795
0.0338721
0.247669
0.269863
0.126207
0.169782
0.156201
0.170406
0.0970752
0.199719
0.073318
0.153996
0.0244789
0.22168
0.1194
0.200643
0.0885298
0.122728
0.0665413
0.2027
0.104424
0.253575
0.0986242
0.357987
0.108884
0.22046
0.100105
0.113054
0.057189
0.075198
0.0504001
0.0912885
0.199983
0.0962233
0.148492
0.103637
0.166542
0.186872
0.0800252
0.0848511
0.117257
0.0527126
0.0694844
0.1641
0.117896
0.248166
0.164613
0.0554878
0.168971
0.206789
0.151764
0.0686447
0.201991
0.0304471
0.231418
0.122371
0.106085
0.0280799
0.181458
0.189901
0.183036
0.120806
0.0741138
0.0533067
0.156323
0.204716
0.153399
0.10143
0.0461838
0.12763
0.130573
0.170062
0.113883
0.123949
0.207936
0.192912
0.126908
0.0799068
0.0797824
0.122684
0.0479062
0.180481
0.125933
0.157829
0.188622
0.0639712
0.190637
0.179407
0.145691
0.086568
0.0725372
0.193773
0.0926419
0.148261
0.0249644
0.170819
0.2226
0.102614
0.124976
0.263255
0.155111
0.170336
0.139955
0.0793801
0.148604
0.0857761
0.16096
0.0709559
0.140738
0.163269
0.106684
0.055642
0.06011
0.165929
0.255097
0.180626
0.0686367
0.089034
0.0836786
0.103907
0.166258
0.261635
0.168714
0.287835
0.154855
0.162213
0.130962
0.142789
0.242331
0.116056
0.22989
0.149338
0.245304
0.0357473
0.267379
0.228046
0.186414
0.156357
0.133853
0.223185
0.184751
0.175575
0.120179
0.0582346
0.16336
0.276059
0.117726
0.0782064
0.0728471
0.11886
0.238624
0.0496862
0.262733
0.0772202
0.0507326
0.102594
0.198681
0.135989
0.108044
0.179036
0.337054
0.237575
0.168432
0.124041
0.0709629
0.0606002
0.086085
0.0678482
0.306172
0.147539
0.200461
0.209216
0.0448364
0.142837
0.210932
0.118357
0.232961
0.200088
0.0756862
0.0636886
0.230426
0.0823264
0.0535276
0.306733
0.146827
0.125201
0.225098
0.0773515
0.211171
0.141433
0.0969277
0.203704
0.0611907
0.120233
0.246398
0.0572554
0.219249
0.173525
0.11518
0.0424528
0.214156
0.105667
0.0665368
0.16566
0.191597
0.0972733
0.11007
0.10013
0.0875912
0.113062
0.256157
0.293102
0.0986612
0.0940469
0.29012
0.155416
0.201321
0.225504
0.256191
0.0220976
0.277767
0.0750786
0.0368923
0.0722172
0.13738
0.16943
0.176564
0.251109
0.277411
0.235471
0.174874
0.190127
0.191915
0.30843
0.252729
0.271691
0.069042
0.133982
0.0262901
0.209218
0.0348195
0.141048
0.126945
0.10375
0.0644158
0.186906
0.083018
0.0606001
0.204247
0.212912
0.0685713
0.286686
0.0591895
0.164423
0.162813
0.0961285
0.0676914
0.0916421
0.189562
0.262873
0.251029
0.113851
0.110676
0.177458
0.116043
0.213874
0.310337
0.310936
0.100109
0.105681
0.253718
0.276313
0.286911
0.0465827
0.111217
0.151362
0.102015
0.217665
0.302857
0.147515
0.0621938
0.120139
0.331723
0.141433
0.220389
0.11876
0.0720396
0.153661
0.124681
0.263795
0.109273
0.241194
0.117573
0.176353
0.169797
0.0902346
0.260121
0.107524
0.183049
0.0905911
0.124215
0.203692
0.250836
0.115604
0.173237
0.0639078
0.174012
0.0561447
0.108287
0.0426968
0.143304
0.162947
0.0874953
0.1072
0.041747
0.0501272
0.149091
0.0382641
0.302956
0.128729
0.0630982
0.138291
0.0458274
0.0353763
0.101916
0.179449
0.0478937
0.0523042
0.0805581
0.092595
0.159605
0.108671
0.325795
0.220411
0.201695
0.147773
0.105223
0.0306799
0.235755
0.0339455
0.152082
0.173484
0.0297068
0.105891
0.0584776
0.0685231
0.253974
0.140945
0.113443
0.286157
0.150218
0.227332
0.151169
0.126562
0.146999
0.0986303
0.237704
0.140358
0.0774998
0.171577
0.184753
0.0787423
0.195329
0.072198
0.107756
0.0298035
0.130452
0.16751
0.0646
0.097636
0.160333
0.131912
0.15308
0.0786309
0.0999656
0.12884
0.0488536
0.0698357
0.114171
0.0839346
0.154383
0.17456
0.156664
0.0530028
0.153282
0.0781253
0.252529
0.226724
0.106111
0.0610668
0.108359
0.0667522
0.0831221
0.0696495
0.129357
0.0809984
0.235372
0.120987
0.113203
0.25444
0.0522694
0.119659
0.0522517
0.113871
0.092085
0.117924
0.0406205
0.0604212
0.0793096
0.265259
0.0661079
0.111219
0.0854531
0.204428
0.074958
0.124547
0.0689606
0.130643
0.139356
0.137366
0.198517
0.112178
0.0367147
0.110878
0.126337
0.294572
0.1722
0.209751
0.0982691
0.164387
0.198384
0.193296
0.0959438
0.0675002
0.183869
0.307413
0.2607
0.137105
0.0557568
0.203475
0.0863615
0.216786
0.0451978
0.215196
0.130706
0.0862979
0.114386
0.0567888
0.219843
0.0537921
0.158127
0.16861
0.0360554
0.31382
0.110363
0.114958
0.237437
0.226968
0.180487
0.0891601
0.193628
0.220476
0.0710326
0.116244
0.198862
0.233155
0.0416969
0.264211
0.180148
0.153676
0.0344746
0.0826153
0.0735068
0.220524
0.241669
0.053702
0.0927036
0.164011
0.156986
0.191811
0.141724
0.152199
0.0986859
0.0470199
0.294946
0.127444
0.111182
0.146862
0.144783
0.10084
0.225669
0.111892
0.248182
0.0579229
0.0508681
0.246657
0.0666893
0.217523
0.0902603
0.196478
0.0306161
0.0399838
0.165052
0.116865
0.200121
0.132365
0.162321
0.230179
0.176321
0.0592779
0.126747
0.210492
0.0947076
0.215606
0.052148
0.0531677
0.159085
0.0584287
0.180971
0.173559
0.299408
0.170802
0.196283
0.0862367
0.139661
0.246019
0.246131
0.189088
0.165914
0.136146
0.0992338
0.261817
0.129492
0.107506
0.201365
0.257769
0.0356197
0.0876074
0.197285
0.0974646
0.0423072
0.2337
0.120432
0.174813
0.0425749
0.183749
0.0519788
0.173899
0.0410357
0.0738571
0.13659
0.0866728
0.15427
0.116778
0.156653
0.201746
0.04791
0.014458
0.0984934
0.0969105
0.144962
0.24536
0.124244
0.053147
0.214121
0.232611
0.239867
0.208588
0.230606
0.14961
0.11744
0.145171
0.201343
0.131877
0.0690007
0.0364541
0.0578256
0.150169
0.0478486
0.0886727
0.148341
0.0594582
0.141727
0.173525
0.0589058
0.0596731
0.246515
0.147356
0.194611
0.32311
0.0587649
0.0276638
0.0184564
0.0620446
0.0328532
0.0846658
0.177296
0.0674251
0.0356108
0.0964542
0.0504185
0.06454
0.0414234
0.0454454
0.0635192
0.0873198
0.0123416
0.0374636
0.0257048
0.0823104
0.0270865
0.0281295
0.0516711
0.0285543
0.0582822
0.0202236
0.0265558
0.0167217
0.0498603
0.182748
0.0897437
0.100962
0.111971
0.0284578
0.0352777
0.0555433
0.0601564
0.0332346
0.0413575
0.139253
0.201761
0.121727
0.0630525
0.126968
0.0844911
0.0499072
0.069824
0.0376422
0.0917365
0.134291
0.0271363
0.0412206
0.118806
0.0780966
0.0829187
0.209712
0.0786511
0.0143996
0.14633
0.0281863
0.0430897
0.0551614
0.0091285
0.093902
0.0734295
0.0200613
0.0305889
0.0513228
0.0245056
0.0550015
0.06873
0.170777
0.0903592
0.0335302
0.104807
0.11064
0.0682271
0.0229818
0.0682994
0.0458414
0.0312773
0.0283587
0.0352125
0.153819
0.0584222
0.0578722
0.0606363
0.121697
0.0373576
0.173908
0.0651284
0.125821
0.076419
0.0326942
0.0285158
0.138972
0.0413984
0.0471647
0.109403
0.0887899
0.0369152
0.049083
0.0365416
0.106634
0.057724
0.150572
0.0243774
0.0534468
0.11456
0.0574588
0.0229393
0.0577719
0.0791449
0.0755466
0.0397204
0.0414135
0.102792
0.124786
0.0162562
0.0442569
0.032568
0.0559023
0.034167
0.0142355
0.0230184
0.0276505
0.0771156
0.0247845
0.0645296
0.152761
0.0111206
0.0339907
0.0674941
0.0381767
0.181628
0.0667014
0.0462228
0.0751947
0.05335
0.0545266
0.0845517
0.0483988
0.0291943
0.058892
0.0157913
0.0321921
0.0357472
0.0235241
0.0350962
0.052617
0.0617208
0.024641
0.0439197
0.0223242
0.132937
0.0418133
0.0910018
0.0529993
0.031173
0.0360674
0.150965
0.0534444
0.059195
0.051191
0.0624684
0.0862805
0.0191997
0.0884598
0.108011
0.0543457
0.0814632
0.0365239
0.10366
0.0378184
0.176478
0.0411022
0.147508
0.0840225
0.190748
0.101379
0.0444733
0.0290968
0.109456
0.0535784
0.102315
0.0985081
0.0618939
0.0748005
0.0717748
0.10464
0.0542718
0.176679
0.0180774
0.0340574
0.0141359
0.0566442
0.0668907
0.0260085
0.0404551
0.0452755
0.0706303
0.086778
0.0474597
0.117425
0.0880271
0.150483
0.0477436
0.0332937
0.176517
0.0907648
0.0592014
0.102465
0.0324611
0.0207413
0.156066
0.0467908
0.0386934
0.0611364
0.106538
0.0741932
0.0921737
0.0822972
0.0185654
0.0376608
0.0904777
0.179385
0.184663
0.0296579
0.0856438
0.0390428
0.02747
0.203248
0.110994
0.0467987
0.0222295
0.0751344
0.0576704
0.098287
0.0417528
0.0186564
0.0122766
0.060489
0.0284179
0.0852425
0.0336816
0.0168973
0.0317089
0.109072
0.0660778
0.18879
0.127433
0.0338654
0.0580013
0.0926469
0.0768084
0.0810004
0.013063
0.022749
0.0655532
0.061562
0.0748534
0.0735956
0.0341756
0.0608762
0.0544329
0.091279
0.079036
0.0751429
0.080046
0.0501424
0.0627845
0.0809652
0.0743337
0.0586532
0.0472026
0.134236
0.103557
0.095486
0.030431
0.156338
0.0360113
0.152276
0.0916973
0.0182773
0.0315821
0.0464523
0.0806781
0.0151384
0.0392818
0.0481537
0.0408562
0.0751299
0.0496801
0.0878418
0.0514492
0.017755
0.17353
0.0087328
0.0575184
0.0778526
0.102864
0.0868505
0.093491
0.0507761
0.108018
0.195642
0.0665535
0.0353453
0.0555367
0.0700306
0.113773
0.0429365
0.0462847
0.0325266
0.022282
0.225992
0.0223671
0.0724925
0.0557457
0.0442006
0.0808408
0.0518528
0.0914973
0.035741
0.0168761
0.0693116
0.0225391
0.0543961
0.0199657
0.0599938
0.035826
0.190906
0.0348219
0.138535
0.0804226
0.0689574
0.134533
0.0366708
0.0889983
0.0398494
0.0839808
0.0451763
0.0175547
0.0278309
0.0363945
0.0421219
0.0155874
0.0498466
0.0194581
0.0775378
0.104532
0.0438516
0.0328895
0.0314182
0.0491016
0.0119384
0.102269
0.185333
0.0170307
0.0194232
0.0259917
0.10617
0.0344742
0.0501216
0.0697995
0.0599763
0.0299926
0.0828671
0.0389149
0.046651
0.0179832
0.0297752
0.0989434
0.0886672
0.087285
0.108845
0.220149
0.0127784
0.0308741
0.0218215
0.0224805
0.158806
0.0979649
0.138302
0.0453406
0.0748545
0.0822146
0.0332835
0.0533057
0.0180263
0.0455371
0.0328536
0.0851167
0.0195359
0.0398475
0.0931116
0.0927461
0.0346318
0.0862817
0.0274476
0.0437848
0.0335006
0.0334079
0.0405201
0.0546589
0.0662022
0.0220544
0.216145
0.100711
0.106642
0.0763927
0.0310522
0.117337
0.0763755
0.0872688
0.0775349
0.024441
0.202134
0.0742127
0.0316218
0.0176409
0.0500652
0.0558813
0.0279765
0.178459
0.0423565
0.0931256
0.0509201
0.00979628
0.0486339
0.0551847
0.0365947
0.075871
0.0329411
0.0505721
0.0773628
0.0183649
0.105127
0.168954
0.011718
0.0456414
0.0119497
0.0378909
0.0358518
0.0370199
0.00793089
0.00771681
0.0466394
0.0253385
0.0280881
0.0636971
0.0647898
0.0640118
0.0586118
0.0982027
0.00757493
0.138977
0.0227115
0.0214739
0.0338894
0.0358497
0.0313411
0.0300626
0.104531
0.022274
0.0373476
0.0197478
0.04665
0.100066
0.0444282
0.152001
0.0355118
0.0363294
0.0250416
0.0641055
0.106018
0.0869102
0.0798433
0.0544769
0.0600238
0.116898
0.0816479
0.0716375
0.0778292
0.0795535
0.0183942
0.0942923
0.028885
0.153264
0.0330427
0.0595833
0.0412961
0.0401237
0.0353646
0.032347
0.141242
0.0215739
0.050847
0.0994037
0.00857766
0.0703561
0.0961524
0.0588247
0.0389847
0.0648692
0.0605567
0.0959111
0.0322126
0.0169505
0.0763189
0.0815529
0.0462901
0.0656028
0.0239954
0.0358276
0.0474576
0.051641
0.0130177
0.0554191
0.0704955
0.100108
0.114894
0.0262946
0.0859659
0.0579333
0.0801827
0.0104269
0.028823
0.0495635
0.0607084
0.0699977
0.0307256
0.0710209
0.0581325
0.0223933
0.139789
0.08384
0.160854
0.0217093
0.0454957
0.0551165
0.111802
0.0510047
0.0308089
0.0795103
0.0601168
0.0114154
0.0915313
0.0849717
0.183973
0.0262475
0.157124
0.0372483
0.0187981
0.0704084
0.0474183
0.0292771
0.0383922
0.137445
0.0733857
0.0525785
0.132312
0.0236984
0.0723085
0.0753987
0.0317704
0.0986764
0.072379
0.0564491
0.0420418
0.150368
0.0734258
0.0204817
0.0898041
0.0230933
0.138513
0.0734594
0.0879748
0.0638619
0.204859
0.0808126
0.0668323
0.119927
0.167078
0.0272389
0.0558079
0.0656364
0.167455
0.0571272
0.0452825
0.129584
0.0129232
0.0628205
0.0482267
0.0512195
0.0299108
0.0276765
0.0272858
0.0348907
0.0268256
0.202383
0.0238246
0.114696
0.0321531
0.0668568
0.0774152
0.105391
0.00764286
0.0275424
0.0573895
0.0228708
0.0813993
0.0328966
0.0181099
0.0187076
0.148926
0.0590283
0.0652701
0.0551793
0.143046
0.0151382
0.045973
0.039386
0.0496301
0.0577538
0.0658874
0.102061
0.0263868
0.05931
0.0719762
0.0487954
0.0792228
0.0414915
0.0247239
0.0895255
0.058133
0.0786247
0.0130897
0.0488299
0.0264682
0.190332
0.0382697
0.0197049
0.152516
0.0241203
0.0596061
0.112979
0.0399713
0.230536
0.00958585
0.041955
0.0557146
0.240392
0.052527
0.0858184
0.0758476
0.0287473
0.0326204
0.0383274
0.0482486
0.123754
0.0438234
0.0509554
0.0336042
0.124335
0.197108
0.0538011
0.0522846
0.00777966
0.0389581
0.0488882
0.0348048
0.0122564
0.0741252
0.0769919
0.0221517
0.402818
0.0680647
0.0665116
0.107634
0.0649463
0.148039
0.0274596
0.170436
0.106615
0.104051
0.22183
0.105296
0.118805
0.0453959
0.0257176
0.053779
0.0831005
0.0526432
0.142675
0.0649668
0.0738625
0.133339
0.0326805
0.0933059
0.0466805
0.0569997
0.103532
0.0412251
0.0388862
0.0367253
0.103642
0.060756
0.0440066
0.17614
0.0671602
0.133326
0.114104
0.0600033
0.0791469
0.134754
0.0684783
0.112894
0.0939843
0.209197
0.111132
0.10936
0.111378
0.0338163
0.0384208
0.0282926
0.0259968
0.100242
0.035326
0.0930648
0.121586
0.0597584
0.0543639
0.0399836
0.100246
0.0924995
0.0456177
0.115421
0.0416475
0.162457
0.110849
0.0571832
0.082058
0.0238923
0.0221559
0.110676
0.17824
0.192509
0.0452733
0.0292678
0.0653499
0.0778094
0.13285
0.0530038
0.0502973
0.198706
0.0368003
0.0640691
0.0677214
0.0333944
0.0538634
0.0795358
0.18266
0.0661328
0.0415578
0.0621824
0.0770999
0.2188
0.0487664
0.0350379
0.0575333
0.104186
0.067528
0.141189
0.0508316
0.0610849
0.049964
0.0766654
0.111906
0.105848
0.161191
0.122214
0.14403
0.172786
0.0815396
0.0440944
0.0421179
0.174814
0.0677836
0.170884
0.0826395
0.186895
0.0481475
0.050829
0.118157
0.088775
0.0921981
0.135492
0.0527303
0.031608
0.111286
0.0652276
0.0295499
0.0973582
0.0479287
0.0275774
0.116824
0.127273
0.238956
0.0490507
0.029419
0.150935
0.0343044
0.0205879
0.0883304
0.0785763
0.174904
0.0445277
0.0206495
0.0275914
0.0528647
0.0949343
0.0613441
0.148288
0.0853804
0.154804
0.0515199
0.0759359
0.0561004
0.0440469
0.133965
0.040739
0.0227103
0.150376
0.0824685
0.112079
0.0544821
0.0517893
0.0602099
0.177072
0.119107
0.0674048
0.0920539
0.0774645
0.218971
0.0438748
0.0156237
0.166355
0.036578
0.0315354
0.0911287
0.0477752
0.129696
0.0597932
0.108193
0.0885265
0.0468129
0.0635932
0.025314
0.147076
0.052907
0.0490708
0.167642
0.0773262
0.083466
0.0937518
0.224628
0.0544991
0.0673579
0.0224757
0.167923
0.0937069
0.125776
0.125432
0.0991398
0.0452702
0.114791
0.0241407
0.112234
0.0596786
0.0625733
0.0901789
0.0729697
0.066511
0.0313199
0.0289664
0.121013
0.118168
0.0730051
0.0403163
0.213946
0.0364543
0.107775
0.064764
0.125134
0.0222086
0.0610567
0.0871594
0.0670015
0.20277
0.0642465
0.0919592
0.215975
0.087664
0.0317898
0.0370689
0.0386348
0.0222506
0.059115
0.0142895
0.0924356
0.0359478
0.0359572
0.131694
0.102096
0.0296087
0.0527997
0.0630041
0.0466929
0.139855
0.208859
0.0361824
0.106759
0.0795922
0.0623759
0.121926
0.101002
0.156452
0.103332
0.0815772
0.084565
0.122822
0.125405
0.0251999
0.0236805
0.0258095
0.104817
0.153417
0.187356
0.0785888
0.179259
0.0487496
0.11472
0.0716956
0.0428993
0.0644236
0.110785
0.0284557
0.113933
0.127362
0.04007
0.104716
0.110959
0.0572902
0.133545
0.0989903
0.0288396
0.0890411
0.160823
0.0811724
0.140213
0.0410813
0.105669
0.20914
0.198991
0.057022
0.0776151
0.0635945
0.0726999
0.0781741
0.110695
0.190945
0.0893416
0.0595984
0.0739898
0.17023
0.258588
0.086809
0.0850006
0.0874511
0.0545441
0.0649313
0.0281607
0.0450547
0.154546
0.0354148
0.0314619
0.0455991
0.206511
0.0416419
0.0423004
0.0927004
0.10358
0.0914213
0.0684257
0.0888881
0.0461335
0.00826255
0.0902578
0.0425334
0.0954793
0.110376
0.0271433
0.0248004
0.0460776
0.0539593
0.0576822
0.0421462
0.0937592
0.156037
0.060528
0.0969103
0.0432276
0.0817136
0.0186023
0.0404568
0.0478373
0.109757
0.0768122
0.0291503
0.0409971
0.113404
0.0905834
0.135519
0.16889
0.0562575
0.0472251
0.0354485
0.0789782
0.026654
0.0911744
0.166089
0.0515595
0.0378582
0.053589
0.00952973
0.187748
0.062349
0.168361
0.113726
0.136442
0.119876
0.108663
0.152111
0.0761448
0.0463481
0.067758
0.105375
0.248082
0.0340657
0.121363
0.0459702
0.105433
0.0620611
0.0569473
0.0853956
0.141648
0.0355867
0.117589
0.131292
0.0412362
0.0356198
0.0403111
0.0723166
0.204838
0.047629
0.0889186
0.176177
0.0367617
0.0218466
0.10413
0.121928
0.0857196
0.132554
0.196257
0.100642
0.0469941
0.112975
0.0479487
0.0951984
0.0882987
0.187968
0.135129
0.0229633
0.0845699
0.0822929
0.176815
0.103188
0.0495194
0.187665
0.0921452
0.0283862
0.15647
0.0413207
0.182735
0.0425617
0.0446986
0.108114
0.0615681
0.0800041
0.0481516
0.111924
0.095569
0.151472
0.114065
0.109078
0.088894
0.0421702
0.0755818
0.104855
0.0492796
0.191074
0.244929
0.118145
0.114404
0.0868215
0.0358947
0.116846
0.100547
0.0643356
0.0497382
0.0922886
0.134343
0.159672
0.0630472
0.0767518
0.0648549
0.0352646
0.0942179
0.0993992
0.0749466
0.0347561
0.0303902
0.156922
0.155018
0.06489
0.221844
0.0488551
0.0329115
0.0490987
0.0483711
0.0271654
0.0663339
0.119149
0.0334332
0.0576526
0.0676919
0.0759718
0.0452732
0.0921816
0.0312332
0.112732
0.029847
0.0333304
0.0329126
0.088595
0.0543669
0.0614929
0.0298721
0.0208421
0.0344141
0.0258787
0.0537954
0.054349
0.144077
0.0441299
0.101079
0.0235769
0.106026
0.0415398
0.0325706
0.0679526
0.0583238
0.0656892
0.0788486
0.0675927
0.123785
0.20104
0.138081
0.123798
0.0920427
0.04746
0.119766
0.0369078
0.0370103
0.0272839
0.12047
0.276906
0.0465419
0.0795283
0.0872927
0.102114
0.0545401
0.0465417
0.114539
0.118718
0.162383
0.0420257
0.0277819
0.217933
0.038917
0.0478616
0.0987096
0.109504
0.1761
0.0367231
0.163765
0.0279896
0.168993
0.151734
0.0887109
0.132315
0.0643684
0.0909898
0.0368778
0.0483526
0.0293871
0.0504094
0.0883488
0.0881838
0.0729832
0.0424112
0.0444364
0.0238709
0.108554
0.159099
0.0707869
0.0552275
0.0591467
0.0490279
0.09789
0.0623097
0.0374691
0.0477922
0.0468836
0.111374
0.0501241
0.0280705
0.0283148
0.0936214
0.117467
0.0326593
0.105354
0.0575824
0.249305
0.0384384
0.0169497
0.154079
0.0453894
0.156653
0.068377
0.0535419
0.144556
0.0351168
0.0604249
0.128528
0.149244
0.144039
0.0846832
0.157116
0.0325176
0.107363
0.0746691
0.1201
0.102839
0.077546
0.0673654
0.132029
0.0662444
0.112298
0.0735294
0.15015
0.0664116
0.0627897
0.138595
0.0355893
0.096129
0.0558055
0.0908352
0.0541141
0.0441349
0.196827
0.0831091
0.0879976
0.0515937
0.0270374
0.0601878
0.0781535
0.0337394
0.0510225
0.051372
0.0791173
0.118247
0.0478459
0.120149
0.12307
0.0442641
0.0241401
0.0918818
0.176468
0.0611398
0.112419
0.0732896
0.110522
0.108066
0.02262
0.0578587
0.118949
0.0258768
0.0452565
0.0436357
0.0545924
0.15925
0.111275
0.11101
0.048888
0.266225
0.183987
0.0683928
0.131039
0.0579205
0.0497309
0.0633253
0.0342807
0.0386178
0.0426177
0.0219106
0.0716612
0.145219
0.0509367
0.0976263
0.0203094
0.130071
0.0368238
0.0499872
0.0828227
0.548664
0.0748542
0.345916
0.170819
0.061728
0.319021
0.0362071
0.0983468
0.268316
0.0175938
0.0643803
0.0863138
0.161717
0.213839
0.350074
0.0883466
0.278547
0.0937248
0.0676108
0.269405
0.163402
0.0964082
0.224608
0.238873
0.161983
0.0259443
0.10819
0.159252
0.14736
0.204651
0.129102
0.352626
0.241497
0.0796193
0.317917
0.200861
0.0101215
0.310011
0.256125
0.359594
0.307386
0.243721
0.178287
0.0420032
0.0815773
0.17763
0.28014
0.0305422
0.134758
0.174162
0.178228
0.300853
0.120746
0.112205
0.218097
0.0327574
0.137472
0.0653981
0.349278
0.304342
0.165998
0.32923
0.392101
0.20656
0.332573
0.150003
0.187359
0.0880355
0.0692335
0.107986
0.0703744
0.269482
0.0260249
0.0627029
0.119461
0.206236
0.0469341
0.178056
0.14564
0.113386
0.117292
0.0462359
0.0907389
0.29556
0.191745
0.22866
0.127936
0.108131
0.357778
0.0503799
0.126024
0.159007
0.134947
0.296503
0.179379
0.35444
0.151367
0.037786
0.292962
0.0483461
0.0852593
0.047935
0.344921
0.0449711
0.139519
0.074558
0.183961
0.166643
0.196857
0.0501017
0.140201
0.145263
0.383746
0.155287
0.0238008
0.119908
0.0790097
0.120728
0.0979582
0.193936
0.086815
0.0796915
0.139323
0.197088
0.237844
0.345247
0.353581
0.341873
0.12243
0.180783
0.124069
0.148634
0.134397
0.0117745
0.24718
0.12896
0.0437255
0.231104
0.0646268
0.264986
0.203772
0.175279
0.143489
0.154163
0.109116
0.315177
0.233028
0.114674
0.162019
0.150601
0.199616
0.33715
0.102231
0.0579277
0.286606
0.225244
0.117914
0.238511
0.0442327
0.0940118
0.0999553
0.0965885
0.0683534
0.237843
0.0751314
0.0597497
0.300097
0.131387
0.31061
0.130657
0.138812
0.330936
0.0481015
0.0941247
0.320387
0.203881
0.140832
0.267857
0.138008
0.076206
0.106508
0.110987
0.222399
0.150725
0.150882
0.119048
0.173216
0.222125
0.0176976
0.16119
0.255686
0.129973
0.116462
0.197381
0.328098
0.0527355
0.0456701
0.00899744
0.270993
0.105938
0.23358
0.293066
0.225308
0.156991
0.0236582
0.0437842
0.274364
0.030003
0.0871967
0.260372
0.306889
0.163126
0.133539
0.276691
0.1183
0.36649
0.0929932
0.144956
0.157132
0.0430369
0.18619
0.144134
0.0728698
0.19951
0.299032
0.279742
0.0799382
0.174695
0.152512
0.0346657
0.237206
0.131645
0.269074
0.0639924
0.216299
0.111241
0.0941023
0.279177
0.131986
0.125255
0.0116265
0.142117
0.0452353
0.0496084
0.24991
0.182035
0.0918539
0.297806
0.134308
0.313888
0.249668
0.203135
0.319834
0.0989259
0.118025
0.0761732
0.213285
0.348342
0.0864978
0.215896
0.262504
0.362888
0.262748
0.0251471
0.158671
0.0923141
0.164343
0.098354
0.155001
0.0965179
0.178217
0.120219
0.163157
0.352085
0.162363
0.0689404
0.18281
0.116513
0.0125074
0.223431
0.159858
0.257633
0.289175
0.0665416
0.13428
0.0666139
0.122021
0.108188
0.0403687
0.147168
0.175034
0.0683785
0.15475
0.0418072
0.122855
0.276067
0.109581
0.133414
0.171655
0.187473
0.0918474
0.222217
0.284492
0.0602642
0.103175
0.0923803
0.240678
0.135477
0.20589
0.345595
0.354914
0.270343
0.0322679
0.280218
0.239105
0.139067
0.0481111
0.362977
0.214385
0.0211051
0.186567
0.0894907
0.312923
0.258675
0.149878
0.047618
0.161821
0.168895
0.0209601
0.330585
0.0919141
0.292752
0.183899
0.0782418
0.222439
0.28554
0.205292
0.216036
0.0656824
0.304908
0.230688
0.127569
0.210298
0.0061292
0.111591
0.127603
0.0881972
0.285241
0.0465039
0.136269
0.10927
0.157493
0.22373
0.198467
0.107215
0.184044
0.156542
0.269201
0.15914
0.179764
0.110227
0.0825615
0.247867
0.151105
0.0928536
0.118886
0.0582944
0.212627
0.0462362
0.0852164
0.151498
0.203755
0.123863
0.184683
0.272609
0.0414099
0.268588
0.163321
0.0470727
0.264796
0.214142
0.101405
0.0216164
0.0877078
0.0812924
0.282406
0.101971
0.138265
0.299309
0.0539317
0.0253484
0.0926146
0.164309
0.143998
0.0784402
0.239527
0.207247
0.0428495
0.0716559
0.0405045
0.0778207
0.274384
0.227645
0.0968732
0.286408
0.163739
0.123692
0.157
0.253419
0.212317
0.224676
0.11801
0.212973
0.168417
0.0236749
0.172819
0.0690207
0.304411
0.182318
0.187715
0.110538
0.0659701
0.0779866
0.169894
0.212197
0.194144
0.158546
0.286505
0.293985
0.109404
0.0648331
0.103197
0.193837
0.301672
0.104118
0.0389595
0.29706
0.268653
0.138075
0.0843556
0.365172
0.0689839
0.123605
0.0586511
0.0575893
0.196327
0.0872492
0.184586
0.0333692
0.161492
0.0389753
0.29252
0.111657
0.188144
0.249083
0.133039
0.128068
0.24344
0.101337
0.178647
0.218558
0.26046
0.179418
0.0815636
0.193763
0.152981
0.17982
0.229132
0.320953
0.360517
0.255998
0.127706
0.0931008
0.177006
0.170156
0.0799691
0.141007
0.258803
0.0279838
0.13568
0.296298
0.0526022
0.108365
0.171901
0.14619
0.0862117
0.228142
0.26521
0.152578
0.0356102
0.0197728
0.193347
0.26174
0.167642
0.133552
0.117349
0.170672
0.0334853
0.202939
0.217987
0.28075
0.0708234
0.278228
0.0986323
0.09299
0.230741
0.109626
0.12309
0.131146
0.077171
0.292769
0.225658
0.0230046
0.102364
0.0857486
0.051753
0.194195
0.380177
0.081094
0.149215
0.155432
0.253483
0.0758156
0.085813
0.129842
0.179699
0.27104
0.0875506
0.0878059
0.128329
0.0354633
0.139685
0.054058
0.282307
0.367711
0.241048
0.214051
0.133616
0.356088
0.261134
0.100369
0.28831
0.125885
0.166657
0.260704
0.036957
0.194374
0.118176
0.145396
0.195745
0.0484107
0.294167
0.240953
0.08307
0.0166705
0.156283
0.14181
0.0903012
0.13861
0.0407237
0.0760387
0.10593
0.0393347
0.266794
0.049379
0.177213
0.219282
0.21078
0.0768438
0.243185
0.0885052
0.0330411
0.0984193
0.263114
0.04652
0.0953221
0.127511
0.051112
0.248616
0.327513
0.212495
0.343562
0.334283
0.127727
0.189142
0.189512
0.118787
0.140326
0.353587
0.249947
0.0896807
0.270133
0.263333
0.29221
0.125644
0.219581
0.0638395
0.0282974
0.287152
0.0523109
0.11145
0.0870576
0.0330565
0.334913
0.207837
0.177834
0.0621725
0.162996
0.194569
0.17871
0.320687
0.356302
0.203627
0.113749
0.153384
0.186287
0.0238822
0.190961
0.0882217
0.174198
0.146619
0.385773
0.159843
0.0486179
0.0416553
0.0578322
0.209825
0.166496
0.112169
0.261286
