0.413009
0.257659
0.325264
0.284219
0.202885
0.234469
0.307962
0.234612
0.249059
0.220041
0.313346
0.265201
0.258148
0.286016
0.276245
0.284317
0.291817
0.186253
0.247629
0.282942
0.242349
0.326531
0.264775
0.336719
0.286222
0.231581
0.262687
0.26435
0.344144
0.338677
0.237905
0.257875
0.293633
0.314442
0.303561
0.385807
0.315479
0.218155
0.288231
0.192582
0.340717
0.274211
0.274388
0.24613
0.308047
0.330684
0.311611
0.275443
0.187202
0.382995
0.323169
0.281573
0.231003
0.263285
0.205994
0.294205
0.290331
0.325939
0.20083
0.302546
0.356356
0.291574
0.350721
0.322544
0.287697
0.285652
0.283229
0.276773
0.211396
0.309837
0.229875
0.320424
0.134026
0.355598
0.436654
0.256112
0.288145
0.276618
0.256831
0.328181
0.283533
0.318649
0.308922
0.284358
0.290861
0.245034
0.233302
0.265721
0.286082
0.253057
0.263482
0.350273
0.180695
0.27167
0.361455
0.337139
0.386589
0.309471
0.309639
0.327439
0.367558
0.252723
0.251079
0.316085
0.283164
0.286719
0.266935
0.321465
0.205005
0.250087
0.263626
0.278725
0.322633
0.348185
0.315206
0.325694
0.242583
0.286437
0.304733
0.303751
0.268991
0.253385
0.233051
0.369292
0.285853
0.310789
0.249936
0.326799
0.304589
0.27251
0.251439
0.24849
0.287139
0.351584
0.31232
0.42237
0.268974
0.327974
0.296604
0.325894
0.2347
0.263428
0.251348
0.311085
0.248178
0.306741
0.25614
0.31513
0.217605
0.310062
0.261338
0.394261
0.235131
0.34791
0.327391
0.248636
0.254624
0.271178
0.405798
0.335266
0.311549
0.343561
0.223504
0.287942
0.291351
0.286218
0.264632
0.228647
0.333018
0.327669
0.336709
0.370811
0.259276
0.265273
0.310748
0.256468
0.215472
0.30653
0.317253
0.291174
0.216886
0.210247
0.211122
0.283632
0.337037
0.246759
0.241057
0.265491
0.282813
0.149886
0.283034
0.0922016
0.270777
0.256186
0.302743
0.304988
0.38565
0.324079
0.310394
0.261052
0.330302
0.29447
0.245106
0.330262
0.294789
0.317038
0.232061
0.282362
0.29321
0.355327
0.212176
0.290262
0.267812
0.26251
0.27114
0.220574
0.315842
0.386848
0.281343
0.305503
0.283574
0.403701
0.349903
0.376017
0.377188
0.387659
0.273745
0.356503
0.351372
0.272368
0.243488
0.31298
0.276313
0.261202
0.325012
0.33936
0.2616
0.292308
0.261943
0.232119
0.293754
0.296894
0.267464
0.288615
0.322567
0.291339
0.220693
0.256143
0.194892
0.318115
0.261665
0.230751
0.344278
0.236413
0.268201
0.228066
0.299493
0.35719
0.275043
0.344262
0.285651
0.288545
0.268695
0.353288
0.363405
0.230012
0.320845
0.281126
0.297022
0.290054
0.311313
0.311719
0.326653
0.223527
0.188862
0.281524
0.233125
0.395222
0.250742
0.312872
0.185869
0.235176
0.273113
0.341512
0.287852
0.298351
0.210495
0.376807
0.325803
0.269979
0.296225
0.265773
0.273158
0.263161
0.315923
0.31409
0.351072
0.2131
0.316024
0.234176
0.29042
0.24253
0.241686
0.304068
0.343396
0.261235
0.260866
0.302105
0.430636
0.305665
0.355098
0.281228
0.335708
0.233171
0.272483
0.292721
0.327605
0.262049
0.235219
0.30961
0.235953
0.22492
0.303893
0.231378
0.300366
0.229957
0.226612
0.291993
0.27965
0.225966
0.295781
0.331604
0.285753
0.246038
0.336205
0.294073
0.255824
0.208989
0.289994
0.269966
0.279973
0.335296
0.200203
0.243557
0.205033
0.232429
0.421555
0.325547
0.263727
0.279444
0.313714
0.349737
0.197854
0.272694
0.256142
0.226008
0.266989
0.220536
0.276509
0.317172
0.296815
0.246273
0.209926
0.329358
0.289876
0.143286
0.235312
0.241695
0.213845
0.223674
0.259919
0.213296
0.30094
0.298886
0.272692
0.263641
0.201849
0.359352
0.301287
0.29626
0.257064
0.236892
0.201986
0.342873
0.248691
0.310265
0.302417
0.270448
0.337377
0.278229
0.281679
0.29423
0.273911
0.290256
0.202309
0.255465
0.237141
0.307077
0.323903
0.317228
0.189768
0.295752
0.304614
0.281705
0.197684
0.213765
0.199262
0.304326
0.309399
0.278271
0.357555
0.234058
0.323552
0.323197
0.260889
0.216916
0.294123
0.207126
0.396622
0.325286
0.3081
0.31713
0.28594
0.272012
0.384387
0.27978
0.262518
0.267952
0.336272
0.28381
0.261907
0.364371
0.28443
0.243654
0.175314
0.204466
0.274553
0.270101
0.316248
0.33486
0.311096
0.342393
0.257985
0.374559
0.341488
0.34449
0.276427
0.246865
0.188086
0.284808
0.2056
0.272818
0.333466
0.308354
0.269257
0.219529
0.180454
0.215729
0.173478
0.300284
0.348632
0.310937
0.265469
0.353018
0.313931
0.203337
0.319274
0.31392
0.251834
0.223576
0.267418
0.320894
0.306252
0.268258
0.204487
0.280948
0.295471
0.301123
0.29915
0.297811
0.21472
0.276899
0.324511
0.261118
0.25849
0.312774
0.336306
0.281219
0.297206
0.306009
0.27412
0.253846
0.27878
0.255259
0.235568
0.357998
0.354074
0.338465
0.239763
0.325237
0.337429
0.546793
0.28659
0.353694
0.315849
0.337229
0.366898
0.342721
0.318615
0.224095
0.365994
0.280926
0.348121
0.394988
0.438755
0.302499
0.385807
0.372623
0.322336
0.415126
0.447792
0.365429
0.363032
0.285915
0.301964
0.37671
0.352503
0.275367
0.236693
0.293398
0.306209
0.314504
0.343387
0.306822
0.447743
0.371874
0.362002
0.358014
0.302918
0.381275
0.301533
0.416453
0.303758
0.406265
0.377178
0.293334
0.332479
0.383803
0.228863
0.318211
0.426478
0.317463
0.300925
0.290886
0.40178
0.343537
0.29115
0.425043
0.29786
0.406308
0.366042
0.339189
0.389757
0.417034
0.27776
0.412978
0.440124
0.392724
0.283801
0.287716
0.33168
0.300158
0.324517
0.319811
0.368834
0.361136
0.315701
0.384765
0.330451
0.351505
0.248364
0.265684
0.372526
0.37488
0.340753
0.358575
0.208449
0.258045
0.320715
0.414435
0.239005
0.312868
0.351053
0.347651
0.344431
0.289357
0.326092
0.311058
0.394621
0.31418
0.413576
0.292269
0.315059
0.290308
0.334948
0.295143
0.40724
0.257618
0.355094
0.383235
0.376557
0.401799
0.279254
0.32745
0.309902
0.363449
0.332375
0.261076
0.31333
0.284483
0.373751
0.434863
0.403076
0.37861
0.348276
0.344419
0.363805
0.305828
0.311523
0.233788
0.324393
0.277914
0.368793
0.323104
0.355607
0.381754
0.308136
0.295076
0.302361
0.250209
0.381645
0.211763
0.358112
0.354827
0.308868
0.235069
0.242228
0.287921
0.26339
0.234739
0.27184
0.364823
0.38807
0.346512
0.322613
0.359874
0.415481
0.24346
0.344227
0.340309
0.307441
0.296592
0.440133
0.351702
0.36567
0.323484
0.205132
0.340286
0.243877
0.367283
0.388847
0.251893
0.319479
0.26884
0.331496
0.368432
0.238813
0.233597
0.234732
0.332329
0.395223
0.378368
0.273911
0.379842
0.371753
0.334552
0.312383
0.304703
0.378708
0.406157
0.450428
0.294675
0.330691
0.335729
0.360382
0.268593
0.271019
0.297109
0.2807
0.427639
0.35841
0.365265
0.344445
0.311066
0.335516
0.398997
0.404027
0.446735
0.434022
0.435716
0.258826
0.375107
0.212916
0.233373
0.33072
0.366798
0.3022
0.303371
0.35855
0.360541
0.346115
0.327017
0.331359
0.424959
0.318945
0.296107
0.325075
0.375626
0.302921
0.394353
0.259937
0.365139
0.341461
0.300522
0.426225
0.320088
0.272827
0.309245
0.245355
0.274748
0.377488
0.405478
0.346655
0.321341
0.280073
0.299134
0.319126
0.287654
0.342202
0.285638
0.319879
0.335338
0.361025
0.415632
0.336092
0.357634
0.394724
0.263906
0.396746
0.38565
0.215761
0.284313
0.433333
0.274072
0.388269
0.361275
0.359557
0.427389
0.340953
0.256496
0.469635
0.388665
0.317381
0.426818
0.328645
0.320841
0.335797
0.34899
0.329122
0.310214
0.305272
0.192207
0.358231
0.402031
0.288312
0.375068
0.394491
0.373716
0.352164
0.357108
0.315856
0.341339
0.319399
0.302679
0.331325
0.305808
0.415405
0.28383
0.342703
0.343679
0.451277
0.304711
0.333039
0.343991
0.375244
0.384974
0.399449
0.41547
0.379659
0.31205
0.392505
0.341224
0.29805
0.437858
0.330481
0.351068
0.346412
0.34677
0.30515
0.386558
0.410518
0.315222
0.330548
0.269961
0.327077
0.225269
0.37267
0.340519
0.437296
0.275561
0.329838
0.3826
0.412326
0.340237
0.344615
0.261689
0.31007
0.374405
0.275285
0.362107
0.417114
0.351966
0.365451
0.408983
0.264289
0.293055
0.285086
0.256372
0.287172
0.281311
0.365376
0.330295
0.370248
0.374141
0.305996
0.395879
0.268909
0.294167
0.399481
0.336232
0.249761
0.255309
0.282063
0.454323
0.338645
0.389051
0.342573
0.361902
0.309852
0.412281
0.301052
0.346054
0.395026
0.29897
0.352682
0.412144
0.40504
0.339931
0.327573
0.366509
0.315282
0.325948
0.38409
0.226161
0.396925
0.189971
0.328617
0.346581
0.325901
0.3891
0.34885
0.336273
0.330238
0.417803
0.356368
0.286415
0.392619
0.381845
0.323998
0.339278
0.346155
0.314268
0.347989
0.344593
0.441108
0.335457
0.298699
0.334724
0.326376
0.413317
0.318588
0.335975
0.315161
0.333488
0.320411
0.304215
0.264175
0.336461
0.451715
0.366656
0.463372
0.426387
0.325735
0.374934
0.354896
0.371758
0.366976
0.282715
0.402737
0.206036
0.300888
0.3471
0.27084
0.223026
0.322059
0.317952
0.316888
0.298562
0.299108
0.314908
0.337525
0.350209
0.348635
0.432421
0.337114
0.323491
0.42068
0.377807
0.311475
0.283749
0.348221
0.437886
0.345022
0.411953
0.324377
0.258363
0.37609
0.3127
0.297519
0.337234
0.275299
0.430013
0.370723
0.310251
0.375537
0.286209
0.391042
0.317986
0.359241
0.290477
0.294732
0.45342
0.284874
0.326353
0.27227
0.422448
0.343236
0.37634
0.30288
0.362721
0.212655
0.38832
0.468425
0.383679
0.323307
0.487408
0.417259
0.411779
0.33265
0.323938
0.346483
0.324966
0.353348
0.327565
0.285894
0.285503
0.42388
0.337005
0.456169
0.253379
0.42995
0.506324
0.440175
0.419511
0.401752
0.417141
0.370733
0.394466
0.397948
0.454741
0.324316
0.451705
0.42241
0.411207
0.345719
0.421087
0.462958
0.418341
0.386763
0.448617
0.476636
0.446871
0.396553
0.437258
0.437084
0.393259
0.344367
0.392521
0.389601
0.470492
0.437669
0.375252
0.32242
0.387793
0.447857
0.37985
0.435085
0.437848
0.396822
0.384391
0.447792
0.346169
0.438429
0.408337
0.422469
0.424425
0.397242
0.35634
0.456945
0.373959
0.434424
0.474811
0.474848
0.414159
0.426985
0.419847
0.398303
0.341908
0.40821
0.353471
0.411113
0.387818
0.424653
0.430241
0.417942
0.452594
0.439373
0.411243
0.422055
0.409991
0.35697
0.514012
0.356378
0.320049
0.494126
0.410489
0.440719
0.362987
0.364726
0.401535
0.372114
0.472781
0.352679
0.440682
0.404232
0.414342
0.437208
0.391084
0.411557
0.397487
0.312792
0.398806
0.455832
0.380836
0.369206
0.377786
0.394789
0.391059
0.383392
0.369495
0.421116
0.333616
0.386846
0.390961
0.404082
0.392437
0.441361
0.500181
0.363116
0.422761
0.43215
0.454828
0.264727
0.345672
0.286761
0.387452
0.302774
0.34793
0.422394
0.453768
0.418074
0.32837
0.452095
0.384132
0.447948
0.386775
0.302296
0.389528
0.378792
0.366702
0.3513
0.418903
0.329002
0.340993
0.403154
0.503432
0.419704
0.383273
0.38713
0.308705
0.416967
0.251612
0.433385
0.472917
0.345223
0.461472
0.413229
0.316401
0.363116
0.406305
0.381951
0.412114
0.387208
0.314659
0.319148
0.448953
0.507594
0.327027
0.366269
0.380214
0.278409
0.346357
0.405321
0.424006
0.402559
0.314971
0.436936
0.416864
0.357201
0.371079
0.403196
0.376679
0.317836
0.369097
0.430243
0.431565
0.43651
0.423133
0.435506
0.445661
0.402453
0.453429
0.23905
0.369669
0.438963
0.400928
0.488261
0.462912
0.359919
0.393455
0.411888
0.393121
0.36943
0.434906
0.388169
0.410859
0.38222
0.475345
0.450974
0.331371
0.482212
0.38868
0.478277
0.413394
0.410865
0.381184
0.452137
0.330466
0.478383
0.394861
0.391794
0.356916
0.495787
0.376913
0.384372
0.344723
0.356503
0.332247
0.409655
0.433694
0.379528
0.440237
0.445433
0.475241
0.327707
0.413516
0.413178
0.398594
0.204945
0.307527
0.362987
0.458171
0.413897
0.406101
0.409079
0.468753
0.417325
0.410389
0.442101
0.428734
0.37307
0.442796
0.397337
0.438322
0.422463
0.41384
0.421994
0.413451
0.334607
0.457702
0.393309
0.434154
0.296475
0.415608
0.474973
0.404539
0.26373
0.416987
0.287913
0.410941
0.423932
0.443903
0.451037
0.39268
0.417459
0.454002
0.354175
0.365735
0.360088
0.474003
0.344777
0.467454
0.286657
0.364987
0.473446
0.464508
0.48873
0.381594
0.416206
0.297225
0.347743
0.520219
0.38775
0.503202
0.334065
0.432785
0.432378
0.401195
0.363898
0.386569
0.365136
0.292588
0.37609
0.484188
0.439994
0.26362
0.421708
0.395473
0.379709
0.42118
0.454029
0.423418
0.438049
0.359329
0.369978
0.386733
0.474613
0.411023
0.39812
0.479171
0.409668
0.415885
0.376506
0.504918
0.376639
0.300047
0.295494
0.437732
0.439125
0.381363
0.374477
0.444155
0.35892
0.37636
0.337618
0.416919
0.367426
0.415346
0.449954
0.410088
0.354109
0.409822
0.47242
0.456676
0.410738
0.459499
0.466572
0.393353
0.486254
0.360082
0.332735
0.291728
0.453725
0.39953
0.435216
0.425204
0.41015
0.411876
0.384719
0.381112
0.390129
0.455863
0.486382
0.439466
0.382938
0.46293
0.383295
0.374526
0.410254
0.430866
0.338891
0.336941
0.387516
0.431856
0.467928
0.431108
0.398192
0.389112
0.418489
0.437393
0.467521
0.398415
0.427159
0.444654
0.444005
0.461296
0.353294
0.42311
0.409862
0.41358
0.400324
0.374107
0.443238
0.433684
0.447749
0.37478
0.365817
0.3749
0.397219
0.393628
0.47722
0.44235
0.371698
0.420665
0.312872
0.270399
0.442111
0.427909
0.320433
0.338015
0.413933
0.425591
0.409115
0.47845
0.413039
0.384776
0.436166
0.413741
0.399321
0.418841
0.430247
0.379997
0.394113
0.411
0.48204
0.296089
0.401527
0.367609
0.356166
0.341336
0.378129
0.416456
0.459252
0.323484
0.32064
0.360685
0.387103
0.391575
0.431402
0.390249
0.436134
0.427501
0.352813
0.43623
0.41346
0.363431
0.399168
0.470844
0.417625
0.323265
0.336731
0.348796
0.431378
0.392458
0.375506
0.272215
0.413261
0.360317
0.397979
0.41933
0.260723
0.372183
0.404503
0.359735
0.376267
0.471356
0.47061
0.419178
0.334565
0.428047
0.376044
0.359285
0.371557
0.378477
0.475994
0.361991
0.417158
0.359347
0.367932
0.332818
0.405867
0.473065
0.405975
0.412878
0.367261
0.440449
0.414787
0.444357
0.316814
0.439271
0.400171
0.392817
0.471302
0.403585
0.424522
0.365236
0.273595
0.33655
0.352623
0.413556
0.311994
0.357243
0.42682
0.42705
0.394103
0.420409
0.375171
0.431016
0.455785
0.338206
0.433532
0.393229
0.329073
0.47015
0.467122
0.435874
0.477733
0.376987
0.249775
0.484655
0.364419
0.507988
0.462666
0.469769
0.486267
0.469121
0.309319
0.463751
0.504293
0.416068
0.44888
0.431686
0.437309
0.411712
0.45928
0.450552
0.466764
0.390073
0.429203
0.376708
0.484188
0.50562
0.302228
0.514224
0.402105
0.533913
0.503242
0.46778
0.430935
0.450714
0.523068
0.55798
0.381786
0.45878
0.462813
0.394995
0.362999
0.495395
0.516466
0.505494
0.41115
0.504256
0.34581
0.302745
0.507028
0.504491
0.438305
0.514187
0.468541
0.541065
0.43545
0.497861
0.36487
0.484667
0.458345
0.360487
0.472208
0.405647
0.343672
0.364814
0.350872
0.432448
0.376847
0.373547
0.470736
0.322196
0.391509
0.329228
0.437956
0.434847
0.516513
0.373572
0.352098
0.486856
0.454167
0.525802
0.511064
0.491952
0.470787
0.42407
0.351969
0.396558
0.464725
0.4476
0.387669
0.462555
0.431699
0.48971
0.455483
0.527366
0.496992
0.424857
0.342428
0.473684
0.468987
0.457613
0.386907
0.358822
0.279504
0.44881
0.516476
0.508496
0.50818
0.51078
0.423534
0.356249
0.439737
0.415193
0.473898
0.420865
0.270313
0.41453
0.445113
0.415761
0.424762
0.44028
0.514133
0.43508
0.540509
0.456535
0.470705
0.455991
0.305242
0.479744
0.463694
0.406749
0.521149
0.433807
0.451553
0.398004
0.440305
0.513768
0.477453
0.306448
0.41907
0.486046
0.446564
0.47526
0.477412
0.315281
0.342194
0.483113
0.360868
0.488255
0.29066
0.488301
0.496583
0.422188
0.470491
0.559682
0.440815
0.452206
0.463634
0.451893
0.513612
0.423321
0.468799
0.375502
0.468945
0.493913
0.490747
0.384401
0.382346
0.474368
0.459796
0.449987
0.395515
0.499599
0.501433
0.339608
0.483293
0.403171
0.385458
0.415207
0.431194
0.346673
0.436543
0.403184
0.397821
0.524709
0.504524
0.465967
0.414853
0.375135
0.273477
0.503643
0.460455
0.409643
0.294876
0.469345
0.47182
0.50834
0.419297
0.377271
0.494112
0.199182
0.561117
0.429612
0.298987
0.227711
0.41999
0.432534
0.457767
0.440969
0.299184
0.315635
0.317676
0.43063
0.443112
0.326819
0.471786
0.342776
0.271361
0.450532
0.475655
0.44308
0.310839
0.448299
0.402494
0.36808
0.492744
0.452452
0.367024
0.287482
0.521168
0.464483
0.42879
0.46806
0.463172
0.321759
0.376831
0.448443
0.445988
0.390354
0.383072
0.430766
0.450825
0.305696
0.466622
0.535893
0.37275
0.31186
0.473804
0.331428
0.494256
0.506636
0.355476
0.454704
0.368393
0.499873
0.434832
0.413372
0.519362
0.469005
0.346211
0.484141
0.388608
0.504298
0.455877
0.456202
0.469629
0.50328
0.454882
0.50279
0.438454
0.442123
0.354716
0.262329
0.423194
0.428343
0.476809
0.429074
0.358994
0.383657
0.303577
0.442207
0.388522
0.449959
0.382349
0.448254
0.487833
0.447402
0.359452
0.457328
0.489411
0.510606
0.450202
0.457912
0.262482
0.452486
0.544411
0.393067
0.490487
0.450143
0.35567
0.294247
0.377487
0.451751
0.488053
0.32429
0.35272
0.251015
0.457091
0.393558
0.389306
0.374126
0.505652
0.407018
0.285905
0.384558
0.438889
0.469964
0.507312
0.474266
0.532935
0.309364
0.341113
0.44224
0.496192
0.333532
0.436261
0.507802
0.504406
0.43325
0.462143
0.451919
0.490728
0.526577
0.275358
0.464543
0.479056
0.398236
0.434858
0.381148
0.453199
0.239798
0.446323
0.465539
0.45032
0.520946
0.402147
0.344926
0.464197
0.455348
0.48577
0.438054
0.462348
0.434094
0.280554
0.41037
0.412217
0.494894
0.445059
0.495037
0.45958
0.438852
0.46267
0.496572
0.439456
0.333503
0.513175
0.530808
0.486152
0.470528
0.478073
0.47193
0.449004
0.481751
0.383499
0.302964
0.468638
0.467414
0.449831
0.447964
0.393982
0.520764
0.373877
0.467165
0.365508
0.493053
0.366704
0.525422
0.512996
0.232986
0.506292
0.487121
0.46873
0.491406
0.426951
0.470237
0.364316
0.430531
0.296386
0.345989
0.445715
0.557374
0.439368
0.442889
0.477015
0.4285
0.296355
0.42852
0.512741
0.460557
0.466892
0.517074
0.39824
0.435391
0.37351
0.522564
0.491216
0.494901
0.498529
0.415801
0.338128
0.551208
0.499485
0.539488
0.410893
0.430116
0.503253
0.479766
0.41734
0.545624
0.43329
0.452284
0.445844
0.457108
0.48226
0.432044
0.288449
0.466801
0.438105
0.494059
0.307111
0.362901
0.452326
0.435451
0.472886
0.537005
0.388761
0.472296
0.448509
0.483549
0.505336
0.479787
0.520999
0.482341
0.370497
0.480724
0.501181
0.458448
0.492359
0.476708
0.487172
0.388158
0.487532
0.407593
0.494451
0.426866
0.548216
0.511767
0.456639
0.533573
0.516126
0.335197
0.450196
0.504463
0.276288
0.398854
0.407885
0.411616
0.350595
0.291996
0.481169
0.406314
0.456839
0.403233
0.413724
0.464561
0.423358
0.557085
0.364199
0.409191
0.402769
0.470506
0.511591
0.411013
0.592641
0.354149
0.387342
0.475441
0.507769
0.624004
0.442102
0.486899
0.469768
0.248245
0.370118
0.361946
0.315405
0.112384
0.360513
0.217552
0.302048
0.428064
0.399228
0.277882
0.478083
0.427474
0.451111
0.472101
0.424038
0.452078
0.308214
0.375037
0.305728
0.366385
0.451558
0.328937
0.319343
0.358607
0.420184
0.393015
0.392799
0.405106
0.389536
0.103085
0.296832
0.446152
0.333836
0.390247
0.281807
0.382973
0.292329
0.249262
0.434385
0.359807
0.416384
0.398468
0.340422
0.51237
0.261624
0.472946
0.123398
0.454912
0.262843
0.242065
0.403221
0.319236
0.493681
0.472525
0.168859
0.25295
0.264845
0.421856
0.419481
0.394577
0.4017
0.341288
0.309393
0.126059
0.423235
0.361772
0.357582
0.328636
0.364314
0.27872
0.371645
0.3077
0.320289
0.333938
0.239089
0.487996
0.505585
0.387235
0.168076
0.282151
0.441239
0.36988
0.426591
0.313684
0.340191
0.484553
0.317554
0.409496
0.24634
0.398831
0.438751
0.276347
0.39931
0.183202
0.180558
0.156058
0.385807
0.35941
0.367062
0.346503
0.368922
0.266902
0.425714
0.400432
0.386005
0.345041
0.250627
0.333303
0.260149
0.416589
0.374324
0.445743
0.477959
0.46886
0.320148
0.27482
0.418635
0.355266
0.342621
0.412268
0.257293
0.362398
0.351392
0.276879
0.505749
0.324851
0.330962
0.386993
0.243065
0.353497
0.339487
0.442118
0.395601
0.342318
0.367039
0.270787
0.414264
0.279927
0.314378
0.303501
0.223998
0.38378
0.283956
0.298605
0.273112
0.276463
0.347592
0.389794
0.215261
0.352425
0.419446
0.303515
0.418956
0.374954
0.168847
0.456784
0.348076
0.303491
0.279717
0.395668
0.352575
0.320511
0.39867
0.211959
0.374368
0.326388
0.442313
0.413544
0.333396
0.411214
0.385721
0.174119
0.343857
0.299542
0.178171
0.383877
0.482353
0.291346
0.369831
0.250776
0.482392
0.344318
0.422992
0.362501
0.30036
0.36179
0.389999
0.312006
0.26994
0.399133
0.273654
0.467187
0.386776
0.302912
0.370041
0.3978
0.333835
0.38536
0.254679
0.355164
0.360684
0.359079
0.225022
0.160258
0.29445
0.330607
0.347215
0.373723
0.35998
0.387641
0.268459
0.212506
0.33978
0.307523
0.447756
0.285565
0.297231
0.317341
0.31234
0.357266
0.400096
0.317439
0.398747
0.443623
0.358297
0.293514
0.187875
0.301225
0.22237
0.511212
0.447785
0.496954
0.37611
0.384119
0.339382
0.37255
0.355248
0.41174
0.177386
0.398965
0.325658
0.237913
0.400649
0.295915
0.318194
0.250222
0.27221
0.34376
0.298482
0.403789
0.285886
0.443603
0.284475
0.349493
0.390812
0.385675
0.400487
0.265475
0.385945
0.348901
0.315944
0.415113
0.470797
0.23811
0.484659
0.308977
0.322011
0.395129
0.258329
0.268345
0.484139
0.310364
0.327868
0.409651
0.356801
0.444228
0.429878
0.462655
0.429603
0.423584
0.439564
0.163649
0.354607
0.276233
0.368587
0.409317
0.306041
0.389787
0.377189
0.377783
0.399525
0.373104
0.31768
0.306918
0.412061
0.478213
0.482338
0.328273
0.342917
0.403622
0.3783
0.322695
0.279318
0.31314
0.324789
0.198697
0.207429
0.502509
0.320813
0.345213
0.338327
0.340229
0.302474
0.507261
0.34373
0.368762
0.348091
0.312157
0.285878
0.350696
0.37536
0.329829
0.342431
0.313262
0.348424
0.390783
0.35565
0.307716
0.26922
0.305724
0.323196
0.341764
0.302012
0.325928
0.310552
0.239997
0.33689
0.324054
0.368154
0.318436
0.195189
0.329403
0.362309
0.183408
0.208513
0.35248
0.440197
0.236842
0.282778
0.404849
0.346309
0.336284
0.159974
0.337814
0.371136
0.192921
0.35754
0.330371
0.186885
0.0555003
0.297347
0.390563
0.345862
0.365479
0.272181
0.311446
0.517191
0.445757
0.353837
0.316991
0.323512
0.349626
0.296158
0.468418
0.348283
0.311358
0.352783
0.295425
0.346544
0.363036
0.345811
0.414016
0.304391
0.311717
0.375173
0.378231
0.321933
0.103755
0.444693
0.331074
0.47088
0.36626
0.27148
0.279492
0.348465
0.33711
0.243972
0.0865185
0.332853
0.503574
0.3125
0.317511
0.360943
0.286624
0.369804
0.418018
0.360172
0.385097
0.361505
0.345227
0.363691
0.476085
0.316798
0.33754
0.482391
0.17661
0.50495
0.33635
0.446593
0.351734
0.277118
0.29258
0.366671
0.31161
0.238202
0.303186
0.337799
0.210157
0.371091
0.261259
0.349313
0.343821
0.220568
0.236039
0.308003
0.274955
0.342322
0.296039
0.433015
0.304662
0.165267
0.133962
0.454272
0.460148
0.332219
0.245536
0.415232
0.393028
0.40279
0.391592
0.458858
0.475209
0.394018
0.36647
0.291068
0.276824
0.117957
0.342715
0.15951
0.338885
0.297569
0.315538
0.424547
0.384936
0.339784
0.168151
0.289027
0.3299
0.186063
0.327458
0.249747
0.352237
0.264675
0.329717
0.277542
0.381565
0.343806
0.159921
0.280328
0.392339
0.393827
0.33455
0.356323
0.419599
0.306105
0.301254
0.333107
0.121585
0.171548
0.374389
0.32824
0.230709
0.158606
0.384365
0.334315
0.364339
0.47329
0.411304
0.363629
0.305008
0.35314
0.404851
0.363217
0.326009
0.220207
0.0893589
0.392888
0.283883
0.438045
0.287409
0.462055
0.147691
0.465554
0.422067
0.525771
0.202364
0.308484
0.399297
0.229392
0.29437
0.468623
0.33235
0.370026
0.321121
0.458753
0.266576
0.189655
0.332314
0.399854
0.364262
0.322867
0.310474
0.339129
0.272044
0.351872
0.437705
0.512153
0.311948
0.281763
0.373945
0.1787
0.490629
0.159408
0.286339
0.310384
0.503763
0.333937
0.271489
0.383018
0.320128
0.289795
0.284075
0.400659
0.461043
0.235508
0.30305
0.475897
0.212257
0.215921
0.338909
0.383097
0.301976
0.253326
0.293612
0.332853
0.310521
0.366812
0.376524
0.308595
0.305061
0.281996
0.262916
0.350502
0.400472
0.301837
0.444855
0.337874
0.342389
0.416846
0.352569
0.382675
0.385109
0.42161
0.39709
0.161028
0.330326
0.428069
0.363344
0.390907
0.279458
0.307118
0.304404
0.322477
0.367228
0.287428
0.363941
0.356264
0.473855
0.222144
0.0918693
0.0730174
0.22292
0.294109
0.0911701
0.231566
0.150283
0.102655
0.396223
0.202326
0.238798
0.145609
0.253095
0.299245
0.0963715
0.0383369
0.320713
0.103695
0.274034
0.20014
0.37353
0.365546
0.376227
0.298274
0.136331
0.320147
0.0974177
0.242436
0.149819
0.181786
0.0822034
0.386047
0.145622
0.387148
0.263896
0.29782
0.190595
0.213486
0.226756
0.138422
0.208282
0.185329
0.399353
0.387513
0.405285
0.12363
0.20418
0.214818
0.231525
0.194716
0.198461
0.0785352
0.0933324
0.273854
0.195694
0.0567647
0.386023
0.0729349
0.3621
0.0835344
0.394771
0.237754
0.101951
0.370901
0.321153
0.259485
0.283605
0.289305
0.0752922
0.129781
0.144225
0.245671
0.250202
0.204456
0.263019
0.16373
0.369976
0.228471
0.254022
0.389504
0.238858
0.208712
0.176423
0.40291
0.27374
0.265779
0.0573519
0.358992
0.119638
0.181296
0.258308
0.366312
0.212704
0.247323
0.161453
0.226777
0.113814
0.264025
0.10468
0.0992624
0.125102
0.250947
0.183576
0.278537
0.170608
0.0511288
0.318876
0.114445
0.231871
0.258743
0.223504
0.278272
0.154759
0.254992
0.21247
0.18819
0.281604
0.0926226
0.217346
0.0921836
0.115064
0.318137
0.158555
0.235371
0.143642
0.0776474
0.217833
0.210152
0.10109
0.290042
0.250687
0.25905
0.31934
0.0631815
0.328442
0.172586
0.288256
0.272282
0.200373
0.280575
0.0596815
0.131661
0.157116
0.248986
0.197363
0.263734
0.0487759
0.268751
0.280623
0.238762
0.20752
0.109227
0.0815169
0.245621
0.156957
0.0502059
0.203051
0.0815802
0.160132
0.245447
0.166863
0.309701
0.204668
0.264893
0.197926
0.217793
0.159907
0.307997
0.343687
0.155217
0.213848
0.0571666
0.102737
0.218839
0.153419
0.167362
0.307904
0.182711
0.185184
0.270369
0.161386
0.364811
0.276306
0.294896
0.150947
0.112765
0.380452
0.0934507
0.0639228
0.18097
0.0895696
0.0862468
0.176159
0.271943
0.106041
0.0792703
0.223256
0.289403
0.175327
0.233847
0.248902
0.384661
0.15956
0.211678
0.235678
0.207139
0.268508
0.0426396
0.378976
0.262577
0.36621
0.27978
0.230279
0.25483
0.290699
0.24117
0.134548
0.110397
0.307658
0.164502
0.136173
0.0540725
0.330526
0.389439
0.210916
0.309213
0.240468
0.239678
0.170652
0.200784
0.352873
0.050272
0.125154
0.386399
0.0801811
0.266068
0.257555
0.196827
0.355321
0.218394
0.0911836
0.101222
0.291841
0.232262
0.218711
0.178094
0.266976
0.412792
0.200311
0.249862
0.11692
0.110816
0.201353
0.208894
0.277584
0.15285
0.311401
0.1104
0.242417
0.328819
0.256454
0.370647
0.146079
0.054291
0.186198
0.184477
0.257249
0.23797
0.226591
0.153161
0.191601
0.137602
0.265246
0.214505
0.168938
0.219866
0.370908
0.21985
0.274146
0.139072
0.264691
0.380729
0.259762
0.366218
0.331345
0.181687
0.204253
0.112943
0.148675
0.160135
0.210698
0.325046
0.16065
0.0860947
0.240808
0.169242
0.238313
0.073656
0.0688193
0.469885
0.42384
0.490067
0.370838
0.251426
0.362712
0.418377
0.427855
0.378715
0.43848
0.424961
0.0884221
0.376471
0.270688
0.426439
0.399879
0.350132
0.325581
0.452617
0.398089
0.0973325
0.343889
0.280372
0.482667
0.341564
0.344361
0.240816
0.427243
0.294944
0.420157
0.481874
0.491517
0.463825
0.233553
0.360991
0.399128
0.481337
0.467492
0.432371
0.388237
0.352156
0.352156
0.39592
0.362011
0.115937
0.381461
0.355163
0.413717
0.412559
0.309084
0.36788
0.408214
0.418164
0.230861
0.373814
0.354375
0.430257
0.417827
0.293605
0.412559
0.0609198
0.270347
0.291227
0.271135
0.305364
0.101378
0.290155
0.265765
0.358157
0.391415
0.41079
0.421514
0.298552
0.403565
0.398019
0.394141
0.398019
0.385728
0.29552
0.414088
0.391587
0.35113
0.371346
0.389669
0.277874
0.358963
0.309081
0.387785
0.219034
0.35215
0.355388
0.255999
0.332457
0.382067
0.350553
0.362133
0.400015
0.361492
0.0754126
0.294812
0.442464
0.326463
0.43657
0.330701
0.372923
0.384087
0.409508
0.484869
0.342206
0.181733
0.376343
0.414578
0.331553
0.426028
0.391587
0.422637
0.321453
0.427038
0.408484
0.456709
0.435715
0.124053
0.331328
0.389793
0.162861
0.141606
0.164115
0.356032
0.318999
0.387648
0.379487
0.477672
0.326026
0.364781
0.492154
0.330679
0.348159
0.40598
0.430608
0.389793
0.343889
0.407097
0.373814
0.440607
0.362167
0.369967
0.314814
0.358963
0.427574
0.471577
0.350132
0.440458
0.436183
0.224694
0.110039
0.353689
0.433664
0.305027
0.386511
0.287541
0.482023
0.329581
0.335959
0.372923
0.437802
0.390083
0.39592
0.359224
0.388908
0.110039
0.422382
0.297107
0.427601
0.432188
0.309487
0.315663
0.325561
0.407681
0.458858
0.219034
0.491764
0.43657
0.498818
0.172512
0.379425
0.418329
0.432737
0.383884
0.404544
0.35841
0.388697
0.427812
0.430547
0.433782
0.429973
0.396902
0.376677
0.300925
0.288084
0.374352
0.339745
0.485674
0.115506
0.347503
0.116636
0.363246
0.342062
0.449377
0.352556
0.34294
0.423608
0.328118
0.456993
0.278851
0.375564
0.402293
0.445537
0.338277
0.352739
0.175105
0.414071
0.392931
0.335959
0.306092
0.449703
0.421611
0.332457
0.447584
0.399584
0.309081
0.528581
0.406614
0.388525
0.338987
0.094723
0.160353
0.0949527
0.348735
0.350136
0.399584
0.294803
0.387785
0.348493
0.431016
0.294834
0.399662
0.408678
0.287915
0.22548
0.112868
0.437383
0.374551
0.259266
0.410198
0.403565
0.404828
0.292099
0.410198
0.391207
0.381949
0.390748
0.450862
0.366658
0.427173
0.381109
0.328235
0.428756
0.411903
0.265765
0.353249
0.4116
0.377974
0.340007
0.394386
0.43848
0.35045
0.493848
0.371677
0.414088
0.435314
0.369967
0.283868
0.348493
0.36684
0.460592
0.262771
0.449352
0.390748
0.278511
0.441046
0.347496
0.0754126
0.4692
0.365378
0.374695
0.381949
0.510953
0.283056
0.327779
0.116636
0.276358
0.371712
0.0823237
0.100609
0.120206
0.11179
0.0359603
0.0882194
0.125693
0.140171
0.0411734
0.0824749
0.189523
0.136845
0.0309057
0.0728458
0.087015
0.0735558
0.186526
0.0484531
0.141473
0.0702454
0.124518
0.0338823
0.157778
0.131822
0.0728246
0.0826753
0.0788511
0.126929
0.0797731
0.0940882
0.0361864
0.0731523
0.0878274
0.0753587
0.0446228
0.0770229
0.149587
0.0671037
0.130385
0.0202207
0.0351516
0.0826947
0.0481966
0.0739378
0.0778011
0.0452939
0.0813943
0.131755
0.100886
0.136649
0.0910219
0.119819
0.0647391
0.122223
0.0153024
0.0615167
0.0632408
0.0906426
0.0949455
0.0833828
0.0618198
0.106656
0.0688295
0.0722933
0.0544597
0.130372
0.14257
0.0711056
0.208145
0.095945
0.0824692
0.110906
0.10929
0.152425
0.0871539
0.221693
0.169651
0.102646
0.0760033
0.140178
0.0600603
0.152363
0.107504
0.0957538
0.176102
0.158372
0.0699371
0.183895
0.095246
0.103001
0.100699
0.0528573
0.0856652
0.108088
0.0974603
0.0298519
0.14342
0.104273
0.0532977
0.0824679
0.0914304
0.0817714
0.134657
0.131729
0.0305115
0.0881307
0.133335
0.0617817
0.113644
0.0609081
0.122488
0.0948421
0.0856418
0.0872104
0.0144572
0.0244903
0.0987465
0.0829992
0.130755
0.108285
0.0709896
0.151678
0.0813291
0.0327399
0.0283655
0.0223785
0.320548
0.0885375
0.15825
0.0602367
0.0367111
0.122746
0.127516
0.0887914
0.0707461
0.110324
0.0858755
0.111994
0.122358
0.1302
0.0504594
0.0969865
0.10037
0.0642799
0.0848772
0.0636671
0.0979278
0.0615462
0.0817316
0.0339776
0.0585584
0.0660275
0.0776091
0.217522
0.0623306
0.0689867
0.0940619
0.0646133
0.100206
0.089848
0.0932938
0.192994
0.083425
0.0505043
0.0792163
0.105382
0.110894
0.146306
0.0506248
0.120711
0.0280353
0.107549
0.173666
0.112757
0.135584
0.0837932
0.0499293
0.0385391
0.0922976
0.0668959
0.0261659
0.110069
0.0423305
0.0568241
0.141887
0.0719938
0.065664
0.0688235
0.0899435
0.0592861
0.134094
0.0890356
0.182139
0.127849
0.0758899
0.0601595
0.0461285
0.130068
0.0335275
0.0686024
0.0780095
0.0647377
0.124713
0.0425056
0.107168
0.0655967
0.0136002
0.0556212
0.0458989
0.111964
0.0398478
0.159302
0.0560315
0.125438
0.218529
0.0592995
0.0227384
0.130445
0.102268
0.07394
0.0476342
0.0981329
0.0284842
0.0632935
0.102348
0.0637079
0.136811
0.151797
0.0310771
0.122947
0.119194
0.122866
0.0887373
0.118883
0.0601216
0.155044
0.113591
0.156042
0.110325
0.0784484
0.0352379
0.0505571
0.0449546
0.123271
0.0857841
0.0433588
0.0666009
0.128914
0.107269
0.116352
0.107187
0.0437779
0.109995
0.0590695
0.0576577
0.1695
0.187983
0.147523
0.100573
0.127919
0.186072
0.0543704
0.189641
0.148429
0.129486
0.0136406
0.138478
0.0903856
0.125394
0.0876801
0.0758638
0.0913096
0.0682013
0.148393
0.0386245
0.0812471
0.0483755
0.0340331
0.0814927
0.034862
0.158658
0.033651
0.0425707
0.0832572
0.0964251
0.0837455
0.0558412
0.0982292
0.0787289
0.105046
0.07617
0.0487618
0.0961919
0.122095
0.141906
0.0601614
0.106059
0.0658818
0.120494
0.11813
0.0449482
0.0896555
0.0702981
0.0933939
0.0163832
0.0608317
0.0796
0.0627496
0.108664
0.114261
0.124547
0.0423391
0.0881574
0.0285859
0.192283
0.103034
0.172357
0.0939041
0.135685
0.0799322
0.0724463
0.0751411
0.131704
0.0772763
0.0647419
0.0783295
0.0759047
0.0626109
0.0656065
0.0803304
0.0195227
0.0539305
0.0210677
0.0589128
0.0174813
0.0918581
0.0834121
0.161714
0.0678611
0.0319086
0.0956477
0.0394197
0.125526
0.086669
0.166655
0.0310926
0.138374
0.141705
0.113767
0.0950949
0.0875
0.114838
0.11985
0.128291
0.0924362
0.241608
0.0435117
0.148067
0.125153
0.0368327
0.0291937
0.0917633
0.123264
0.02719
0.0809784
0.0560098
0.152911
0.0133708
0.0317819
0.0695071
0.0965251
0.124698
0.0308506
0.0862102
0.0658143
0.0883484
0.072163
0.0293776
0.0267388
0.136689
0.097163
0.0338955
0.0795911
0.203511
0.103593
0.0911605
0.111187
0.0984357
0.0746014
0.0838964
0.133971
0.0782129
0.194882
0.0703816
0.0758892
0.157105
0.0463499
0.0458017
0.0270238
0.056534
0.0672567
0.0612187
0.040865
0.149879
0.0889113
0.0695323
0.115725
0.0810177
0.0700783
0.0724665
0.0792523
0.0495465
0.0941391
0.0942885
0.0230429
0.105964
0.0668555
0.164476
0.0811712
0.113009
0.0607496
0.0224123
0.089275
0.0697174
0.0215934
0.0785867
0.0747878
0.219622
0.0777738
0.0543282
0.136079
0.186853
0.041639
0.127662
0.083402
0.0959872
0.0204551
0.121268
0.0214707
0.0852834
0.0814969
0.0976876
0.0626848
0.0528223
0.0200163
0.0807431
0.0573191
0.0321309
0.104523
0.087974
0.0752851
0.0574051
0.0682337
0.132791
0.121913
0.112829
0.183099
0.0238102
0.073307
0.0439864
0.102676
0.0768368
0.0246243
0.122252
0.0484422
0.0309056
0.152404
0.116731
0.145105
0.0815034
0.0672359
0.0954258
0.0774764
0.0665405
0.147191
0.0900696
0.0682273
0.142583
0.105997
0.119084
0.118608
0.0324203
0.0454801
0.117269
0.101044
0.016681
0.139516
0.0498375
0.124623
0.0981123
0.0971989
0.181926
0.159258
0.0687608
0.109656
0.0970702
0.116422
0.0434622
0.0852611
0.075715
0.0860463
0.13282
0.0515928
0.0936699
0.0623508
0.116859
0.0445777
0.138001
0.0928
0.213934
0.13768
0.134604
0.0930582
0.10795
0.0578054
0.0516828
0.0934807
0.0728359
0.0418127
0.103283
0.0784156
0.109113
0.0953114
0.0820288
0.16495
0.10409
0.0159155
0.132886
0.127874
0.171676
0.0882068
0.113365
0.0519284
0.0812351
0.110307
0.0765444
0.13723
0.0450205
0.108234
0.106617
0.0771237
0.0545722
0.0890818
0.0935691
0.0967296
0.0323428
0.0714931
0.0406061
0.131101
0.0948091
0.0459988
0.112249
0.026366
0.0907211
0.139059
0.141919
0.057461
0.0464817
0.0795067
0.0828804
0.0367013
0.101457
0.0834766
0.0400864
0.115275
0.118758
0.116049
0.124943
0.0945508
0.0628319
0.123878
0.0854167
0.0302913
0.13078
0.192986
0.0709352
0.0251724
0.108846
0.0754115
0.12417
0.0811901
0.176562
0.066734
0.0714461
0.0612908
0.0536684
0.0764769
0.0720151
0.0992016
0.105704
0.0862049
0.0606838
0.0602393
0.0677425
0.154951
0.0422644
0.130465
0.104849
0.0411787
0.129169
0.0539254
0.047127
0.0773145
0.131946
0.0406961
0.129114
0.0842497
0.123024
0.148394
0.111617
0.0892469
0.0533168
0.0361608
0.0510876
0.0348266
0.0641728
0.159849
0.0927653
0.071088
0.0959462
0.123034
0.203153
0.0327811
0.132152
0.0768695
0.0619352
0.116522
0.0960853
0.0480033
0.126724
0.114446
0.0196841
0.109294
0.0666068
0.0275646
0.151428
0.0461476
0.0224577
0.0800415
0.0859126
0.0137542
0.0352627
0.0675374
0.0543388
0.0360737
0.0806924
0.141377
0.0696142
0.141306
0.116339
0.0821997
0.0767724
0.105434
0.0728441
0.0209969
0.079125
0.114054
0.0308254
0.0163034
0.090479
0.108483
0.117376
0.0688941
0.04431
0.0944971
0.0483027
0.0313767
0.123308
0.0643125
0.0189586
0.0701106
0.0782106
0.233529
0.055142
0.214499
0.0683226
0.0894093
0.0424465
0.0178729
0.0353777
0.065793
0.0775738
0.0829693
0.159752
0.126287
0.516838
0.089886
0.405169
0.124626
0.349704
0.145655
0.131953
0.465036
0.154329
0.280518
0.366184
0.0681309
0.206265
0.100905
0.309193
0.329313
0.168295
0.143601
0.118759
0.124224
0.0860879
0.430821
0.0698031
0.107106
0.152497
0.0363236
0.154239
0.0756793
0.324485
0.460284
0.0665601
0.292338
0.399952
0.347654
0.125457
0.271635
0.306026
0.303827
0.219803
0.246785
0.0390975
0.0490614
0.2169
0.151778
0.230483
0.443209
0.331739
0.219738
0.388769
0.256497
0.0970111
0.208379
0.0962475
0.314142
0.144243
0.186876
0.247106
0.249489
0.240485
0.170434
0.21526
0.169555
0.178936
0.0854749
0.0745852
0.211437
0.4482
0.331067
0.317714
0.0986681
0.116274
0.139348
0.120468
0.254365
0.216679
0.31778
0.0961231
0.268561
0.297693
0.09496
0.151933
0.186906
0.118822
0.44265
0.160308
0.0512477
0.2371
0.156
0.42702
0.410977
0.176761
0.115432
0.270211
0.0392275
0.188424
0.452769
0.166892
0.22856
0.258625
0.069397
0.0654512
0.247376
0.224806
0.176172
0.0435334
0.296943
0.134854
0.214933
0.443145
0.190122
0.104446
0.084153
0.313907
0.385099
0.192147
0.190597
0.205608
0.164698
0.343847
0.170444
0.0578849
0.0298988
0.33004
0.380753
0.166999
0.159656
0.166856
0.124592
0.485694
0.269856
0.0625972
0.0718266
0.129907
0.224566
0.160263
0.0623539
0.137624
0.411757
0.224815
0.445219
0.0891308
0.490131
0.293705
0.398254
0.126384
0.292705
0.348615
0.259183
0.16674
0.183244
0.441189
0.139343
0.36515
0.238558
0.21144
0.293287
0.0989074
0.494104
0.371843
0.110166
0.0964411
0.116915
0.184864
0.0376856
0.096026
0.157587
0.469398
0.214034
0.145253
0.0835187
0.204106
0.132112
0.135278
0.417992
0.12083
0.15597
0.332992
0.020544
0.0807139
0.124183
0.246004
0.048675
0.225179
0.341028
0.26693
0.333106
0.285864
0.384748
0.205157
0.156143
0.40121
0.0698688
0.0570375
0.0926299
0.208468
0.286039
0.234251
0.399837
0.113623
0.203562
0.243872
0.316961
0.087979
0.291662
0.188742
0.0191485
0.367916
0.174255
0.175593
0.0512155
0.503486
0.0982841
0.173803
0.290385
0.185961
0.148044
0.0811983
0.104778
0.204047
0.144536
0.101236
0.384944
0.150426
0.475793
0.198816
0.228921
0.17258
0.155057
0.198302
0.104965
0.101069
0.052618
0.211496
0.397841
0.0482977
0.480631
0.0680006
0.129081
0.309174
0.368813
0.177969
0.250024
0.307037
0.134227
0.320366
0.274705
0.407107
0.191526
0.357993
0.257971
0.473103
0.489921
0.102708
0.11337
0.234205
0.482011
0.363999
0.444309
0.258483
0.041205
0.292336
0.0607201
0.183776
0.45116
0.133997
0.293635
0.263866
0.0563929
0.372558
0.294257
0.118181
0.199644
0.30072
0.374926
0.128917
0.180667
0.420804
0.148482
0.259298
0.334709
0.171282
0.436698
0.172703
0.34178
0.210935
0.237448
0.121973
0.280699
0.335375
0.11054
0.23923
0.0389041
0.178151
0.0368649
0.0330769
0.0486654
0.133997
0.13368
0.139647
0.398405
0.0940472
0.0946943
0.178931
0.0949574
0.0440331
0.0463025
0.307789
0.0628121
0.21192
0.141827
0.193163
0.0834582
0.185424
0.132165
0.442608
0.0423351
0.315202
0.207453
0.369214
0.0530134
0.0392708
0.211507
0.0765932
0.116893
0.124627
0.233308
0.29137
0.0434436
0.184196
0.157105
0.214184
0.25737
0.204469
0.197972
0.238887
0.37251
0.481176
0.141919
0.117971
0.264703
0.417929
0.405893
0.0830459
0.252281
0.0401152
0.046255
0.203522
0.312718
0.446698
0.437146
0.168177
0.144929
0.0607653
0.131054
0.335442
0.276828
0.501558
0.0663542
0.230926
0.246379
0.148194
0.0637319
0.189348
0.0509975
0.496489
0.443286
0.268926
0.39351
0.13892
0.28204
0.224201
0.173932
0.261447
0.447265
0.443746
0.0873853
0.204884
0.253816
0.397025
0.185864
0.0589141
0.0404644
0.129232
0.434059
0.097561
0.345056
0.220649
0.0453158
0.156615
0.142624
0.279769
0.0699593
0.20275
0.209899
0.226382
0.210056
0.0684816
0.13312
0.176972
0.0278507
0.285236
0.233159
0.179457
0.105392
0.224737
0.152406
0.274479
0.0743228
0.19265
0.123688
0.0688089
0.0718968
0.249412
0.0351093
0.05415
0.387743
0.165449
0.247178
0.410903
0.0959392
0.227178
0.15418
0.347936
0.105462
0.308468
0.44395
0.0782138
0.0738749
0.313332
0.114853
0.124855
0.27803
0.439431
0.0202009
0.253991
0.455306
0.21009
0.267879
0.329346
0.0541359
0.157065
0.509036
0.373002
0.123085
0.152399
0.453785
0.107706
0.369573
0.150892
0.0399431
0.388791
0.0754245
0.0545843
0.081357
0.283886
0.117325
0.210688
0.210642
0.120276
0.0893457
0.0585403
0.275794
0.271675
0.106488
0.21025
0.24092
0.231588
0.352806
0.248708
0.0355501
0.159364
0.146013
0.164833
0.197856
0.276141
0.0383958
0.105902
0.0863933
0.0954482
0.151171
0.223046
0.16414
0.410676
0.377814
0.232406
0.0286992
0.115975
0.312416
0.349503
0.113047
0.193916
0.387936
0.230976
0.171888
0.0629376
0.0948774
0.243785
0.132842
0.138872
0.361147
0.0622891
0.3023
0.308322
0.0889519
0.106115
0.261525
0.157905
0.0820193
0.150907
0.392057
0.0519596
0.206679
0.125108
0.252627
0.262464
0.126863
0.311962
0.220572
0.291531
0.153371
0.122162
0.421012
0.208389
0.121654
0.128108
0.17623
0.0987584
0.431076
0.168623
0.32347
0.126429
0.319305
0.144859
0.0905322
0.244149
0.225985
0.206246
0.118087
0.117152
0.386827
0.223254
0.182525
0.049095
0.183356
0.109672
0.25161
0.390802
0.0726161
0.0312355
0.382431
0.343436
0.164427
0.233716
0.0534518
0.107294
0.110223
0.192744
0.295266
0.430849
0.228528
0.0840097
0.279763
0.0975894
0.234447
0.199712
0.192745
0.449672
0.035485
0.37071
0.0913993
0.107083
0.156685
0.0969271
0.463048
0.491482
0.116439
0.40371
0.0482784
0.443853
0.0964327
0.315994
0.17201
0.417867
0.326153
0.169323
0.136192
0.125003
0.208436
0.186995
0.332133
0.123845
0.233975
0.184548
0.124084
0.257658
0.11942
0.181572
0.421276
0.458309
0.43272
0.283558
0.419274
0.439315
0.150109
0.197321
0.127518
0.0973779
0.0371923
0.25275
0.0228724
0.272314
0.477644
0.226766
0.205743
0.44947
0.427856
0.0987825
0.189705
0.322794
0.0642639
0.38046
0.335815
0.219359
0.212329
0.18201
0.143084
0.0807361
0.198934
0.208946
0.393136
0.304391
0.180029
0.0954237
0.176621
0.188729
0.149196
0.158848
0.0826048
0.107322
0.25019
0.314897
0.101885
0.420856
0.201953
0.118291
0.0543609
0.142537
0.4225
0.0616475
0.171115
0.212496
0.143305
0.42333
0.348873
0.525126
0.173749
0.373286
0.170444
0.130919
0.271554
0.170811
0.14403
0.124492
0.0713661
0.387575
0.0642168
0.0685123
0.255782
0.174134
0.202458
0.0968528
0.0756285
0.0428541
0.0239149
0.201448
0.196041
0.142546
0.0672219
0.209455
0.321404
0.246245
0.0576349
0.37577
0.148465
0.217785
0.0561236
0.171708
0.140412
0.0880582
0.0559099
0.195101
0.213469
0.213698
0.0768062
0.282749
0.293244
0.111213
0.0844196
0.142943
0.258613
0.402091
0.15874
0.0544929
0.115731
0.175275
0.147989
0.0536606
0.248904
0.0844705
0.294424
0.0997148
0.0898686
0.180565
0.22018
0.0779358
0.224044
0.0681772
0.215589
0.301962
0.281424
0.155081
0.122887
0.285293
0.197526
0.206329
0.237612
0.0769655
0.0974643
0.3645
0.249347
0.189752
0.0972001
0.10761
0.155943
0.0870286
0.140165
0.107857
0.168028
0.12699
0.168573
0.158569
0.253826
0.14573
0.178974
0.0947366
0.269056
0.029417
0.140501
0.336749
0.294132
0.240175
0.142768
0.201699
0.0681985
0.0994277
0.0603881
0.0774169
0.293831
0.248002
0.140842
0.113467
0.19175
0.0938661
0.134514
0.116779
0.104414
0.0581474
0.410856
0.436703
0.155636
0.0715154
0.221065
0.117379
0.247881
0.219894
0.209842
0.110432
0.124188
0.168412
0.177759
0.423987
0.0864883
0.0837562
0.0515757
0.348785
0.13069
0.23397
0.0954279
0.0773322
0.0482184
0.228012
0.0401259
0.198134
0.231258
0.163823
0.185535
0.197692
0.0514553
0.194524
0.147954
0.165596
0.212813
0.192694
0.289298
0.179814
0.171655
0.222418
0.357538
0.123367
0.133112
0.0487261
0.055052
0.120955
0.0431408
0.11158
0.121197
0.0483549
0.179007
0.0286547
0.264525
0.196119
0.0525548
0.154387
0.0874075
0.286811
0.0791325
0.211731
0.175279
0.194718
0.373575
0.247857
0.232865
0.185415
0.137661
0.152882
0.142188
0.144163
0.0629175
0.0814988
0.368554
0.0938662
0.156951
0.123693
0.3596
0.334508
0.131571
0.0981125
0.240898
0.0768269
0.127516
0.0983183
0.0391522
0.239943
0.184645
0.18349
0.220374
0.217534
0.11334
0.0883298
0.134214
0.140822
0.252148
0.36362
0.294234
0.0663431
0.0700644
0.0673228
0.136423
0.117971
0.123578
0.0867649
0.243813
0.0180651
0.173256
0.29807
0.098166
0.245257
0.112855
0.092365
0.261471
0.177301
0.0242295
0.0760961
0.334562
0.2351
0.0684648
0.107154
0.285516
0.210856
0.0856888
0.142382
0.134508
0.229626
0.181748
0.330688
0.189652
0.285494
0.136648
0.0831562
0.0581623
0.228078
0.101323
0.177228
0.111338
0.175395
0.0656037
0.101798
0.0730874
0.305312
0.29178
0.0891605
0.114843
0.103307
0.218841
0.190886
0.343493
0.0432384
0.0650631
0.0670858
0.227391
0.237385
0.219072
0.188636
0.0489852
0.257971
0.154055
0.219694
0.0358724
0.128614
0.29847
0.0689038
0.0603723
0.386607
0.063717
0.236273
0.0971031
0.086145
0.0763717
0.138698
0.0807126
0.132669
0.0987606
0.237502
0.242836
0.237577
0.179189
0.0747686
0.177344
0.052204
0.12942
0.351234
0.218602
0.20399
0.0653362
0.342094
0.0662569
0.145292
0.106911
0.131371
0.226156
0.2655
0.0752139
0.0793799
0.218504
0.0748566
0.0439399
0.142092
0.155981
0.10013
0.137755
0.128261
0.357051
0.0707899
0.0470097
0.270059
0.158307
0.21445
0.285777
0.388413
0.0266456
0.422888
0.279845
0.0340422
0.101983
0.0574197
0.164472
0.197493
0.347618
0.0828332
0.0686479
0.132114
0.342203
0.160331
0.193404
0.00592677
0.106419
0.0748409
0.064563
0.151466
0.0597256
0.187474
0.196331
0.317399
0.221305
0.163101
0.0359878
0.123599
0.0755297
0.213326
0.176346
0.184048
0.388433
0.195668
0.218558
0.391195
0.0738947
0.252455
0.0976537
0.175252
0.233396
0.0319936
0.0838294
0.137959
0.158551
0.232727
0.108804
0.209002
0.0573435
0.176566
0.172055
0.210394
0.119341
0.281099
0.124145
0.0920693
0.254888
0.197927
0.0499982
0.237417
0.180242
0.12698
0.263549
0.329149
0.220283
0.220949
0.213978
0.274262
0.358309
0.242839
0.0704019
0.222803
0.0473794
0.121617
0.123903
0.101281
0.163558
0.171805
0.0755616
0.0461436
0.240589
0.248038
0.317909
0.0545133
0.15572
0.16883
0.0528212
0.278575
0.145134
0.240828
0.0414604
0.1061
0.140589
0.13544
0.0477904
0.220845
0.241129
0.324036
0.175014
0.0410126
0.0784578
0.0502373
0.114758
0.406314
0.278202
0.0595038
0.239123
0.12168
0.0760816
0.291327
0.228277
0.256755
0.373992
0.130147
0.0413451
0.0974659
0.0445695
0.082347
0.205687
0.123749
0.194582
0.117569
0.150959
0.315928
0.213469
0.124756
0.273684
0.109683
0.0413729
0.0895957
0.374043
0.272633
0.122101
0.0820477
0.136514
0.269605
0.143989
0.118784
0.114158
0.221234
0.342432
0.22421
0.210801
0.12204
0.274661
0.114868
0.0824553
0.173982
0.116651
0.247488
0.044942
0.129394
0.153409
0.236454
0.164367
0.0934165
0.0641935
0.189278
0.0772425
0.130551
0.177889
0.199966
0.0911126
0.128056
0.0339973
0.114432
0.133945
0.222412
0.179036
0.417711
0.208615
0.203222
0.214429
0.175991
0.110784
0.0594773
0.351077
0.0651758
0.152644
0.21913
0.160475
0.282425
0.0730502
0.301093
0.203559
0.110716
0.0964648
0.17118
0.0652583
0.278483
0.0782586
0.229294
0.0736259
0.0514307
0.0962814
0.206678
0.101767
0.142926
0.187838
0.24409
0.207798
0.314941
0.366107
0.100735
0.170445
0.253989
0.241301
0.0896739
0.22157
0.322424
0.16072
0.198479
0.146945
0.120055
0.100764
0.204963
0.151688
0.11308
0.24668
0.153009
0.164991
0.127071
0.0726929
0.401787
0.122202
0.160229
0.0529031
0.36128
0.174112
0.298617
0.340025
0.0413227
0.106277
0.202868
0.300772
0.0847694
0.110427
0.195878
0.181579
0.0274745
0.158046
0.0586656
0.0760425
0.231473
0.363945
0.129582
0.289067
0.0535005
0.111028
0.0806439
0.308892
0.0904279
0.134068
0.095757
0.0836996
0.247861
0.109621
0.0184649
0.070592
0.085211
0.212082
0.26521
0.194611
0.228209
0.113562
0.0611898
0.0694213
0.0576391
0.11098
0.194061
0.105404
0.11981
0.151861
0.152964
0.228771
0.0762877
0.204116
0.1972
0.249497
0.0751553
0.128732
0.250996
0.157862
0.153761
0.211537
0.170459
0.191844
0.128166
0.336725
0.110504
0.121104
0.0825306
0.367731
0.21772
0.16378
0.215429
0.22625
0.122317
0.196233
0.0889055
0.16467
0.180577
0.13747
0.104686
0.0997484
0.141
0.178372
0.280397
0.170554
0.0519606
0.168117
0.190596
0.105279
0.263241
0.173158
0.218968
0.298588
0.11514
0.208982
0.100953
0.102931
0.316959
0.324611
0.0347743
0.0421436
0.213905
0.0295918
0.132337
0.100053
0.130725
0.31274
0.237582
0.241356
0.318889
0.130555
0.298661
0.171208
0.0566992
0.0988287
0.0914374
0.139771
0.412158
0.0384588
0.0883226
0.0632767
0.327996
0.104639
0.155929
0.175545
0.0401372
0.299943
0.413009
0.119633
0.155336
0.0961229
0.0499573
0.0216033
0.313036
0.214618
0.0660685
0.0610367
0.0862736
0.143735
0.269316
0.231483
0.142701
0.1067
0.281992
0.215007
0.0660388
0.051702
0.147467
0.148476
0.071827
0.106132
0.0851541
0.172906
0.0528448
0.0947405
0.0932553
0.12874
0.0800622
0.112361
0.091246
0.0937969
0.151263
0.150637
0.134033
0.140686
0.0898788
0.15227
0.226305
0.215521
0.17359
0.152356
0.0786521
0.114538
0.112029
0.214332
0.0642155
0.219856
0.198353
0.10061
0.207834
0.079316
0.0761514
0.0748442
0.0682196
0.0769707
0.0492212
0.152874
0.0889962
0.0821479
0.134008
0.091548
0.13656
0.135312
0.266132
0.070096
0.0324451
0.030881
0.0203439
0.201366
0.0618107
0.173203
0.184143
0.109984
0.133495
0.147017
0.346775
0.335494
0.0397064
0.0879024
0.115328
0.0903114
0.0704041
0.0249366
0.202738
0.247339
0.0882579
0.166082
0.148269
0.161449
0.0901114
0.190922
0.0608085
0.154284
0.0167257
0.188
0.0909408
0.169077
0.0942729
0.103353
0.0516846
0.176687
0.0935091
0.215806
0.0918876
0.384804
0.125537
0.197794
0.0948794
0.107557
0.0543926
0.0694732
0.0469427
0.0920271
0.170414
0.0952546
0.151417
0.0904522
0.158679
0.195647
0.0690123
0.0795203
0.0877646
0.0414557
0.0481605
0.163246
0.124174
0.24489
0.131545
0.0490572
0.16315
0.188985
0.137984
0.0632414
0.205555
0.0293255
0.233897
0.0992262
0.114473
0.0205516
0.168222
0.175247
0.183872
0.127707
0.0653368
0.0546185
0.136511
0.207163
0.157557
0.087744
0.0388797
0.111908
0.126963
0.144034
0.115835
0.12803
0.199917
0.180634
0.116418
0.0755873
0.0830808
0.125694
0.0459903
0.163929
0.112008
0.152033
0.18729
0.0581159
0.175643
0.201677
0.152605
0.0739968
0.0667717
0.189456
0.0832577
0.15566
0.0174656
0.150094
0.225539
0.0932446
0.119376
0.288682
0.128405
0.174708
0.130788
0.0750663
0.161562
0.0730668
0.163256
0.064769
0.140322
0.157811
0.0894389
0.048789
0.0446065
0.162138
0.248109
0.172848
0.0599111
0.0741212
0.071456
0.0845609
0.160724
0.259542
0.163934
0.293134
0.174243
0.154079
0.141942
0.149252
0.25588
0.119228
0.223205
0.117418
0.209189
0.0324617
0.292502
0.197174
0.183318
0.134907
0.120154
0.213765
0.164828
0.147685
0.107082
0.0515964
0.154453
0.276521
0.110743
0.0575703
0.0602721
0.0947675
0.227855
0.0358996
0.235063
0.0875206
0.0498989
0.0801356
0.193636
0.125848
0.0817464
0.155827
0.324915
0.232884
0.150426
0.122621
0.0753396
0.0508315
0.0789867
0.0589407
0.302553
0.150691
0.181441
0.174383
0.043931
0.142286
0.196542
0.129193
0.216364
0.164529
0.062764
0.0519623
0.241923
0.0629604
0.0584424
0.295319
0.150951
0.101293
0.213519
0.0693757
0.220895
0.145524
0.074469
0.184342
0.0474381
0.104602
0.21727
0.0507239
0.203647
0.169274
0.113604
0.0347253
0.209365
0.0953556
0.06716
0.151661
0.17982
0.0969834
0.0929087
0.0791915
0.0663919
0.125541
0.22984
0.308422
0.0885457
0.0770873
0.294617
0.150754
0.203597
0.234465
0.245001
0.023235
0.252836
0.0606092
0.0374908
0.0566358
0.137547
0.176346
0.16024
0.26398
0.263404
0.233874
0.164
0.193476
0.175507
0.303323
0.233053
0.24673
0.0665032
0.108674
0.0185759
0.212817
0.0220679
0.154504
0.129335
0.0731971
0.0550299
0.186996
0.0743108
0.0491744
0.209735
0.24435
0.0623585
0.258091
0.065709
0.157731
0.148611
0.101874
0.0643356
0.0663667
0.148663
0.247396
0.237684
0.110894
0.114121
0.160916
0.125565
0.196216
0.32299
0.332458
0.0919851
0.0917117
0.237145
0.284762
0.302988
0.036852
0.118535
0.150699
0.11074
0.235262
0.317396
0.16822
0.0428365
0.122087
0.330201
0.131127
0.212008
0.113972
0.0560012
0.135746
0.0912033
0.247887
0.105626
0.246816
0.112745
0.142534
0.183432
0.0865972
0.230651
0.105414
0.171608
0.0764102
0.124104
0.19801
0.265069
0.105138
0.1497
0.0551101
0.157804
0.0730473
0.0967943
0.0409665
0.129532
0.153452
0.0821746
0.0967405
0.0344605
0.0422265
0.141476
0.0397119
0.291021
0.1223
0.0567732
0.155169
0.0414831
0.0264359
0.0710722
0.167469
0.0418289
0.0426465
0.0793768
0.0822676
0.153854
0.072572
0.325295
0.225556
0.191311
0.140854
0.0923467
0.0235082
0.252706
0.0323555
0.128619
0.153972
0.0192128
0.107593
0.0438968
0.0611515
0.222089
0.12324
0.100245
0.291126
0.152319
0.21313
0.177466
0.130887
0.145499
0.10198
0.251102
0.146668
0.0721213
0.173657
0.193144
0.0815672
0.17299
0.0535777
0.0971825
0.013718
0.126739
0.169775
0.0625114
0.0942179
0.147046
0.129792
0.135592
0.0831345
0.088924
0.112715
0.05334
0.0508909
0.116526
0.0753321
0.132684
0.140327
0.144576
0.0533151
0.163505
0.0637337
0.242153
0.222348
0.0894351
0.0462257
0.0942982
0.060703
0.0861228
0.0513343
0.145384
0.0832551
0.213974
0.108012
0.0925928
0.241399
0.0632474
0.108006
0.0502493
0.0829662
0.0821338
0.102151
0.0324944
0.0558044
0.0590037
0.266282
0.0569903
0.102351
0.0841353
0.192216
0.0804493
0.0948775
0.0654565
0.12021
0.113653
0.156075
0.195644
0.112762
0.0322152
0.0973818
0.118461
0.313084
0.177575
0.239591
0.0852356
0.166542
0.167886
0.177173
0.0689104
0.0560941
0.184677
0.324487
0.257796
0.138885
0.0512559
0.179112
0.0815504
0.201596
0.0317965
0.217689
0.119921
0.0845
0.111824
0.0429882
0.215299
0.0442217
0.173088
0.144969
0.0311234
0.333786
0.0987299
0.0924296
0.216278
0.222153
0.157506
0.0889092
0.201121
0.196314
0.0825698
0.105956
0.193691
0.243046
0.0318312
0.271514
0.181681
0.158562
0.0286997
0.0835462
0.0723275
0.197516
0.201741
0.0509907
0.0729051
0.151572
0.164929
0.179146
0.129059
0.155667
0.0789012
0.0447755
0.308184
0.131576
0.102559
0.137812
0.114255
0.108284
0.239305
0.107651
0.227553
0.0468763
0.0462653
0.25244
0.0549492
0.225478
0.0798774
0.191144
0.0226893
0.0583827
0.151157
0.117409
0.154228
0.106381
0.160069
0.219691
0.161288
0.0572812
0.113723
0.194541
0.0866608
0.216205
0.0429698
0.0392038
0.160354
0.0440141
0.197357
0.171409
0.301866
0.192924
0.166313
0.0770646
0.131308
0.235033
0.267235
0.170721
0.144868
0.124319
0.0814921
0.283404
0.129105
0.0980011
0.150498
0.281356
0.0190381
0.0735668
0.171603
0.101632
0.0418927
0.220237
0.106928
0.172669
0.036021
0.152763
0.04333
0.159836
0.0412724
0.0654691
0.129398
0.0780865
0.16296
0.113284
0.150976
0.183626
0.0440707
0.0168814
0.0945201
0.0697378
0.146734
0.229932
0.124307
0.0434788
0.179002
0.227483
0.205963
0.217687
0.214514
0.157704
0.138126
0.138119
0.199104
0.146215
0.0565729
0.04325
0.0445755
0.146637
0.0454327
0.0877639
0.139054
0.0446292
0.134326
0.170016
0.0382131
0.0528248
0.234534
0.159854
0.176082
0.34537
0.0795826
0.0279904
0.0198869
0.0913317
0.0410383
0.0900221
0.221274
0.0874591
0.043732
0.105948
0.0594835
0.0926454
0.0472893
0.0561598
0.0704766
0.12131
0.0174322
0.0367942
0.0235203
0.0876132
0.0376695
0.0260405
0.0462245
0.0342972
0.0686073
0.0207821
0.0408075
0.0276753
0.0705582
0.227926
0.104254
0.129278
0.134474
0.0423844
0.0602907
0.055421
0.0511281
0.0600029
0.0562873
0.165009
0.234291
0.143205
0.0530444
0.17106
0.100165
0.0551211
0.105549
0.0430513
0.120208
0.15058
0.040305
0.0453767
0.144092
0.0983942
0.120834
0.232314
0.100618
0.0250221
0.180728
0.0298795
0.0564266
0.0611785
0.00978903
0.116399
0.117338
0.0255444
0.0349089
0.0630962
0.031324
0.0753546
0.0791451
0.218969
0.101062
0.0402444
0.112216
0.125665
0.0677233
0.0179649
0.0901811
0.0503238
0.0352618
0.0325168
0.0547644
0.183481
0.0750942
0.0709203
0.0669974
0.143977
0.0493816
0.211749
0.0655064
0.134982
0.0887334
0.042304
0.0424511
0.159509
0.0693768
0.0421399
0.10594
0.107254
0.0552068
0.0647327
0.0417528
0.142971
0.0730446
0.181065
0.0245036
0.0703703
0.140688
0.0675746
0.0265405
0.0650692
0.072061
0.103875
0.0487277
0.0458756
0.125633
0.136792
0.0245112
0.0394712
0.0411126
0.0731927
0.0460179
0.020587
0.0343207
0.037976
0.0908508
0.0371347
0.0651039
0.192004
0.0198601
0.0357544
0.0769027
0.0608306
0.210925
0.0730175
0.0731831
0.112872
0.0720477
0.0832679
0.111151
0.0410264
0.0322836
0.0717972
0.0225676
0.0477229
0.0491252
0.0311513
0.0469236
0.0731381
0.0822577
0.0227826
0.0650855
0.0334789
0.158431
0.0592335
0.120786
0.0688865
0.0589406
0.0369046
0.209158
0.0707171
0.0904117
0.0480024
0.105499
0.108061
0.0431285
0.094828
0.123051
0.0759969
0.110572
0.0618779
0.139508
0.0544159
0.235112
0.060691
0.168854
0.0921438
0.227345
0.133387
0.0684322
0.0279454
0.139041
0.0566473
0.124782
0.127106
0.0698374
0.101434
0.114968
0.134715
0.0723543
0.216944
0.021866
0.0422469
0.0162424
0.0604544
0.0918674
0.0256881
0.0589898
0.0542401
0.0868501
0.106699
0.0604556
0.154131
0.133043
0.184317
0.0512617
0.0344393
0.201229
0.115631
0.085545
0.113545
0.0467623
0.0224374
0.188985
0.0526483
0.0551721
0.0732417
0.113544
0.110329
0.0890267
0.0899499
0.0207143
0.0377969
0.10929
0.220514
0.231802
0.0366112
0.0997474
0.0451858
0.0331959
0.248304
0.159026
0.0432959
0.0233596
0.0846726
0.0775984
0.095022
0.0632825
0.0227414
0.0116638
0.0770392
0.0317204
0.11149
0.0329498
0.0126609
0.0440043
0.132122
0.0711269
0.217338
0.132643
0.0439081
0.0696455
0.136329
0.0906187
0.0919242
0.018875
0.0262252
0.0843868
0.0869268
0.0967865
0.098557
0.0337123
0.0774684
0.0872244
0.0986771
0.102675
0.0831216
0.10726
0.0508631
0.0809996
0.102287
0.111669
0.0628705
0.0680527
0.129581
0.137677
0.122562
0.0278063
0.184972
0.0522068
0.206692
0.129242
0.0166845
0.0352352
0.0322153
0.0789219
0.0191296
0.0505491
0.0522963
0.0499442
0.100742
0.0745783
0.117545
0.0684576
0.0289476
0.227062
0.0136544
0.0738296
0.090142
0.161753
0.0991597
0.111614
0.0631935
0.0975972
0.230352
0.0682106
0.0461501
0.0901482
0.0665884
0.137927
0.0721407
0.0494215
0.0456986
0.0412009
0.276931
0.0337036
0.0811055
0.0751671
0.0462792
0.113442
0.0877187
0.136557
0.0402514
0.0158805
0.066207
0.0315982
0.0719563
0.0192081
0.0743182
0.0574002
0.249234
0.0472571
0.171661
0.103107
0.0800366
0.165849
0.0557419
0.112368
0.051902
0.113823
0.0593414
0.0143764
0.046593
0.0476595
0.066224
0.0253738
0.0640749
0.0228652
0.0986395
0.142032
0.0602502
0.0581877
0.0326054
0.0740921
0.0142587
0.12646
0.21982
0.014017
0.0259038
0.0369877
0.138599
0.0506857
0.0736743
0.0800295
0.0749634
0.0500853
0.101672
0.0419134
0.0589977
0.0254733
0.0364538
0.124594
0.115428
0.108616
0.147159
0.255465
0.0142383
0.0376947
0.0168268
0.0338439
0.177591
0.130214
0.15351
0.0510397
0.08177
0.112597
0.0347642
0.064335
0.0347552
0.0618978
0.0546682
0.100411
0.0325587
0.0673749
0.131719
0.140041
0.04784
0.113942
0.0389542
0.0386589
0.0299325
0.0524945
0.0593867
0.0658275
0.0689545
0.0306598
0.255462
0.11984
0.113592
0.0892575
0.0387265
0.112241
0.110361
0.109244
0.0910704
0.0371114
0.235353
0.0772667
0.0330167
0.0182745
0.0694292
0.0625642
0.0341168
0.213578
0.0446902
0.0967687
0.0602095
0.0116517
0.05593
0.0708083
0.0405741
0.0926266
0.0275595
0.0433169
0.109708
0.0212956
0.130436
0.198053
0.0103748
0.0539727
0.0115276
0.0460234
0.035793
0.0297425
0.00699348
0.0067721
0.0550084
0.0354364
0.0375184
0.0780387
0.104448
0.0587252
0.0760632
0.110352
0.00763097
0.173796
0.0219651
0.0191197
0.0419426
0.0371369
0.0490023
0.0296605
0.134012
0.035095
0.0397897
0.0172251
0.0522582
0.138962
0.0409423
0.193381
0.0580003
0.0378605
0.0305198
0.0919795
0.129764
0.110269
0.114243
0.0636972
0.0617651
0.104543
0.121513
0.0818362
0.114492
0.0963518
0.023346
0.115101
0.0416449
0.192466
0.0546312
0.0566937
0.0639701
0.0603944
0.044475
0.0494888
0.187353
0.0294253
0.0784077
0.116972
0.00710333
0.0774945
0.0920068
0.0597977
0.0580871
0.0853599
0.0884198
0.13279
0.0289734
0.0133845
0.0864354
0.0969238
0.0616547
0.0562027
0.0271762
0.0299869
0.0405467
0.0696763
0.0173089
0.0640241
0.0843433
0.108537
0.145293
0.0371429
0.097282
0.0610585
0.0940599
0.0168243
0.0346372
0.0647638
0.069341
0.099644
0.0448403
0.0807734
0.0947499
0.0287888
0.160595
0.114422
0.20354
0.0289968
0.0664875
0.0634299
0.149796
0.0708545
0.0373697
0.0834856
0.0719074
0.0141467
0.0932555
0.0984866
0.220625
0.0410789
0.193923
0.0560457
0.0235777
0.0975514
0.061087
0.0265294
0.0602821
0.145128
0.0971634
0.0748899
0.166681
0.0321116
0.0911219
0.100797
0.0367908
0.131813
0.108603
0.0556457
0.0478514
0.173224
0.087909
0.0280686
0.105602
0.0308181
0.127704
0.0802916
0.0942432
0.0542737
0.24108
0.10691
0.077942
0.163086
0.203505
0.0326222
0.0900832
0.0895926
0.184011
0.0604696
0.0541038
0.165384
0.0141826
0.0826676
0.0610266
0.0613395
0.0310582
0.0386151
0.0361161
0.0486405
0.0468733
0.265335
0.024811
0.167448
0.0429543
0.0815206
0.107814
0.156953
0.0112024
0.034821
0.0628984
0.0263259
0.0973395
0.0355606
0.0199898
0.0173899
0.155739
0.0775711
0.0761171
0.0730771
0.205349
0.021849
0.0641172
0.0385474
0.0663731
0.0801049
0.0581001
0.128754
0.0313088
0.0713694
0.0941076
0.0779824
0.0994134
0.0480363
0.018121
0.106226
0.0481379
0.0963298
0.0205372
0.073518
0.0286664
0.22772
0.0521311
0.0195496
0.180939
0.0360915
0.0715772
0.109532
0.054314
0.265059
0.0183121
0.0499662
0.0751962
0.299769
0.0504214
0.100428
0.0767855
0.0301133
0.0415082
0.0440674
0.0786385
0.152223
0.0683021
0.0683417
0.0452304
0.146476
0.26382
0.0812338
0.0780647
0.00984059
0.0434042
0.0714006
0.0438767
0.0215288
0.0924946
0.087
0.0372956
0.421517
0.085893
0.0938226
0.118289
0.0660768
0.157384
0.0349273
0.184919
0.123077
0.116716
0.255497
0.0837838
0.12361
0.0465672
0.0193018
0.0648488
0.087908
0.0585832
0.157561
0.0504291
0.0837653
0.139107
0.039836
0.0817631
0.0519634
0.0728608
0.117021
0.0576424
0.0538309
0.0320019
0.111266
0.0678945
0.0454417
0.217531
0.0749315
0.164125
0.12736
0.0479131
0.0897791
0.130359
0.0849028
0.109576
0.100527
0.225502
0.114972
0.128422
0.125628
0.0268857
0.0421388
0.0230806
0.0298658
0.0900558
0.0416126
0.0735663
0.128325
0.0705385
0.056814
0.0477824
0.113589
0.102125
0.0588392
0.120276
0.0557006
0.167918
0.105001
0.0597291
0.087407
0.0248369
0.0223749
0.0976558
0.181299
0.228969
0.0671044
0.041789
0.0812111
0.110696
0.156965
0.0449785
0.0614578
0.196616
0.0407252
0.075009
0.064082
0.0282368
0.0624654
0.084946
0.188196
0.082968
0.0529225
0.0674854
0.0809819
0.262202
0.0512946
0.0329749
0.0558536
0.081697
0.0494545
0.132165
0.0538632
0.0813512
0.0607355
0.0658166
0.114127
0.113075
0.175112
0.137344
0.162122
0.202295
0.0895072
0.0552631
0.0635162
0.195232
0.0623203
0.162513
0.0930548
0.23205
0.0696037
0.0484152
0.159174
0.111342
0.0681003
0.133835
0.0550264
0.0216419
0.114705
0.0577154
0.0467795
0.106745
0.0633296
0.0250333
0.13314
0.134649
0.265758
0.0438092
0.0403971
0.162586
0.049892
0.0186183
0.107354
0.0835262
0.16706
0.0441849
0.017998
0.033077
0.0596663
0.0925995
0.0656683
0.141278
0.0665523
0.166015
0.04571
0.0727556
0.0538525
0.0470261
0.170083
0.0503615
0.0268219
0.162174
0.0986657
0.162326
0.0508615
0.057114
0.0636465
0.16867
0.1469
0.0629746
0.0879388
0.0913992
0.23209
0.0377815
0.0204413
0.162515
0.0429186
0.0480238
0.0915897
0.0430983
0.134572
0.0720136
0.118474
0.0995565
0.0542345
0.0511552
0.029705
0.156102
0.0319269
0.0554225
0.182404
0.0822497
0.105433
0.0861795
0.232167
0.0432493
0.0621826
0.0202337
0.192328
0.121669
0.112917
0.138445
0.147177
0.0468457
0.134507
0.0249529
0.108212
0.0578159
0.0727149
0.0737209
0.0871193
0.0579935
0.0339329
0.0313545
0.144505
0.125167
0.0795001
0.0451012
0.24016
0.0327693
0.12727
0.0811453
0.157911
0.0229373
0.0615342
0.0910479
0.0641127
0.208691
0.0746747
0.108441
0.233582
0.0948079
0.0407895
0.0358731
0.0425282
0.0221188
0.0502842
0.018819
0.11048
0.0469968
0.0412399
0.156809
0.0949908
0.03814
0.0447201
0.0580075
0.04037
0.146195
0.233948
0.037776
0.109274
0.086799
0.0725242
0.132339
0.110127
0.169154
0.131773
0.0931598
0.0990992
0.140666
0.121072
0.0273482
0.0295978
0.0422962
0.114451
0.16247
0.186732
0.0930919
0.174784
0.0531497
0.114956
0.0753834
0.0504823
0.0595753
0.122568
0.0319583
0.105454
0.14468
0.0610395
0.137646
0.0924114
0.0463722
0.1398
0.0898515
0.0393127
0.110425
0.150953
0.0757042
0.170628
0.0448731
0.0977376
0.181156
0.245846
0.0921755
0.0828429
0.0854383
0.0678219
0.0768113
0.10737
0.200609
0.0919915
0.0785957
0.0617432
0.163735
0.254441
0.106251
0.104537
0.0971723
0.0563718
0.0593266
0.0257229
0.0651353
0.190679
0.0338744
0.0450956
0.0583721
0.207987
0.037557
0.0646038
0.120022
0.103188
0.11686
0.0808977
0.0968253
0.0455377
0.0110206
0.113253
0.0507807
0.10189
0.114917
0.0310616
0.0256804
0.0500993
0.0618655
0.0689007
0.0517578
0.115511
0.179897
0.0663663
0.113538
0.0389065
0.0847082
0.0301872
0.0303416
0.0437536
0.138149
0.0815512
0.0370561
0.0416867
0.118051
0.0911415
0.17199
0.185433
0.0498874
0.0392146
0.0401899
0.100836
0.0252085
0.0850513
0.159689
0.054744
0.0466147
0.0628189
0.0127401
0.210933
0.0757759
0.195532
0.102065
0.157536
0.144417
0.131786
0.158431
0.0827318
0.0479226
0.061762
0.10487
0.270673
0.0377
0.119406
0.0453389
0.101722
0.0709387
0.0713403
0.10952
0.143503
0.0393611
0.15354
0.166365
0.0606734
0.0331869
0.0441526
0.0947615
0.234881
0.0431294
0.105491
0.200535
0.0218361
0.0347184
0.0965976
0.131254
0.0781
0.116005
0.172121
0.115628
0.062884
0.124465
0.0596207
0.0943186
0.0849126
0.225517
0.138174
0.0290946
0.0956316
0.0744414
0.189691
0.102184
0.0462196
0.189546
0.0946718
0.0514126
0.184751
0.0403248
0.205663
0.0709398
0.029417
0.0949286
0.0725353
0.0691003
0.051077
0.0773702
0.130877
0.142488
0.11755
0.135666
0.0907093
0.0473562
0.0849113
0.0979874
0.0527579
0.214603
0.245053
0.138993
0.106498
0.081429
0.0291922
0.14045
0.107474
0.0579473
0.0489886
0.123686
0.121023
0.172305
0.044992
0.0754773
0.0546622
0.0208445
0.108051
0.091707
0.075148
0.0307587
0.0409427
0.173225
0.182765
0.0665828
0.241443
0.0490584
0.0316908
0.0514617
0.0703492
0.0413272
0.0582396
0.133366
0.0400062
0.0500827
0.0794463
0.0994784
0.0608659
0.0859512
0.034084
0.130293
0.0417996
0.0309665
0.0296503
0.110219
0.0650574
0.0655027
0.0331998
0.0196953
0.0293309
0.0385142
0.0522388
0.0537743
0.171278
0.0546364
0.100531
0.028659
0.128989
0.0431392
0.0272867
0.0782672
0.0501272
0.0674538
0.0804092
0.0639474
0.125656
0.222721
0.14161
0.122835
0.111871
0.0371698
0.121054
0.0346171
0.0382136
0.0263215
0.130892
0.323654
0.047305
0.0996767
0.0933772
0.111528
0.0565189
0.0634984
0.107222
0.12632
0.167914
0.0456601
0.0407974
0.242691
0.0402524
0.0258166
0.105451
0.120267
0.193998
0.0414407
0.191098
0.0282521
0.192036
0.17452
0.101678
0.151497
0.0626643
0.0956172
0.0607237
0.0667087
0.0287451
0.04658
0.110229
0.0942944
0.0717118
0.04663
0.0465849
0.0325944
0.0947389
0.135059
0.0752975
0.0655104
0.0696224
0.0725564
0.102517
0.0607203
0.045303
0.079156
0.0593282
0.115326
0.0421081
0.0311844
0.0434265
0.103072
0.126215
0.0287003
0.102159
0.0688208
0.286998
0.0523366
0.0191327
0.158796
0.0482974
0.186646
0.0608884
0.0631897
0.142556
0.0485303
0.0824754
0.151765
0.135046
0.184772
0.0816187
0.181154
0.0341768
0.127074
0.088485
0.144407
0.118777
0.103154
0.0825527
0.157586
0.0579514
0.123246
0.0766355
0.181528
0.0751996
0.0717926
0.112975
0.0275822
0.0893368
0.0667289
0.0928143
0.0553445
0.0384752
0.243152
0.0782786
0.0794258
0.0367986
0.023083
0.0504592
0.0956282
0.0308667
0.061172
0.0572796
0.0863959
0.126929
0.0552862
0.095712
0.118717
0.0496797
0.0380876
0.0931131
0.197945
0.046194
0.118353
0.0828422
0.121737
0.108975
0.0323617
0.0720163
0.128931
0.0288695
0.0419321
0.0413269
0.0699455
0.201304
0.121441
0.12304
0.051795
0.30524
0.199385
0.0667334
0.153774
0.0638615
0.0460509
0.0654545
0.0398381
0.0603964
0.0487298
0.0210017
0.0808003
0.180933
0.0572512
0.100615
0.0156302
0.138549
0.0382906
0.0452998
0.0923932
0.549338
0.0712033
0.371471
0.183159
0.0556733
0.334059
0.038858
0.0791712
0.269348
0.0268648
0.0810059
0.0689898
0.170831
0.232938
0.350831
0.0779041
0.2847
0.0969056
0.0746649
0.280747
0.171311
0.10542
0.249981
0.236698
0.200041
0.028576
0.115941
0.161993
0.156513
0.217296
0.138443
0.349632
0.258916
0.0880551
0.340278
0.24211
0.0155674
0.323426
0.262238
0.391992
0.333377
0.267093
0.182275
0.0480159
0.0788598
0.180038
0.315468
0.031565
0.161219
0.196074
0.205118
0.314987
0.125144
0.110711
0.240311
0.0204577
0.146886
0.083293
0.364016
0.327746
0.177596
0.356176
0.389541
0.21111
0.34304
0.16868
0.191585
0.0898951
0.0834955
0.124839
0.0663673
0.299917
0.028252
0.0619757
0.128631
0.2261
0.0428626
0.210865
0.11566
0.124745
0.127023
0.0585069
0.0874245
0.296187
0.20001
0.233632
0.142405
0.104552
0.357181
0.0413747
0.119596
0.16178
0.136692
0.321006
0.191668
0.363274
0.166818
0.0368386
0.324275
0.0548434
0.0767496
0.0585963
0.364534
0.0431145
0.148712
0.0807369
0.192259
0.175454
0.183295
0.0598846
0.139772
0.15601
0.39431
0.172943
0.0202165
0.115367
0.0822617
0.134118
0.124149
0.214381
0.0794419
0.0893549
0.146382
0.210378
0.247642
0.336654
0.364638
0.364024
0.127911
0.193826
0.128705
0.143275
0.127143
0.0131973
0.260706
0.136957
0.0322195
0.243707
0.0759845
0.263582
0.21364
0.186622
0.172601
0.163994
0.127019
0.333183
0.244601
0.103902
0.170286
0.154014
0.212692
0.353095
0.0900873
0.0711524
0.292763
0.235889
0.124451
0.261241
0.0500095
0.08781
0.105981
0.107523
0.0708835
0.237702
0.0774484
0.0527698
0.294909
0.152396
0.321278
0.148746
0.138781
0.331079
0.0520979
0.100527
0.349968
0.217691
0.153074
0.275415
0.139865
0.0929572
0.0957831
0.136891
0.231672
0.169198
0.169348
0.130076
0.198222
0.236911
0.018502
0.16556
0.273149
0.139219
0.123014
0.20406
0.345966
0.0557621
0.0493613
0.0113218
0.273328
0.110969
0.244568
0.286943
0.208631
0.182164
0.0217505
0.0369786
0.310558
0.0323791
0.10008
0.281223
0.298339
0.166293
0.134203
0.293145
0.121699
0.365609
0.0836799
0.138273
0.173694
0.0619532
0.185186
0.166835
0.0746049
0.217144
0.317976
0.290196
0.0806055
0.191725
0.144518
0.0404397
0.259076
0.128159
0.29362
0.0757068
0.223447
0.147288
0.0932201
0.288773
0.122985
0.130542
0.0122539
0.138177
0.0395465
0.0416856
0.263192
0.189873
0.0934596
0.302452
0.127599
0.340158
0.270575
0.223431
0.327338
0.110107
0.11535
0.0895155
0.24367
0.35696
0.0864546
0.215282
0.254033
0.373572
0.277663
0.0291379
0.1861
0.0932699
0.155769
0.106348
0.171665
0.0961273
0.196816
0.119107
0.163341
0.383763
0.168801
0.056009
0.198029
0.121606
0.0139073
0.244811
0.163146
0.285852
0.293555
0.05779
0.155199
0.0622793
0.125283
0.119329
0.0511083
0.152601
0.188487
0.0803449
0.14414
0.0447435
0.141466
0.27751
0.110201
0.145424
0.181184
0.21174
0.106859
0.205535
0.291474
0.0722065
0.124453
0.0972239
0.239871
0.157876
0.213343
0.38552
0.377736
0.29478
0.0359004
0.296831
0.238474
0.148278
0.0582783
0.381068
0.222967
0.0115651
0.206243
0.112139
0.348449
0.294522
0.168821
0.0513753
0.168506
0.176429
0.0202195
0.335605
0.101281
0.298657
0.186761
0.0822183
0.255333
0.313925
0.215604
0.222123
0.0778032
0.304675
0.249567
0.137544
0.22171
0.00405676
0.124396
0.131044
0.0949489
0.291726
0.0467559
0.130509
0.127842
0.173379
0.233788
0.213614
0.0976361
0.215044
0.18125
0.270124
0.168209
0.192974
0.106718
0.0845757
0.25629
0.152222
0.0932347
0.133481
0.058507
0.240683
0.0305407
0.0713791
0.172388
0.226747
0.148675
0.165484
0.289657
0.0371359
0.294146
0.156457
0.0516651
0.2781
0.223617
0.0967819
0.0230286
0.093575
0.0919551
0.281358
0.106331
0.155339
0.315657
0.0498322
0.030884
0.0956285
0.165326
0.153595
0.0748784
0.255715
0.238495
0.0464514
0.0566898
0.0311655
0.0721496
0.266699
0.238479
0.0947161
0.300185
0.180478
0.148632
0.17602
0.256264
0.209592
0.22805
0.147079
0.234474
0.156168
0.0283852
0.166178
0.0794124
0.298579
0.181545
0.185606
0.10104
0.0659383
0.0848027
0.190219
0.199359
0.20865
0.16876
0.278051
0.316609
0.131431
0.0719785
0.0959186
0.215189
0.301914
0.102652
0.0420101
0.324475
0.27368
0.152725
0.0738548
0.377365
0.0596681
0.118216
0.0556867
0.0685759
0.203473
0.0874327
0.187537
0.0330656
0.19112
0.0330693
0.294854
0.126495
0.210699
0.273631
0.10876
0.161861
0.230914
0.100306
0.194588
0.22676
0.258621
0.181307
0.0895117
0.195149
0.17011
0.211879
0.220165
0.335539
0.370529
0.238641
0.137851
0.114882
0.187473
0.186914
0.0830276
0.145748
0.252749
0.0246602
0.151197
0.316391
0.0565496
0.101755
0.183569
0.139644
0.090463
0.234207
0.256609
0.176669
0.0386113
0.019415
0.20664
0.248014
0.159132
0.130062
0.131996
0.193027
0.0252373
0.214933
0.244922
0.308656
0.068846
0.284175
0.0946702
0.103826
0.246579
0.100917
0.11539
0.14468
0.0813964
0.295941
0.253186
0.0272885
0.117775
0.098532
0.05123
0.174332
0.398177
0.0953388
0.131799
0.189825
0.265734
0.0858793
0.103239
0.141249
0.172115
0.273816
0.107722
0.0705034
0.119145
0.0214508
0.139658
0.0589386
0.286221
0.391948
0.252517
0.21727
0.131742
0.363558
0.267954
0.101421
0.285956
0.135746
0.157752
0.257729
0.0358402
0.203352
0.119115
0.153502
0.211928
0.0654318
0.299286
0.243325
0.0839248
0.0133906
0.152736
0.153653
0.104118
0.138396
0.0533794
0.0766778
0.125351
0.0436293
0.282517
0.0541818
0.199161
0.214908
0.208522
0.0827079
0.245782
0.0989904
0.0274426
0.113743
0.271905
0.0439449
0.112383
0.149688
0.06003
0.267323
0.342329
0.24806
0.373328
0.347697
0.125586
0.231383
0.212781
0.0980073
0.134392
0.376259
0.236973
0.088696
0.285278
0.255729
0.310626
0.127051
0.235546
0.0628507
0.0340356
0.286036
0.064269
0.123378
0.103279
0.0405766
0.361316
0.229837
0.188497
0.058416
0.158607
0.220946
0.19681
0.309771
0.351055
0.220482
0.129729
0.151757
0.183816
0.0313753
0.2071
0.103607
0.19353
0.147201
0.388601
0.149629
0.0415355
0.0373138
0.0572906
0.19808
0.167992
0.0938072
0.2505
